name,ppId,averageRating,reviewCount,currentMin,currentMax,originalMin,originalMax,priceType,preOrder,boostedPP,channelMessage,customerFavourite,mapPrice,originalPriceLabel,sephoraIn,showComparison,bulletedCopyAttrs,minSavePrice,maxSavePrice,currentPriceLabel,truckItemIn,ecoRebate,skuId,currencyCode,brand,skuSwatch,pdpUrl,availabilityStatus,bundleStatusBadge,subDivision,enableMiniPDP,fpacPriceMax,fpacPriceMin,fpacCoupon,bundleIndicator,appendSKUId,firstActivationDate,imagesInfo.thumbnailImageId,imagesInfo.altThumbnailImageId,upperLeftBadge,bottomBadges,product_url,date_scraped,search_term
"Sweet Home Collection™ Solid Color U Shaped Memory Foam 17"" x 16"" Chair Cushions",ppr5008442341,4.1935,93.0,42.99,153.99,62.0,220.0,SALE,False,False,available online only,False,False,original,False,True,"['# Pieces In Set: 2', 'Features: Universal Fit, Slip Resistant, Fade Resistant, Memory Foam, Wrinkle Resistant', 'Finishing Feature: Piping', 'Use: Indoor', 'Seat Cushion Measurements: 1.5 Depth/Inches, 16 Height/Inches, 17 Width/Inches']",0.0,0.0,SALE,False,False,70902850075,USD,sweet home collection,"[{'colorName': 'Light Gray', 'swatchImageId': 'DP0403202407220604S.tif', 'colorizedImageId': 'DP0403202409211406M.tif', 'colorSeqNum': 1, 'skuId': '70902850117', 'defaultSwatch': False, 'skuAltImages': [{'imgId': 'DP0403202409212639M.tif', 'colorSeq': 0}, {'imgId': 'DP0403202409212023M.tif', 'colorSeq': 1}, {'imgId': 'DP0403202409210790M.tif', 'colorSeq': 2}]}, {'colorName': 'Army Green', 'swatchImageId': 'DP0403202407215784S.tif', 'colorizedImageId': 'DP0403202409204219M.tif', 'colorSeqNum': 2, 'skuId': '70902850018', 'defaultSwatch': False, 'skuAltImages': [{'imgId': 'DP0403202409205248M.tif', 'colorSeq': 0}, {'imgId': 'DP0403202409204733M.tif', 'colorSeq': 1}, {'imgId': 'DP0403202409203705M.tif', 'colorSeq': 2}]}, {'colorName': 'Charcoal', 'swatchImageId': 'DP0403202407220297S.tif', 'colorizedImageId': 'DP0403202409211096M.tif', 'colorSeqNum': 3, 'skuId': '70902850026', 'defaultSwatch': False, 'skuAltImages': [{'imgId': 'DP0403202409212330M.tif', 'colorSeq': 0}, {'imgId': 'DP0403202409211713M.tif', 'colorSeq': 1}, {'imgId': 'DP0403202409210482M.tif', 'colorSeq': 2}]}, {'colorName': 'Denim', 'swatchImageId': 'DP0403202407220399S.tif', 'colorizedImageId': 'DP0403202409211200M.tif', 'colorSeqNum': 4, 'skuId': '70902850034', 'defaultSwatch': False, 'skuAltImages': [{'imgId': 'DP0403202409212434M.tif', 'colorSeq': 0}, {'imgId': 'DP0403202409211816M.tif', 'colorSeq': 1}, {'imgId': 'DP0403202409210585M.tif', 'colorSeq': 2}]}, {'colorName': 'Gray', 'swatchImageId': 'DP0403202409201649S.tif', 'colorizedImageId': 'DP0403202409201237M.tif', 'colorSeqNum': 5, 'skuId': '70902850042', 'defaultSwatch': False, 'skuAltImages': [{'imgId': 'DP0403202409202882M.tif', 'colorSeq': 0}, {'imgId': 'DP0403202409202266M.tif', 'colorSeq': 1}, {'imgId': 'DP0403202409200620M.tif', 'colorSeq': 2}]}, {'colorName': 'Khaki', 'swatchImageId': 'DP0403202407220502S.tif', 'colorizedImageId': 'DP0403202409211302M.tif', 'colorSeqNum': 6, 'skuId': '70902850059', 'defaultSwatch': False, 'skuAltImages': [{'imgId': 'DP0403202409212536M.tif', 'colorSeq': 0}, {'imgId': 'DP0403202409211919M.tif', 'colorSeq': 1}, {'imgId': 'DP0403202409210687M.tif', 'colorSeq': 2}]}, {'colorName': 'Peach', 'swatchImageId': 'DP0403202407220706S.tif', 'colorizedImageId': 'DP0403202409211507M.tif', 'colorSeqNum': 7, 'skuId': '70902850067', 'defaultSwatch': False, 'skuAltImages': [{'imgId': 'DP0403202409212742M.tif', 'colorSeq': 0}, {'imgId': 'DP0403202409212126M.tif', 'colorSeq': 1}, {'imgId': 'DP0403202409210892M.tif', 'colorSeq': 2}]}, {'colorName': 'Purple', 'swatchImageId': 'DP0327202407253846S.tif', 'colorizedImageId': 'DP0327202407253435M.tif', 'colorSeqNum': 8, 'skuId': '70902850075', 'defaultSwatch': False, 'skuAltImages': [{'imgId': 'DP0327202407254669M.tif', 'colorSeq': 0}, {'imgId': 'DP0327202407254256M.tif', 'colorSeq': 1}, {'imgId': 'DP0327202407253023M.tif', 'colorSeq': 2}]}, {'colorName': 'Scuba', 'swatchImageId': 'DP0327202407264949S.tif', 'colorizedImageId': 'DP0327202407264639M.tif', 'colorSeqNum': 9, 'skuId': '70902850083', 'defaultSwatch': False, 'skuAltImages': [{'imgId': 'DP0327202407265567M.tif', 'colorSeq': 0}, {'imgId': 'DP0327202407265258M.tif', 'colorSeq': 1}, {'imgId': 'DP0327202407264332M.tif', 'colorSeq': 2}]}, {'colorName': 'Turquoise', 'swatchImageId': 'DP0327202407265052S.tif', 'colorizedImageId': 'DP0327202407264743M.tif', 'colorSeqNum': 10, 'skuId': '70902850091', 'defaultSwatch': False, 'skuAltImages': [{'imgId': 'DP0327202407265670M.tif', 'colorSeq': 0}, {'imgId': 'DP0327202407265361M.tif', 'colorSeq': 1}, {'imgId': 'DP0327202407264434M.tif', 'colorSeq': 2}]}]",/p/sweet-home-collection-solid-color-u-shaped-memory-foam-17-x-16-chair-cushions/ppr5008442341?pTmplType=regular&searchTerm=patio+and+outdoor+furniture&geoZip=55057,"[{'message': 'Online Only', 'icon': 'mouse'}, {'message': 'Available for Shipping', 'icon': 'check'}]",False,709,True,107.79,30.09,YULETIDE,False,False,2024-04-09T17:02:11,DP0403202409211406M.tif,DP0403202409212639M.tif,,,https://www.jcpenney.com/p/sweet-home-collection-solid-color-u-shaped-memory-foam-17-x-16-chair-cushions/ppr5008442341?pTmplType=regular&searchTerm=patio+and+outdoor+furniture&geoZip=55057,20251225,patio and outdoor furniture
Safavieh Dren Collection 4-pc. Conversation Set Weather Resistant,ppr5008099338,1.75,4.0,1470.0,1470.0,1470.0,1470.0,ORIGINAL,False,False,available online only,False,False,original,False,True,"['# Pieces In Set: 4', 'Included: 3 Seat Cushion(s), 4 Throw Pillow(s), 1 Table(s)', 'Features: Weather Resistant, Quick Ship, Removable Cushions', 'Joinery: Screwed, Nailed', 'Seating Capacity: 4']",0.0,0.0,ORIGINAL,False,False,79111630026,USD,safavieh,"[{'colorName': 'Natural Beige', 'swatchImageId': 'DP0526202107015429S.tif', 'colorizedImageId': 'DP0525202113005667M.tif', 'colorSeqNum': 1, 'skuId': '79111630018', 'defaultSwatch': False, 'skuAltImages': [{'imgId': 'DP0324202115020707M.tif', 'colorSeq': 0}, {'imgId': 'DP0324202115020712M.tif', 'colorSeq': 1}, {'imgId': 'DP0525202113005687M.tif', 'colorSeq': 2}]}, {'colorName': 'Grey Beige', 'swatchImageId': 'DP0902202415050845S.tif', 'colorizedImageId': 'DP0902202415050540M.tif', 'colorSeqNum': 2, 'skuId': '79111630026', 'defaultSwatch': False, 'skuAltImages': [{'imgId': 'DP0902202415051152M.tif', 'colorSeq': 0}, {'imgId': 'DP0902202415050947M.tif', 'colorSeq': 1}, {'imgId': 'DP0902202415050641M.tif', 'colorSeq': 2}]}]",/p/safavieh-dren-collection-4-pc-conversation-set-weather-resistant/ppr5008099338?pTmplType=regular&searchTerm=patio+and+outdoor+furniture&geoZip=55057,"[{'message': 'Online Only', 'icon': 'mouse'}, {'message': 'Available for Shipping', 'icon': 'check'}]",False,791,True,1102.5,1102.5,RECLINER,False,False,2021-05-26T07:07:54,DP0525202113005667M.tif,DP0324202115020707M.tif,,,https://www.jcpenney.com/p/safavieh-dren-collection-4-pc-conversation-set-weather-resistant/ppr5008099338?pTmplType=regular&searchTerm=patio+and+outdoor+furniture&geoZip=55057,20251225,patio and outdoor furniture
Candel 3-pc. Conversation Set,ppr5008376355,,,1095.0,1095.0,1095.0,1095.0,ORIGINAL,False,False,available online only,False,False,original,False,True,"['# Pieces In Set: 3', 'Included: 2 Chair(s)', 'Features: 4 Legs', 'Manufacturer Warranty: 90 Days Limited', 'Seating Capacity: 2']",0.0,0.0,ORIGINAL,False,False,79127260018,USD,more brands,"[{'colorName': 'Teak Finish Cream', 'swatchImageId': 'DP0705202307210091S.tif', 'colorizedImageId': 'DP0705202307205678M.tif', 'colorSeqNum': 1, 'skuId': '79127260018', 'defaultSwatch': False, 'skuAltImages': [{'imgId': 'DP0705202307205781M.tif', 'colorSeq': 0}, {'imgId': 'DP0705202307205885M.tif', 'colorSeq': 1}, {'imgId': 'DP0705202307205575M.tif', 'colorSeq': 2}]}]",/p/candel-3-pc-conversation-set/ppr5008376355?pTmplType=regular&searchTerm=patio+and+outdoor+furniture&geoZip=55057,"[{'message': 'Online Only', 'icon': 'mouse'}, {'message': 'Available for Shipping', 'icon': 'check'}]",False,791,True,821.25,821.25,RECLINER,False,False,2023-07-10T07:08:28,DP0705202307205678M.tif,DP0705202307205781M.tif,,,https://www.jcpenney.com/p/candel-3-pc-conversation-set/ppr5008376355?pTmplType=regular&searchTerm=patio+and+outdoor+furniture&geoZip=55057,20251225,patio and outdoor furniture
"Sweet Home Collection™ Patio Cushions Indoor/Outdoor Reversible Chair Pads Tufted 19"" x 19""",ppr5008442359,3.9231,13.0,58.99,276.99,85.0,397.0,SALE,False,False,available online only,False,False,original,False,True,"['# Pieces In Set: 2', 'Features: Reversible, Universal Fit, Wrinkle Resistant, Tufted', 'Finishing Feature: Knife-Edge', 'Use: Indoor', 'Seat Cushion Measurements: 19 Height/Inches, 19 Width/Inches, 5 Depth/Inches']",0.0,0.0,SALE,False,False,70903260075,USD,sweet home collection,"[{'colorName': 'Navy', 'swatchImageId': 'DP0403202407282873S.tif', 'colorizedImageId': 'DP0403202407281536M.tif', 'colorSeqNum': 1, 'skuId': '70903260075', 'defaultSwatch': False, 'skuAltImages': [{'imgId': 'DP0403202407284211M.tif', 'colorSeq': 0}, {'imgId': 'DP0403202407280196M.tif', 'colorSeq': 1}, {'imgId': 'DP0403202407274856M.tif', 'colorSeq': 2}]}, {'colorName': 'Black', 'swatchImageId': 'DP0403202407282257S.tif', 'colorizedImageId': 'DP0403202407280917M.tif', 'colorSeqNum': 2, 'skuId': '70903260018', 'defaultSwatch': False, 'skuAltImages': [{'imgId': 'DP0403202407283595M.tif', 'colorSeq': 0}, {'imgId': 'DP0403202407275578M.tif', 'colorSeq': 1}, {'imgId': 'DP0403202407274242M.tif', 'colorSeq': 2}]}, {'colorName': 'Blue', 'swatchImageId': 'DP0403202407282359S.tif', 'colorizedImageId': 'DP0403202407281020M.tif', 'colorSeqNum': 3, 'skuId': '70903260026', 'defaultSwatch': False, 'skuAltImages': [{'imgId': 'DP0403202407283698M.tif', 'colorSeq': 0}, {'imgId': 'DP0403202407275681M.tif', 'colorSeq': 1}, {'imgId': 'DP0403202407274345M.tif', 'colorSeq': 2}]}, {'colorName': 'Charcoal', 'swatchImageId': 'DP0403202407282565S.tif', 'colorizedImageId': 'DP0403202407281226M.tif', 'colorSeqNum': 4, 'skuId': '70903260034', 'defaultSwatch': False, 'skuAltImages': [{'imgId': 'DP0403202407283802M.tif', 'colorSeq': 0}, {'imgId': 'DP0403202407275784M.tif', 'colorSeq': 1}, {'imgId': 'DP0403202407274447M.tif', 'colorSeq': 2}]}, {'colorName': 'Chocolate', 'swatchImageId': 'DP0403202403013366S.tif', 'colorizedImageId': 'DP0403202403022719M.tif', 'colorSeqNum': 5, 'skuId': '70903260042', 'defaultSwatch': False, 'skuAltImages': [{'imgId': 'DP0403202407283905M.tif', 'colorSeq': 0}, {'imgId': 'DP0403202407275887M.tif', 'colorSeq': 1}, {'imgId': 'DP0403202407274550M.tif', 'colorSeq': 2}]}, {'colorName': 'Cream', 'swatchImageId': 'DP0403202407271964S.tif', 'colorizedImageId': 'DP0403202407270622M.tif', 'colorSeqNum': 6, 'skuId': '70903260059', 'defaultSwatch': False, 'skuAltImages': [{'imgId': 'DP0403202407273302M.tif', 'colorSeq': 0}, {'imgId': 'DP0403202407265284M.tif', 'colorSeq': 1}, {'imgId': 'DP0403202407263939M.tif', 'colorSeq': 2}]}, {'colorName': 'Light Blue', 'swatchImageId': 'DP0403202407282771S.tif', 'colorizedImageId': 'DP0403202407281432M.tif', 'colorSeqNum': 7, 'skuId': '70903260067', 'defaultSwatch': False, 'skuAltImages': [{'imgId': 'DP0403202407284110M.tif', 'colorSeq': 0}, {'imgId': 'DP0403202407280093M.tif', 'colorSeq': 1}, {'imgId': 'DP0403202407274755M.tif', 'colorSeq': 2}]}, {'colorName': 'Red', 'swatchImageId': 'DP0403202407282977S.tif', 'colorizedImageId': 'DP0403202407281639M.tif', 'colorSeqNum': 8, 'skuId': '70903260083', 'defaultSwatch': False, 'skuAltImages': [{'imgId': 'DP0403202407284315M.tif', 'colorSeq': 0}, {'imgId': 'DP0403202407280299M.tif', 'colorSeq': 1}, {'imgId': 'DP0403202407274960M.tif', 'colorSeq': 2}]}, {'colorName': 'Silver', 'swatchImageId': 'DP0403202403045136S.tif', 'colorizedImageId': 'DP0403202407281742M.tif', 'colorSeqNum': 9, 'skuId': '70903260091', 'defaultSwatch': False, 'skuAltImages': [{'imgId': 'DP0403202407284418M.tif', 'colorSeq': 0}, {'imgId': 'DP0403202407280402M.tif', 'colorSeq': 1}, {'imgId': 'DP0403202407275063M.tif', 'colorSeq': 2}]}, {'colorName': 'Taupe', 'swatchImageId': 'DP0403202407272479S.tif', 'colorizedImageId': 'DP0403202407271140M.tif', 'colorSeqNum': 10, 'skuId': '70903260109', 'defaultSwatch': False, 'skuAltImages': [{'imgId': 'DP0403202407273820M.tif', 'colorSeq': 0}, {'imgId': 'DP0403202407265799M.tif', 'colorSeq': 1}, {'imgId': 'DP0403202407264455M.tif', 'colorSeq': 2}]}, {'colorName': 'Teal', 'swatchImageId': 'DP0403202407283286S.tif', 'colorizedImageId': 'DP0403202407281948M.tif', 'colorSeqNum': 11, 'skuId': '70903260117', 'defaultSwatch': False, 'skuAltImages': [{'imgId': 'DP0403202407284623M.tif', 'colorSeq': 0}, {'imgId': 'DP0403202407280607M.tif', 'colorSeq': 1}, {'imgId': 'DP0403202407275269M.tif', 'colorSeq': 2}]}, {'colorName': 'White', 'swatchImageId': 'DP0403202407283389S.tif', 'colorizedImageId': 'DP0403202407282051M.tif', 'colorSeqNum': 12, 'skuId': '70903260125', 'defaultSwatch': False, 'skuAltImages': [{'imgId': 'DP0403202407284726M.tif', 'colorSeq': 0}, {'imgId': 'DP0403202407280710M.tif', 'colorSeq': 1}, {'imgId': 'DP0403202407275372M.tif', 'colorSeq': 2}]}, {'colorName': 'Yellow', 'swatchImageId': 'DP0403202407283492S.tif', 'colorizedImageId': 'DP0403202407282154M.tif', 'colorSeqNum': 13, 'skuId': '70903260133', 'defaultSwatch': False, 'skuAltImages': [{'imgId': 'DP0403202407284829M.tif', 'colorSeq': 0}, {'imgId': 'DP0403202407280814M.tif', 'colorSeq': 1}, {'imgId': 'DP0403202407275475M.tif', 'colorSeq': 2}]}]",/p/sweet-home-collection-patio-cushions-indoor-outdoor-reversible-chair-pads-tufted-19-x-19/ppr5008442359?pTmplType=regular&searchTerm=patio+and+outdoor+furniture&geoZip=55057,"[{'message': 'Online Only', 'icon': 'mouse'}, {'message': 'Available for Shipping', 'icon': 'check'}]",False,709,True,193.89,41.29,YULETIDE,False,False,2024-04-09T17:02:17,DP0403202407281536M.tif,DP0403202407284211M.tif,,,https://www.jcpenney.com/p/sweet-home-collection-patio-cushions-indoor-outdoor-reversible-chair-pads-tufted-19-x-19/ppr5008442359?pTmplType=regular&searchTerm=patio+and+outdoor+furniture&geoZip=55057,20251225,patio and outdoor furniture
Grenada 9-pc. Conversation Set,ppr5008376362,,,3970.0,3970.0,3970.0,3970.0,ORIGINAL,False,False,available online only,False,False,original,False,True,"['# Pieces In Set: 9', 'Included: 1 Loveseat(s), 1 Ottoman(s), 2 Coffee Table, 5 Chair(s)', 'Features: Water Resistant, Quick Ship, 4 Legs, Upholstered', 'Manufacturer Warranty: 90 Days Limited', 'Seating Capacity: 6']",0.0,0.0,ORIGINAL,False,False,79127320018,USD,more brands,"[{'colorName': 'Gray Dark Gray', 'swatchImageId': 'DP0705202307215971S.tif', 'colorizedImageId': 'DP0705202307215559M.tif', 'colorSeqNum': 1, 'skuId': '79127320018', 'defaultSwatch': False, 'skuAltImages': [{'imgId': 'DP0705202307215662M.tif', 'colorSeq': 0}, {'imgId': 'DP0705202307215765M.tif', 'colorSeq': 1}, {'imgId': 'DP0705202307215455M.tif', 'colorSeq': 2}]}]",/p/grenada-9-pc-conversation-set/ppr5008376362?pTmplType=regular&searchTerm=patio+and+outdoor+furniture&geoZip=55057,"[{'message': 'Online Only', 'icon': 'mouse'}, {'message': 'Available for Shipping', 'icon': 'check'}]",False,791,True,2977.5,2977.5,RECLINER,False,False,2023-07-10T07:08:28,DP0705202307215559M.tif,DP0705202307215662M.tif,,,https://www.jcpenney.com/p/grenada-9-pc-conversation-set/ppr5008376362?pTmplType=regular&searchTerm=patio+and+outdoor+furniture&geoZip=55057,20251225,patio and outdoor furniture
"Sweet Home Collection™ Honeycomb Memory Foam Non-Slip 16"" x 16"" Chair Cushion Pad with Ties",ppr5008442356,4.8,20.0,42.99,192.99,62.0,277.0,SALE,False,False,available online only,False,False,original,False,True,"['# Pieces In Set: 2', 'Features: Universal Fit, Slip Resistant, Wrinkle Resistant, Fade Resistant, Memory Foam', 'Chair Fastening: String Ties', 'Finishing Feature: Piping', 'Use: Indoor']",0.0,0.0,SALE,False,False,70903160042,USD,sweet home collection,"[{'colorName': 'Black', 'swatchImageId': 'DP0401202407073458S.tif', 'colorizedImageId': 'DP0401202407073354M.tif', 'colorSeqNum': 1, 'skuId': '70903160018', 'defaultSwatch': False, 'skuAltImages': [{'imgId': 'DP0401202407073766M.tif', 'colorSeq': 0}, {'imgId': 'DP0401202407073663M.tif', 'colorSeq': 1}, {'imgId': 'DP0401202407073251M.tif', 'colorSeq': 2}]}, {'colorName': 'Charcoal', 'swatchImageId': 'DP0401202407071294S.tif', 'colorizedImageId': 'DP0401202407070679M.tif', 'colorSeqNum': 2, 'skuId': '70903160026', 'defaultSwatch': False, 'skuAltImages': [{'imgId': 'DP0401202407072633M.tif', 'colorSeq': 0}, {'imgId': 'DP0401202407072015M.tif', 'colorSeq': 1}, {'imgId': 'DP0401202407070063M.tif', 'colorSeq': 2}]}, {'colorName': 'Linen', 'swatchImageId': 'DP0401202407071398S.tif', 'colorizedImageId': 'DP0401202407070782M.tif', 'colorSeqNum': 3, 'skuId': '70903160034', 'defaultSwatch': False, 'skuAltImages': [{'imgId': 'DP0401202407072736M.tif', 'colorSeq': 0}, {'imgId': 'DP0401202407072118M.tif', 'colorSeq': 1}, {'imgId': 'DP0401202407070166M.tif', 'colorSeq': 2}]}, {'colorName': 'Red', 'swatchImageId': 'DP0401202407060615S.tif', 'colorizedImageId': 'DP0401202407055998M.tif', 'colorSeqNum': 4, 'skuId': '70903160042', 'defaultSwatch': False, 'skuAltImages': [{'imgId': 'DP0401202407061949M.tif', 'colorSeq': 0}, {'imgId': 'DP0401202407061333M.tif', 'colorSeq': 1}, {'imgId': 'DP0401202407055379M.tif', 'colorSeq': 2}]}, {'colorName': 'Wine', 'swatchImageId': 'DP0403202407223899S.tif', 'colorizedImageId': 'DP0403202407223693M.tif', 'colorSeqNum': 7, 'skuId': '70903160075', 'defaultSwatch': False, 'skuAltImages': [{'imgId': 'DP0403202407224311M.tif', 'colorSeq': 0}, {'imgId': 'DP0403202407224105M.tif', 'colorSeq': 1}, {'imgId': 'DP0403202407223487M.tif', 'colorSeq': 2}]}, {'colorName': 'Yellow', 'swatchImageId': 'DP0403202402592086S.tif', 'colorizedImageId': 'DP0403202407223077M.tif', 'colorSeqNum': 8, 'skuId': '70903160083', 'defaultSwatch': False, 'skuAltImages': [{'imgId': 'DP0403202407223180M.tif', 'colorSeq': 0}, {'imgId': 'DP0403202407222970M.tif', 'colorSeq': 1}, {'imgId': 'DP0403202407222867M.tif', 'colorSeq': 2}]}]",/p/sweet-home-collection-honeycomb-memory-foam-non-slip-16-x-16-chair-cushion-pad-with-ties/ppr5008442356?pTmplType=regular&searchTerm=patio+and+outdoor+furniture&geoZip=55057,"[{'message': 'Online Only', 'icon': 'mouse'}, {'message': 'Available for Shipping', 'icon': 'check'}]",False,709,True,135.09,30.09,YULETIDE,False,False,2024-04-09T17:02:17,DP0401202407073354M.tif,DP0401202407073766M.tif,,,https://www.jcpenney.com/p/sweet-home-collection-honeycomb-memory-foam-non-slip-16-x-16-chair-cushion-pad-with-ties/ppr5008442356?pTmplType=regular&searchTerm=patio+and+outdoor+furniture&geoZip=55057,20251225,patio and outdoor furniture
"Sweet Home Collection™ Houndstooth Stitch U Shaped Memory Foam 17"" x 16"" Chair Cushions",ppr5008442344,4.68,75.0,31.99,101.99,47.0,147.0,SALE,False,False,available online only,False,False,original,False,True,"['# Pieces In Set: 2', 'Features: Fade Resistant, Memory Foam, Universal Fit, Slip Resistant, Wrinkle Resistant', 'Finishing Feature: Piping', 'Use: Indoor', 'Seat Cushion Measurements: 17 Width/Inches, 16 Height/Inches, 1.5 Depth/Inches']",0.0,0.0,SALE,False,False,70902890034,USD,sweet home collection,"[{'colorName': 'Navy Blue', 'swatchImageId': 'DP0327202409055607S.tif', 'colorizedImageId': 'DP0327202409055196M.tif', 'colorSeqNum': 3, 'skuId': '70902890034', 'defaultSwatch': False, 'skuAltImages': [{'imgId': 'DP0327202409061455M.tif', 'colorSeq': 0}, {'imgId': 'DP0327202409061148M.tif', 'colorSeq': 1}, {'imgId': 'DP0327202409060738M.tif', 'colorSeq': 2}]}, {'colorName': 'Pistachio', 'swatchImageId': 'DP0327202409052828S.tif', 'colorizedImageId': 'DP0327202409052418M.tif', 'colorSeqNum': 4, 'skuId': '70902890042', 'defaultSwatch': False, 'skuAltImages': [{'imgId': 'DP0327202409054372M.tif', 'colorSeq': 0}, {'imgId': 'DP0327202409053961M.tif', 'colorSeq': 1}, {'imgId': 'DP0327202409053549M.tif', 'colorSeq': 2}]}]",/p/sweet-home-collection-houndstooth-stitch-u-shaped-memory-foam-17-x-16-chair-cushions/ppr5008442344?pTmplType=regular&searchTerm=patio+and+outdoor+furniture&geoZip=55057&selectedSKUId=70902890034,"[{'message': 'Online Only', 'icon': 'mouse'}, {'message': 'Available for Shipping', 'icon': 'check'}]",False,709,True,71.39,22.39,YULETIDE,False,True,2024-04-09T17:02:14,DP0327202409055196M.tif,DP0327202409061455M.tif,"[{'name': 'Few Left', 'priority': 1, 'urlParam': 'fewleft'}]",,https://www.jcpenney.com/p/sweet-home-collection-houndstooth-stitch-u-shaped-memory-foam-17-x-16-chair-cushions/ppr5008442344?pTmplType=regular&searchTerm=patio+and+outdoor+furniture&geoZip=55057&selectedSKUId=70902890034,20251225,patio and outdoor furniture
Sweet Home Collection™ Aria Memory Foam Non-Slip Chair Cushion with Ties,ppr5008442353,4.0,3.0,42.99,192.99,62.0,277.0,SALE,False,False,available online only,False,False,original,False,True,"['# Pieces In Set: 2', 'Features: Fade Resistant, Universal Fit, Wrinkle Resistant, Memory Foam, Slip Resistant', 'Chair Fastening: String Ties', 'Finishing Feature: Piping', 'Use: Indoor']",0.0,0.0,SALE,False,False,70903050026,USD,sweet home collection,"[{'colorName': 'Blue Black', 'swatchImageId': 'DP0328202407205438S.tif', 'colorizedImageId': 'DP0328202407204615M.tif', 'colorSeqNum': 1, 'skuId': '70903050034', 'defaultSwatch': False, 'skuAltImages': [{'imgId': 'DP0328202407211602M.tif', 'colorSeq': 0}, {'imgId': 'DP0328202407210777M.tif', 'colorSeq': 1}, {'imgId': 'DP0328202407203791M.tif', 'colorSeq': 2}]}, {'colorName': 'Beige', 'swatchImageId': 'DP0328202407213349S.tif', 'colorizedImageId': 'DP0328202407212938M.tif', 'colorSeqNum': 2, 'skuId': '70903050018', 'defaultSwatch': False, 'skuAltImages': [{'imgId': 'DP0328202407214482M.tif', 'colorSeq': 0}, {'imgId': 'DP0328202407214071M.tif', 'colorSeq': 1}, {'imgId': 'DP0328202407212526M.tif', 'colorSeq': 2}]}, {'colorName': 'Blue', 'swatchImageId': 'DP0328202407191049S.tif', 'colorizedImageId': 'DP0328202407190226M.tif', 'colorSeqNum': 3, 'skuId': '70903050026', 'defaultSwatch': False, 'skuAltImages': [{'imgId': 'DP0328202407193208M.tif', 'colorSeq': 0}, {'imgId': 'DP0328202407192386M.tif', 'colorSeq': 1}, {'imgId': 'DP0328202407185403M.tif', 'colorSeq': 2}]}, {'colorName': 'Dark Brown', 'swatchImageId': 'DP0328202407205747S.tif', 'colorizedImageId': 'DP0328202407204923M.tif', 'colorSeqNum': 5, 'skuId': '70903050059', 'defaultSwatch': False, 'skuAltImages': [{'imgId': 'DP0328202407211910M.tif', 'colorSeq': 0}, {'imgId': 'DP0328202407211086M.tif', 'colorSeq': 1}, {'imgId': 'DP0328202407204100M.tif', 'colorSeq': 2}]}, {'colorName': 'Burgundy', 'swatchImageId': 'DP0328202407213556S.tif', 'colorizedImageId': 'DP0328202407213143M.tif', 'colorSeqNum': 6, 'skuId': '70903050067', 'defaultSwatch': False, 'skuAltImages': [{'imgId': 'DP0328202407214687M.tif', 'colorSeq': 0}, {'imgId': 'DP0328202407214275M.tif', 'colorSeq': 1}, {'imgId': 'DP0328202407212731M.tif', 'colorSeq': 2}]}, {'colorName': 'Grey Black', 'swatchImageId': 'DP0404202409062679S.tif', 'colorizedImageId': 'DP0404202409062576M.tif', 'colorSeqNum': 7, 'skuId': '70903050075', 'defaultSwatch': False, 'skuAltImages': [{'imgId': 'DP0404202409062884M.tif', 'colorSeq': 0}, {'imgId': 'DP0404202409062782M.tif', 'colorSeq': 1}, {'imgId': 'DP0404202409062474M.tif', 'colorSeq': 2}]}, {'colorName': 'Grey', 'swatchImageId': 'DP0403202407221529S.tif', 'colorizedImageId': 'DP0403202407221426M.tif', 'colorSeqNum': 8, 'skuId': '70903050083', 'defaultSwatch': False, 'skuAltImages': [{'imgId': 'DP0403202407221735M.tif', 'colorSeq': 0}, {'imgId': 'DP0403202407221632M.tif', 'colorSeq': 1}, {'imgId': 'DP0403202407221323M.tif', 'colorSeq': 2}]}, {'colorName': 'Silver Blue', 'swatchImageId': 'DP0401202407024963S.tif', 'colorizedImageId': 'DP0401202407024758M.tif', 'colorSeqNum': 9, 'skuId': '70903050091', 'defaultSwatch': False, 'skuAltImages': [{'imgId': 'DP0401202407025373M.tif', 'colorSeq': 0}, {'imgId': 'DP0401202407025168M.tif', 'colorSeq': 1}, {'imgId': 'DP0401202407024553M.tif', 'colorSeq': 2}]}, {'colorName': 'Gray Black', 'swatchImageId': 'DP0328202407213659S.tif', 'colorizedImageId': 'DP0328202407213246M.tif', 'colorSeqNum': 11, 'skuId': '70903060075', 'defaultSwatch': False, 'skuAltImages': [{'imgId': 'DP0328202407214790M.tif', 'colorSeq': 0}, {'imgId': 'DP0328202407214378M.tif', 'colorSeq': 1}, {'imgId': 'DP0328202407212835M.tif', 'colorSeq': 2}]}]",/p/sweet-home-collection-aria-memory-foam-non-slip-chair-cushion-with-ties/ppr5008442353?pTmplType=regular&searchTerm=patio+and+outdoor+furniture&geoZip=55057,"[{'message': 'Online Only', 'icon': 'mouse'}, {'message': 'Available for Shipping', 'icon': 'check'}]",False,709,True,135.09,30.09,YULETIDE,False,False,2024-04-09T17:02:12,DP0328202407204615M.tif,DP0328202407211602M.tif,,,https://www.jcpenney.com/p/sweet-home-collection-aria-memory-foam-non-slip-chair-cushion-with-ties/ppr5008442353?pTmplType=regular&searchTerm=patio+and+outdoor+furniture&geoZip=55057,20251225,patio and outdoor furniture
Sweet Home Collection™ Fluffy Memory Foam Tufted Chair Cushion Non Slip Rubber Back,ppr5008442333,4.413,46.0,120.99,120.99,174.0,174.0,SALE,False,False,available online only,False,False,original,False,True,"['# Pieces In Set: 6', 'Features: Memory Foam, Slip Resistant, Wrinkle Resistant, Universal Fit, Fade Resistant', 'Finishing Feature: Knife-Edge', 'Use: Indoor', 'Seat Cushion Measurements: 3.25 Depth/Inches, 16 Width/Inches, 16 Height/Inches']",0.0,0.0,SALE,False,False,70902750018,USD,sweet home collection,"[{'colorName': 'Burgundy', 'swatchImageId': 'DP0403202407192560S.tif', 'colorizedImageId': 'DP0403202407192251M.tif', 'colorSeqNum': 1, 'skuId': '70902750018', 'defaultSwatch': False, 'skuAltImages': [{'imgId': 'DP0403202407192972M.tif', 'colorSeq': 0}, {'imgId': 'DP0403202407191944M.tif', 'colorSeq': 1}, {'imgId': 'DP0403202407191739M.tif', 'colorSeq': 2}]}]",/p/sweet-home-collection-fluffy-memory-foam-tufted-chair-cushion-non-slip-rubber-back/ppr5008442333?pTmplType=regular&searchTerm=patio+and+outdoor+furniture&geoZip=55057,"[{'message': 'Online Only', 'icon': 'mouse'}, {'message': 'Available for Shipping', 'icon': 'check'}]",False,709,True,84.69,84.69,YULETIDE,False,False,2024-04-09T17:02:14,DP0403202407192251M.tif,DP0403202407192972M.tif,"[{'name': 'Few Left', 'priority': 1, 'urlParam': 'fewleft'}]",,https://www.jcpenney.com/p/sweet-home-collection-fluffy-memory-foam-tufted-chair-cushion-non-slip-rubber-back/ppr5008442333?pTmplType=regular&searchTerm=patio+and+outdoor+furniture&geoZip=55057,20251225,patio and outdoor furniture
Sweet Home Collection™ U-Shape High Density Memory Foam Chair Pads with Ties,ppr5008442334,4.2,5.0,45.99,314.99,66.0,450.0,SALE,False,False,available online only,False,False,original,False,True,"['# Pieces In Set: 2', 'Features: Universal Fit, Memory Foam, Fade Resistant, Wrinkle Resistant, Slip Resistant', 'Chair Fastening: String Ties', 'Finishing Feature: Piping', 'Use: Indoor']",0.0,0.0,SALE,False,False,70902770034,USD,sweet home collection,"[{'colorName': 'Black', 'swatchImageId': 'DP0403202407212800S.tif', 'colorizedImageId': 'DP0403202409174312M.tif', 'colorSeqNum': 1, 'skuId': '70902770018', 'defaultSwatch': False, 'skuAltImages': [{'imgId': 'DP0403202409180781M.tif', 'colorSeq': 0}, {'imgId': 'DP0403202409180165M.tif', 'colorSeq': 1}, {'imgId': 'DP0403202409175547M.tif', 'colorSeq': 2}]}, {'colorName': 'Navy Blue', 'swatchImageId': 'DP0403202407213108S.tif', 'colorizedImageId': 'DP0403202409174621M.tif', 'colorSeqNum': 3, 'skuId': '70902770034', 'defaultSwatch': False, 'skuAltImages': [{'imgId': 'DP0403202409180473M.tif', 'colorSeq': 0}, {'imgId': 'DP0403202409175856M.tif', 'colorSeq': 1}, {'imgId': 'DP0403202409174002M.tif', 'colorSeq': 2}]}, {'colorName': 'Gray', 'swatchImageId': 'DP0403202407213005S.tif', 'colorizedImageId': 'DP0403202409174518M.tif', 'colorSeqNum': 6, 'skuId': '70902770067', 'defaultSwatch': False, 'skuAltImages': [{'imgId': 'DP0403202409180371M.tif', 'colorSeq': 0}, {'imgId': 'DP0403202409175753M.tif', 'colorSeq': 1}, {'imgId': 'DP0403202409173899M.tif', 'colorSeq': 2}]}]",/p/sweet-home-collection-u-shape-high-density-memory-foam-chair-pads-with-ties/ppr5008442334?pTmplType=regular&searchTerm=patio+and+outdoor+furniture&geoZip=55057,"[{'message': 'Online Only', 'icon': 'mouse'}, {'message': 'Available for Shipping', 'icon': 'check'}]",False,709,True,220.49,32.19,YULETIDE,False,False,2024-04-09T17:02:12,DP0403202409174312M.tif,DP0403202409180781M.tif,,,https://www.jcpenney.com/p/sweet-home-collection-u-shape-high-density-memory-foam-chair-pads-with-ties/ppr5008442334?pTmplType=regular&searchTerm=patio+and+outdoor+furniture&geoZip=55057,20251225,patio and outdoor furniture
Marina 3-pc. Patio Dining Set,ppr5008099353,,,2040.0,2040.0,2040.0,2040.0,ORIGINAL,False,False,available online only,False,False,original,False,True,"['# Pieces In Set: 3', 'Included: 1 Table(s), 2 Bench(es)', 'Features: Weather Resistant, Quick Ship', 'Joinery: Nailed, Screwed, Glued', 'Seating Capacity: 4']",0.0,0.0,ORIGINAL,False,False,79111750018,USD,safavieh,"[{'colorName': 'Grey Wash', 'swatchImageId': 'DP0324202115021170S.tif', 'colorizedImageId': 'DP0324202115021179M.tif', 'colorSeqNum': 1, 'skuId': '79111750018', 'defaultSwatch': False, 'skuAltImages': [{'imgId': 'DP0324202115021165M.tif', 'colorSeq': 0}, {'imgId': 'DP0324202115021189M.tif', 'colorSeq': 1}, {'imgId': 'DP0324202115021184M.tif', 'colorSeq': 2}]}, {'colorName': 'Lt Grey', 'swatchImageId': 'DP0404202207062548S.tif', 'colorizedImageId': 'DP0404202207062534M.tif', 'colorSeqNum': 2, 'skuId': '79111750026', 'defaultSwatch': False, 'skuAltImages': [{'imgId': 'DP0404202207062538M.tif', 'colorSeq': 0}, {'imgId': 'DP0404202207062543M.tif', 'colorSeq': 1}, {'imgId': 'DP0404202207062526M.tif', 'colorSeq': 2}]}]",/p/marina-3-pc-patio-dining-set/ppr5008099353?pTmplType=regular&searchTerm=patio+and+outdoor+furniture&geoZip=55057,"[{'message': 'Online Only', 'icon': 'mouse'}, {'message': 'Available for Shipping', 'icon': 'check'}]",False,791,True,1530.0,1530.0,RECLINER,False,False,2021-03-26T15:04:17,DP0324202115021179M.tif,DP0324202115021165M.tif,,,https://www.jcpenney.com/p/marina-3-pc-patio-dining-set/ppr5008099353?pTmplType=regular&searchTerm=patio+and+outdoor+furniture&geoZip=55057,20251225,patio and outdoor furniture
Manila 3-pc. Rectangular Dining Set,ppr5008305604,,,1840.0,1840.0,1840.0,1840.0,ORIGINAL,False,False,available online only,False,False,original,False,True,"['# Pieces In Set: 3', 'Included: 1 Table(s), 2 Bench(es)', 'Features: Backless', 'Manufacturer Warranty: 90 Days Limited', 'Seating Capacity: 6']",0.0,0.0,ORIGINAL,False,False,79120970018,USD,more brands,"[{'colorName': 'Dark Brown', 'swatchImageId': 'DP1107202211421740S.tif', 'colorizedImageId': 'DP1107202211421431M.tif', 'colorSeqNum': 1, 'skuId': '79120970018', 'defaultSwatch': False, 'skuAltImages': [{'imgId': 'DP1107202211421534M.tif', 'colorSeq': 0}, {'imgId': 'DP1107202211421637M.tif', 'colorSeq': 1}, {'imgId': 'DP1107202211421946M.tif', 'colorSeq': 2}]}]",/p/manila-3-pc-rectangular-dining-set/ppr5008305604?pTmplType=regular&searchTerm=patio+and+outdoor+furniture&geoZip=55057,"[{'message': 'Online Only', 'icon': 'mouse'}, {'message': 'Available for Shipping', 'icon': 'check'}]",False,791,True,1380.0,1380.0,RECLINER,False,False,2022-11-08T07:10:45,DP1107202211421431M.tif,DP1107202211421534M.tif,,,https://www.jcpenney.com/p/manila-3-pc-rectangular-dining-set/ppr5008305604?pTmplType=regular&searchTerm=patio+and+outdoor+furniture&geoZip=55057,20251225,patio and outdoor furniture
Lombok 7-pc. Rectangular Dining Set,ppr5008367061,1.0,1.0,4200.0,4200.0,4200.0,4200.0,ORIGINAL,False,False,available online only,False,False,original,False,True,"['# Pieces In Set: 7', 'Included: 1 Table(s), 6 Seat Cushion(s), 6 Chair(s)', 'Features: Quick Ship, Easy Clean, Easy Care, Umbrella Hole, 4 Legs', 'Manufacturer Warranty: 90 Days Limited', 'Seating Capacity: 6']",0.0,0.0,ORIGINAL,False,False,79125330018,USD,more brands,"[{'colorName': 'Dark Gray Silver', 'swatchImageId': 'DP1023202515125758S.tif', 'colorizedImageId': 'DP1023202515125655M.tif', 'colorSeqNum': 1, 'skuId': '79125330018', 'defaultSwatch': False, 'skuAltImages': [{'imgId': 'DP1023202515130177M.tif', 'colorSeq': 0}, {'imgId': 'DP1023202515130072M.tif', 'colorSeq': 1}, {'imgId': 'DP1023202515125863M.tif', 'colorSeq': 2}]}]",/p/lombok-7-pc-rectangular-dining-set/ppr5008367061?pTmplType=regular&searchTerm=patio+and+outdoor+furniture&geoZip=55057,"[{'message': 'Online Only', 'icon': 'mouse'}, {'message': 'Available for Shipping', 'icon': 'check'}]",False,791,True,3150.0,3150.0,RECLINER,False,False,2025-10-23T22:05:41,DP1023202515125655M.tif,DP1023202515130177M.tif,"[{'name': 'NEW', 'priority': 1, 'urlParam': 'new'}]",,https://www.jcpenney.com/p/lombok-7-pc-rectangular-dining-set/ppr5008367061?pTmplType=regular&searchTerm=patio+and+outdoor+furniture&geoZip=55057,20251225,patio and outdoor furniture
Branson Metal Side Table,ppr5008483502,,,79.0,79.0,79.0,79.0,ORIGINAL,False,False,available online only,False,False,original,False,True,"['Included: 1 Table(s)', 'Features: Outdoor, Quick Ship', 'Manufacturer Warranty: 30 Days', 'Shape: Round', 'Maximum Weight Limit: 30 Lbs']",0.0,0.0,ORIGINAL,False,False,79104230018,USD,more brands,"[{'colorName': 'Blue', 'swatchImageId': 'DP0927202413141310S.tif', 'colorizedImageId': 'DP0927202413141107M.tif', 'colorSeqNum': 1, 'skuId': '79104230018', 'defaultSwatch': False, 'skuAltImages': [{'imgId': 'DP0927202413141209M.tif', 'colorSeq': 0}, {'imgId': 'DP0927202413141513M.tif', 'colorSeq': 1}, {'imgId': 'DP0927202413141005M.tif', 'colorSeq': 2}]}]",/p/branson-metal-side-table/ppr5008483502?pTmplType=regular&searchTerm=patio+and+outdoor+furniture&geoZip=55057,"[{'message': 'Online Only', 'icon': 'mouse'}, {'message': 'Available for Shipping', 'icon': 'check'}]",False,791,True,71.1,71.1,GIFTWRAP,False,False,2025-01-14T09:04:48,DP0927202413141107M.tif,DP0927202413141209M.tif,,,https://www.jcpenney.com/p/branson-metal-side-table/ppr5008483502?pTmplType=regular&searchTerm=patio+and+outdoor+furniture&geoZip=55057,20251225,patio and outdoor furniture
"Sweet Home Collection™ U-Shape Faux Leather No Slip Memory Foam Chair Cushion 16"" x 17""",ppr5008442336,3.6667,6.0,42.99,144.99,62.0,208.0,SALE,False,False,available online only,False,False,original,False,True,"['# Pieces In Set: 2', 'Features: Fade Resistant, Wrinkle Resistant, Universal Fit, Memory Foam, Slip Resistant', 'Finishing Feature: Piping', 'Use: Indoor', 'Seat Cushion Measurements: 16 Width/Inches, 1.5 Depth/Inches, 17 Height/Inches']",0.0,0.0,SALE,False,False,70902810042,USD,sweet home collection,"[{'colorName': 'Black', 'swatchImageId': 'DP0403202407214652S.tif', 'colorizedImageId': 'DP0403202409191481M.tif', 'colorSeqNum': 1, 'skuId': '70902810018', 'defaultSwatch': False, 'skuAltImages': [{'imgId': 'DP0403202409191891M.tif', 'colorSeq': 0}, {'imgId': 'DP0403202409191686M.tif', 'colorSeq': 1}, {'imgId': 'DP0403202409191274M.tif', 'colorSeq': 2}]}, {'colorName': 'Brown', 'swatchImageId': 'DP0403202407213932S.tif', 'colorizedImageId': 'DP0403202409183866M.tif', 'colorSeqNum': 2, 'skuId': '70902810026', 'defaultSwatch': False, 'skuAltImages': [{'imgId': 'DP0403202409184689M.tif', 'colorSeq': 0}, {'imgId': 'DP0403202409184278M.tif', 'colorSeq': 1}, {'imgId': 'DP0403202409183454M.tif', 'colorSeq': 2}]}, {'colorName': 'Burgundy', 'swatchImageId': 'DP0403202407214756S.tif', 'colorizedImageId': 'DP0403202409191584M.tif', 'colorSeqNum': 3, 'skuId': '70902810034', 'defaultSwatch': False, 'skuAltImages': [{'imgId': 'DP0403202409191993M.tif', 'colorSeq': 0}, {'imgId': 'DP0403202409191788M.tif', 'colorSeq': 1}, {'imgId': 'DP0403202409191377M.tif', 'colorSeq': 2}]}, {'colorName': 'Gray', 'swatchImageId': 'DP0403202407214138S.tif', 'colorizedImageId': 'DP0403202409184073M.tif', 'colorSeqNum': 4, 'skuId': '70902810042', 'defaultSwatch': False, 'skuAltImages': [{'imgId': 'DP0403202409184895M.tif', 'colorSeq': 0}, {'imgId': 'DP0403202409184484M.tif', 'colorSeq': 1}, {'imgId': 'DP0403202409183661M.tif', 'colorSeq': 2}]}]",/p/sweet-home-collection-u-shape-faux-leather-no-slip-memory-foam-chair-cushion-16-x-17/ppr5008442336?pTmplType=regular&searchTerm=patio+and+outdoor+furniture&geoZip=55057,"[{'message': 'Online Only', 'icon': 'mouse'}, {'message': 'Available for Shipping', 'icon': 'check'}]",False,709,True,101.49,30.09,YULETIDE,False,False,2024-04-09T17:02:12,DP0403202409191481M.tif,DP0403202409191891M.tif,,,https://www.jcpenney.com/p/sweet-home-collection-u-shape-faux-leather-no-slip-memory-foam-chair-cushion-16-x-17/ppr5008442336?pTmplType=regular&searchTerm=patio+and+outdoor+furniture&geoZip=55057,20251225,patio and outdoor furniture
Mozaic Company Tufted Solid Bench Cushion,ppr5008321363,3.5,2.0,47.99,69.99,80.0,117.0,SALE,False,False,available online only,False,False,original,False,True,"['Features: Tufted', 'Finishing Feature: Knife-Edge', 'Use: Outdoor', 'Seat Cushion Measurements: 3 Height/Inches, 19 Width/Inches, 48 Depth/Inches', 'Base Material: 100% Polyester']",0.0,0.0,SALE,False,False,62740150018,USD,more brands,"[{'colorName': 'Crimson', 'swatchImageId': 'DP0110202307343846S.tif', 'colorizedImageId': 'DP0110202307343743M.tif', 'colorSeqNum': 1, 'skuId': '62740150018', 'defaultSwatch': False, 'skuAltImages': [{'imgId': 'DP0110202307343640M.tif', 'colorSeq': 0}, {'imgId': 'DP0110202307343538M.tif', 'colorSeq': 1}]}, {'colorName': 'Natural', 'swatchImageId': 'DP0110202307344256S.tif', 'colorizedImageId': 'DP0110202307344154M.tif', 'colorSeqNum': 2, 'skuId': '62740160018', 'defaultSwatch': False, 'skuAltImages': [{'imgId': 'DP0110202307344051M.tif', 'colorSeq': 0}, {'imgId': 'DP0110202307343948M.tif', 'colorSeq': 1}]}, {'colorName': 'Navy', 'swatchImageId': 'DP0110202307343435S.tif', 'colorizedImageId': 'DP0110202307343333M.tif', 'colorSeqNum': 3, 'skuId': '62739780018', 'defaultSwatch': False, 'skuAltImages': [{'imgId': 'DP0110202307343230M.tif', 'colorSeq': 0}, {'imgId': 'DP0110202307343127M.tif', 'colorSeq': 1}]}]",/p/mozaic-company-tufted-solid-bench-cushion/ppr5008321363?pTmplType=regular&searchTerm=patio+and+outdoor+furniture&geoZip=55057,"[{'message': 'Online Only', 'icon': 'mouse'}, {'message': 'Available for Shipping', 'icon': 'check'}]",False,627,True,62.99,43.19,YULETIDE,False,False,2023-01-27T15:03:59,DP0110202307343743M.tif,DP0110202307343640M.tif,,,https://www.jcpenney.com/p/mozaic-company-tufted-solid-bench-cushion/ppr5008321363?pTmplType=regular&searchTerm=patio+and+outdoor+furniture&geoZip=55057,20251225,patio and outdoor furniture
"Sweet Home Collection™ Herringbone Stitch Memory Foam Non-Slip 16"" x 16"" Chair Cushion Pad with Ties",ppr5008442355,4.7042,71.0,32.99,101.99,48.0,147.0,SALE,False,False,available online only,False,False,original,False,True,"['# Pieces In Set: 2', 'Features: Slip Resistant, Memory Foam, Fade Resistant, Universal Fit, Wrinkle Resistant', 'Chair Fastening: String Ties', 'Finishing Feature: Piping', 'Use: Indoor']",0.0,0.0,SALE,False,False,70903130034,USD,sweet home collection,"[{'colorName': 'Black', 'swatchImageId': 'DP0401202407053835S.tif', 'colorizedImageId': 'DP0401202407053527M.tif', 'colorSeqNum': 1, 'skuId': '70903130018', 'defaultSwatch': False, 'skuAltImages': [{'imgId': 'DP0401202407054144M.tif', 'colorSeq': 0}, {'imgId': 'DP0401202407053217M.tif', 'colorSeq': 1}, {'imgId': 'DP0415202515014317M.tif', 'colorSeq': 2}]}, {'colorName': 'Burgundy', 'swatchImageId': 'DP0401202407051366S.tif', 'colorizedImageId': 'DP0401202407050954M.tif', 'colorSeqNum': 3, 'skuId': '70903130034', 'defaultSwatch': False, 'skuAltImages': [{'imgId': 'DP0401202407051777M.tif', 'colorSeq': 0}, {'imgId': 'DP0401202407050542M.tif', 'colorSeq': 1}, {'imgId': 'DP0415202515013795M.tif', 'colorSeq': 2}]}, {'colorName': 'Gray', 'swatchImageId': 'DP0401202407051469S.tif', 'colorizedImageId': 'DP0401202407051057M.tif', 'colorSeqNum': 4, 'skuId': '70903130042', 'defaultSwatch': False, 'skuAltImages': [{'imgId': 'DP0401202407051880M.tif', 'colorSeq': 0}, {'imgId': 'DP0401202407050646M.tif', 'colorSeq': 1}, {'imgId': 'DP0415202515013900M.tif', 'colorSeq': 2}]}]",/p/sweet-home-collection-herringbone-stitch-memory-foam-non-slip-16-x-16-chair-cushion-pad-with-ties/ppr5008442355?pTmplType=regular&searchTerm=patio+and+outdoor+furniture&geoZip=55057,"[{'message': 'Online Only', 'icon': 'mouse'}, {'message': 'Available for Shipping', 'icon': 'check'}]",False,709,True,71.39,23.09,YULETIDE,False,False,2024-04-09T17:02:15,DP0401202407053527M.tif,DP0401202407054144M.tif,"[{'name': 'Few Left', 'priority': 1, 'urlParam': 'fewleft'}]",,https://www.jcpenney.com/p/sweet-home-collection-herringbone-stitch-memory-foam-non-slip-16-x-16-chair-cushion-pad-with-ties/ppr5008442355?pTmplType=regular&searchTerm=patio+and+outdoor+furniture&geoZip=55057,20251225,patio and outdoor furniture
Kaden Glass Side Table,ppr5008483511,5.0,1.0,97.0,97.0,97.0,97.0,ORIGINAL,False,False,available online only,False,False,original,False,True,"['Included: 1 Table(s)', 'Features: Quick Ship, Outdoor', 'Manufacturer Warranty: 30 Days', 'Shape: Round', 'Maximum Weight Limit: 30 Lbs']",0.0,0.0,ORIGINAL,False,False,79104270018,USD,more brands,"[{'colorName': 'Black White', 'swatchImageId': 'DP0927202413144362S.tif', 'colorizedImageId': 'DP0927202413144057M.tif', 'colorSeqNum': 1, 'skuId': '79104270018', 'defaultSwatch': False, 'skuAltImages': [{'imgId': 'DP0927202413144159M.tif', 'colorSeq': 0}, {'imgId': 'DP0927202413144260M.tif', 'colorSeq': 1}, {'imgId': 'DP0927202413144566M.tif', 'colorSeq': 2}]}]",/p/kaden-glass-side-table/ppr5008483511?pTmplType=regular&searchTerm=patio+and+outdoor+furniture&geoZip=55057,"[{'message': 'Online Only', 'icon': 'mouse'}, {'message': 'Available for Shipping', 'icon': 'check'}]",False,791,True,87.3,87.3,GIFTWRAP,False,False,2025-01-14T09:04:45,DP0927202413144057M.tif,DP0927202413144159M.tif,"[{'name': 'Few Left', 'priority': 1, 'urlParam': 'fewleft'}]",,https://www.jcpenney.com/p/kaden-glass-side-table/ppr5008483511?pTmplType=regular&searchTerm=patio+and+outdoor+furniture&geoZip=55057,20251225,patio and outdoor furniture
Safavieh Aklin Patio Umbrella,ppr5008446002,,,390.0,390.0,390.0,390.0,ORIGINAL,False,False,available online only,False,False,original,False,True,"['Features: Quick Ship, Uv Protection, Weather Resistant', 'Shape: Round', 'Measurements: 118.11 Width/Inches, 78.7 Height/Inches, 106.3 Depth/Inches', 'Diameter: 10 Ft', 'Weight (lb.): 20.5 Lb']",0.0,0.0,ORIGINAL,False,False,79131140018,USD,safavieh,"[{'colorName': 'Beige', 'swatchImageId': 'DP0423202411142743S.tif', 'colorizedImageId': 'DP0423202411142641M.tif', 'colorSeqNum': 1, 'skuId': '79131140018', 'defaultSwatch': False, 'skuAltImages': [{'imgId': 'DP0423202411142846M.tif', 'colorSeq': 0}, {'imgId': 'DP0423202411142540M.tif', 'colorSeq': 1}]}]",/p/safavieh-aklin-patio-umbrella/ppr5008446002?pTmplType=regular&searchTerm=patio+and+outdoor+furniture&geoZip=55057,"[{'message': 'Online Only', 'icon': 'mouse'}, {'message': 'Available for Shipping', 'icon': 'check'}]",False,791,True,351.0,351.0,GIFTWRAP,False,False,2024-04-23T22:04:32,DP0423202411142641M.tif,DP0423202411142846M.tif,,,https://www.jcpenney.com/p/safavieh-aklin-patio-umbrella/ppr5008446002?pTmplType=regular&searchTerm=patio+and+outdoor+furniture&geoZip=55057,20251225,patio and outdoor furniture
"Sweet Home Collection™ Bradford Striped U Shaped Memory Foam 17"" x 16"" Chair Cushion",ppr5008442330,5.0,1.0,42.99,192.99,62.0,277.0,SALE,False,False,available online only,False,False,original,False,True,"['# Pieces In Set: 2', 'Features: Universal Fit, Wrinkle Resistant, Memory Foam, Slip Resistant, Fade Resistant', 'Finishing Feature: Piping', 'Use: Indoor', 'Seat Cushion Measurements: 1.5 Height/Inches, 17 Width/Inches, 16 Depth/Inches']",0.0,0.0,SALE,False,False,70902650018,USD,sweet home collection,"[{'colorName': 'Beige Brown', 'swatchImageId': 'DP0403202407170992S.tif', 'colorizedImageId': 'DP0403202409162700M.tif', 'colorSeqNum': 1, 'skuId': '70902650018', 'defaultSwatch': False, 'skuAltImages': [{'imgId': 'DP0403202409163934M.tif', 'colorSeq': 0}, {'imgId': 'DP0403202409163521M.tif', 'colorSeq': 1}, {'imgId': 'DP0403202409163112M.tif', 'colorSeq': 2}]}, {'colorName': 'Burgundy', 'swatchImageId': 'DP0403202407170684S.tif', 'colorizedImageId': 'DP0403202409160745M.tif', 'colorSeqNum': 2, 'skuId': '70902650026', 'defaultSwatch': False, 'skuAltImages': [{'imgId': 'DP0403202409161979M.tif', 'colorSeq': 0}, {'imgId': 'DP0403202409161568M.tif', 'colorSeq': 1}, {'imgId': 'DP0403202409161157M.tif', 'colorSeq': 2}]}, {'colorName': 'Silver Brown', 'swatchImageId': 'DP0403202407170890S.tif', 'colorizedImageId': 'DP0403202409160951M.tif', 'colorSeqNum': 4, 'skuId': '70902650042', 'defaultSwatch': False, 'skuAltImages': [{'imgId': 'DP0403202409162185M.tif', 'colorSeq': 0}, {'imgId': 'DP0403202409161773M.tif', 'colorSeq': 1}, {'imgId': 'DP0403202409161363M.tif', 'colorSeq': 2}]}]",/p/sweet-home-collection-bradford-striped-u-shaped-memory-foam-17-x-16-chair-cushion/ppr5008442330?pTmplType=regular&searchTerm=patio+and+outdoor+furniture&geoZip=55057,"[{'message': 'Online Only', 'icon': 'mouse'}, {'message': 'Available for Shipping', 'icon': 'check'}]",False,709,True,135.09,30.09,YULETIDE,False,False,2024-04-09T17:02:12,DP0403202409162700M.tif,DP0403202409163934M.tif,,,https://www.jcpenney.com/p/sweet-home-collection-bradford-striped-u-shaped-memory-foam-17-x-16-chair-cushion/ppr5008442330?pTmplType=regular&searchTerm=patio+and+outdoor+furniture&geoZip=55057,20251225,patio and outdoor furniture
"Sweet Home Collection™ Broadway Memory Foam No Slip Back 16"" x 16"" Chair Pad Cushion",ppr5008442326,4.7647,17.0,42.99,160.99,62.0,231.0,SALE,False,False,available online only,False,False,original,False,True,"['# Pieces In Set: 2', 'Features: Slip Resistant, Wrinkle Resistant, Memory Foam, Fade Resistant, Universal Fit', 'Finishing Feature: Piping', 'Use: Indoor', 'Seat Cushion Measurements: 1.5 Depth/Inches, 16 Height/Inches, 16 Width/Inches']",0.0,0.0,SALE,False,False,70902340059,USD,sweet home collection,"[{'colorName': 'Rust Brown', 'swatchImageId': 'DP0403202409081731S.tif', 'colorizedImageId': 'DP0403202409081525M.tif', 'colorSeqNum': 1, 'skuId': '70902340075', 'defaultSwatch': False, 'skuAltImages': [{'imgId': 'DP0403202409082350M.tif', 'colorSeq': 0}, {'imgId': 'DP0403202409082144M.tif', 'colorSeq': 1}, {'imgId': 'DP0403202409081938M.tif', 'colorSeq': 2}]}, {'colorName': 'Black White', 'swatchImageId': 'DP0327202409043794S.tif', 'colorizedImageId': 'DP0327202409043691M.tif', 'colorSeqNum': 2, 'skuId': '70902340018', 'defaultSwatch': False, 'skuAltImages': [{'imgId': 'DP0327202409045333M.tif', 'colorSeq': 0}, {'imgId': 'DP0327202409044921M.tif', 'colorSeq': 1}, {'imgId': 'DP0327202409043898M.tif', 'colorSeq': 2}]}, {'colorName': 'Blue Black', 'swatchImageId': 'DP0327202409035063S.tif', 'colorizedImageId': 'DP0327202409034960M.tif', 'colorSeqNum': 3, 'skuId': '70902340026', 'defaultSwatch': False, 'skuAltImages': [{'imgId': 'DP0327202409035678M.tif', 'colorSeq': 0}, {'imgId': 'DP0327202409035268M.tif', 'colorSeq': 1}, {'imgId': 'DP0327202409034650M.tif', 'colorSeq': 2}]}, {'colorName': 'Cream Blue', 'swatchImageId': 'DP0327202409041943S.tif', 'colorizedImageId': 'DP0327202409041737M.tif', 'colorSeqNum': 4, 'skuId': '70902340034', 'defaultSwatch': False, 'skuAltImages': [{'imgId': 'DP0327202409042664M.tif', 'colorSeq': 0}, {'imgId': 'DP0327202409042251M.tif', 'colorSeq': 1}, {'imgId': 'DP0327202409041428M.tif', 'colorSeq': 2}]}, {'colorName': 'Cream Chocolate', 'swatchImageId': 'DP0327202409044718S.tif', 'colorizedImageId': 'DP0327202409044410M.tif', 'colorSeqNum': 5, 'skuId': '70902340042', 'defaultSwatch': False, 'skuAltImages': [{'imgId': 'DP0327202409045539M.tif', 'colorSeq': 0}, {'imgId': 'DP0327202409045128M.tif', 'colorSeq': 1}, {'imgId': 'DP0327202409044103M.tif', 'colorSeq': 2}]}, {'colorName': 'Gray Black', 'swatchImageId': 'DP0327202409044819S.tif', 'colorizedImageId': 'DP0404202413053032M.tif', 'colorSeqNum': 6, 'skuId': '70902340059', 'defaultSwatch': False, 'skuAltImages': [{'imgId': 'DP0327202409045642M.tif', 'colorSeq': 0}, {'imgId': 'DP0327202409045231M.tif', 'colorSeq': 1}, {'imgId': 'DP0327202409044205M.tif', 'colorSeq': 2}]}, {'colorName': 'Blue', 'swatchImageId': 'DP0403202409081628S.tif', 'colorizedImageId': 'DP0403202409081422M.tif', 'colorSeqNum': 7, 'skuId': '70902340067', 'defaultSwatch': False, 'skuAltImages': [{'imgId': 'DP0403202409082247M.tif', 'colorSeq': 0}, {'imgId': 'DP0403202409082042M.tif', 'colorSeq': 1}, {'imgId': 'DP0403202409081835M.tif', 'colorSeq': 2}]}]",/p/sweet-home-collection-broadway-memory-foam-no-slip-back-16-x-16-chair-pad-cushion/ppr5008442326?pTmplType=regular&searchTerm=patio+and+outdoor+furniture&geoZip=55057,"[{'message': 'Online Only', 'icon': 'mouse'}, {'message': 'Available for Shipping', 'icon': 'check'}]",False,709,True,112.69,30.09,YULETIDE,False,False,2024-04-09T17:02:12,DP0403202409081525M.tif,DP0403202409082350M.tif,,,https://www.jcpenney.com/p/sweet-home-collection-broadway-memory-foam-no-slip-back-16-x-16-chair-pad-cushion/ppr5008442326?pTmplType=regular&searchTerm=patio+and+outdoor+furniture&geoZip=55057,20251225,patio and outdoor furniture
"Sweet Home Collection™ Honeycomb Memory Foam No Slip Back 16"" x 16"" Chair Pad Cushion",ppr5008442328,4.7468,79.0,42.99,192.99,62.0,277.0,SALE,False,False,available online only,False,False,original,False,True,"['# Pieces In Set: 2', 'Features: Universal Fit, Memory Foam, Fade Resistant, Slip Resistant, Wrinkle Resistant', 'Finishing Feature: Piping', 'Use: Indoor', 'Seat Cushion Measurements: 16 Height/Inches, 1.5 Depth/Inches, 16 Width/Inches']",0.0,0.0,SALE,False,False,70902610109,USD,sweet home collection,"[{'colorName': 'Black', 'swatchImageId': 'DP0403202407164320S.tif', 'colorizedImageId': 'DP0403202409142358M.tif', 'colorSeqNum': 1, 'skuId': '70902610018', 'defaultSwatch': False, 'skuAltImages': [{'imgId': 'DP0403202409150678M.tif', 'colorSeq': 0}, {'imgId': 'DP0403202409145239M.tif', 'colorSeq': 1}, {'imgId': 'DP0403202409143799M.tif', 'colorSeq': 2}]}, {'colorName': 'Gray', 'swatchImageId': 'DP0403202409094579S.tif', 'colorizedImageId': 'DP0403202409092724M.tif', 'colorSeqNum': 5, 'skuId': '70902610059', 'defaultSwatch': False, 'skuAltImages': [{'imgId': 'DP0403202409102290M.tif', 'colorSeq': 0}, {'imgId': 'DP0403202409100434M.tif', 'colorSeq': 1}, {'imgId': 'DP0403202409090873M.tif', 'colorSeq': 2}]}, {'colorName': 'Navy Blue', 'swatchImageId': 'DP0403202407164835S.tif', 'colorizedImageId': 'DP0403202409142874M.tif', 'colorSeqNum': 9, 'skuId': '70902610091', 'defaultSwatch': False, 'skuAltImages': [{'imgId': 'DP0403202409151192M.tif', 'colorSeq': 0}, {'imgId': 'DP0403202409145752M.tif', 'colorSeq': 1}, {'imgId': 'DP0403202409144312M.tif', 'colorSeq': 2}]}, {'colorName': 'Peacock Blue', 'swatchImageId': 'DP0403202407163497S.tif', 'colorizedImageId': 'DP0403202409130135M.tif', 'colorSeqNum': 10, 'skuId': '70902610109', 'defaultSwatch': False, 'skuAltImages': [{'imgId': 'DP0403202409134661M.tif', 'colorSeq': 0}, {'imgId': 'DP0403202409133121M.tif', 'colorSeq': 1}, {'imgId': 'DP0403202409131679M.tif', 'colorSeq': 2}]}, {'colorName': 'Taupe', 'swatchImageId': 'DP0403202409113493S.tif', 'colorizedImageId': 'DP0403202409111949M.tif', 'colorSeqNum': 15, 'skuId': '70902610158', 'defaultSwatch': False, 'skuAltImages': [{'imgId': 'DP0403202409121919M.tif', 'colorSeq': 0}, {'imgId': 'DP0403202409120378M.tif', 'colorSeq': 1}, {'imgId': 'DP0403202409114937M.tif', 'colorSeq': 2}]}, {'colorName': 'Teal', 'swatchImageId': 'DP0403202407164013S.tif', 'colorizedImageId': 'DP0403202409130651M.tif', 'colorSeqNum': 16, 'skuId': '70902610166', 'defaultSwatch': False, 'skuAltImages': [{'imgId': 'DP0403202409135173M.tif', 'colorSeq': 0}, {'imgId': 'DP0403202409133633M.tif', 'colorSeq': 1}, {'imgId': 'DP0403202409132194M.tif', 'colorSeq': 2}]}, {'colorName': 'Yellow', 'swatchImageId': 'DP0403202407165657S.tif', 'colorizedImageId': 'DP0403202409143697M.tif', 'colorSeqNum': 19, 'skuId': '70902610190', 'defaultSwatch': False, 'skuAltImages': [{'imgId': 'DP0403202409152016M.tif', 'colorSeq': 0}, {'imgId': 'DP0403202409150575M.tif', 'colorSeq': 1}, {'imgId': 'DP0403202409145136M.tif', 'colorSeq': 2}]}]",/p/sweet-home-collection-honeycomb-memory-foam-no-slip-back-16-x-16-chair-pad-cushion/ppr5008442328?pTmplType=regular&searchTerm=patio+and+outdoor+furniture&geoZip=55057,"[{'message': 'Online Only', 'icon': 'mouse'}, {'message': 'Available for Shipping', 'icon': 'check'}]",False,709,True,135.09,30.09,YULETIDE,False,False,2024-04-09T17:02:14,DP0403202409142358M.tif,DP0403202409150678M.tif,"[{'name': 'Few Left', 'priority': 1, 'urlParam': 'fewleft'}]",,https://www.jcpenney.com/p/sweet-home-collection-honeycomb-memory-foam-no-slip-back-16-x-16-chair-pad-cushion/ppr5008442328?pTmplType=regular&searchTerm=patio+and+outdoor+furniture&geoZip=55057,20251225,patio and outdoor furniture
Mozaic Company Tufted U-Shaped Solid Seat Cushion,ppr5008321346,5.0,1.0,29.99,33.99,50.0,58.0,SALE,False,False,available online only,False,False,original,False,True,"['Features: Tufted', 'Chair Fastening: String Ties', 'Finishing Feature: Knife-Edge', 'Use: Outdoor', 'Seat Cushion Measurements: 16 Width/Inches, 16 Depth/Inches, 3 Height/Inches']",0.0,0.0,SALE,False,False,62734060018,USD,more brands,"[{'colorName': 'Daffodil', 'swatchImageId': 'DP0202202307132945S.tif', 'colorizedImageId': 'DP0202202307132841M.tif', 'colorSeqNum': 1, 'skuId': '62734930018', 'defaultSwatch': False, 'skuAltImages': [{'imgId': 'DP0307202307303446M.tif', 'colorSeq': 0}, {'imgId': 'DP0307202307303343M.tif', 'colorSeq': 1}, {'imgId': 'DP0307202307303238M.tif', 'colorSeq': 2}]}, {'colorName': 'Natural', 'swatchImageId': 'DP0203202307131587S.tif', 'colorizedImageId': 'DP0203202307131484M.tif', 'colorSeqNum': 2, 'skuId': '62734360018', 'defaultSwatch': False, 'skuAltImages': [{'imgId': 'DP0307202307302824M.tif', 'colorSeq': 0}, {'imgId': 'DP0307202307302721M.tif', 'colorSeq': 1}, {'imgId': 'DP0307202307302618M.tif', 'colorSeq': 2}]}, {'colorName': 'Atlantis', 'swatchImageId': 'DP0203202307125217S.tif', 'colorizedImageId': 'DP0203202307125115M.tif', 'colorSeqNum': 3, 'skuId': '62734060018', 'defaultSwatch': False, 'skuAltImages': [{'imgId': 'DP0307202307302515M.tif', 'colorSeq': 0}, {'imgId': 'DP0307202307302412M.tif', 'colorSeq': 1}, {'imgId': 'DP0307202307302308M.tif', 'colorSeq': 2}]}, {'colorName': 'Apple Green', 'swatchImageId': 'DP0110202307320823S.tif', 'colorizedImageId': 'DP0110202307320720M.tif', 'colorSeqNum': 4, 'skuId': '62733560224', 'defaultSwatch': False, 'skuAltImages': [{'imgId': 'DP0307202307302205M.tif', 'colorSeq': 0}, {'imgId': 'DP0307202307302101M.tif', 'colorSeq': 1}, {'imgId': 'DP0307202307301998M.tif', 'colorSeq': 2}]}]",/p/mozaic-company-tufted-u-shaped-solid-seat-cushion/ppr5008321346?pTmplType=regular&searchTerm=patio+and+outdoor+furniture&geoZip=55057,"[{'message': 'Online Only', 'icon': 'mouse'}, {'message': 'Available for Shipping', 'icon': 'check'}]",False,627,True,30.59,26.99,YULETIDE,False,False,2023-01-27T15:03:59,DP0202202307132841M.tif,DP0307202307303446M.tif,,,https://www.jcpenney.com/p/mozaic-company-tufted-u-shaped-solid-seat-cushion/ppr5008321346?pTmplType=regular&searchTerm=patio+and+outdoor+furniture&geoZip=55057,20251225,patio and outdoor furniture
Louver 2-pc. Upholstered Club Chair,ppr5008376219,,,1150.0,1150.0,1150.0,1150.0,ORIGINAL,False,False,available online only,False,False,original,False,True,"['# Pieces In Set: 2', 'Included: 2 Chair(s)', 'Features: Upholstered', 'Manufacturer Warranty: 90 Days Limited', 'Seating Capacity: 2']",0.0,0.0,ORIGINAL,False,False,79126600018,USD,more brands,"[{'colorName': 'Teak Cream', 'swatchImageId': 'DP0705202307095143S.tif', 'colorizedImageId': 'DP0705202307094731M.tif', 'colorSeqNum': 1, 'skuId': '79126600018', 'defaultSwatch': False, 'skuAltImages': [{'imgId': 'DP0705202307094834M.tif', 'colorSeq': 0}, {'imgId': 'DP0705202307094937M.tif', 'colorSeq': 1}, {'imgId': 'DP0705202307094524M.tif', 'colorSeq': 2}]}]",/p/louver-2-pc-upholstered-club-chair/ppr5008376219?pTmplType=regular&searchTerm=patio+and+outdoor+furniture&geoZip=55057,"[{'message': 'Online Only', 'icon': 'mouse'}, {'message': 'Available for Shipping', 'icon': 'check'}]",False,791,True,862.5,862.5,RECLINER,False,False,2023-07-10T07:08:28,DP0705202307094731M.tif,DP0705202307094834M.tif,,,https://www.jcpenney.com/p/louver-2-pc-upholstered-club-chair/ppr5008376219?pTmplType=regular&searchTerm=patio+and+outdoor+furniture&geoZip=55057,20251225,patio and outdoor furniture
Safavieh Shasta Patio Collection Rocking Chair,ppr5008088360,5.0,1.0,480.0,480.0,480.0,480.0,ORIGINAL,False,False,available online only,False,False,original,False,True,"['Included: 1 Chair(s)', 'Features: Quick Ship, Weather Resistant, Rocking', 'Joinery: Screwed, Glued', 'Seating Capacity: 1', 'Tools Required: Allen Wrench (included), Screws (included)']",0.0,0.0,ORIGINAL,False,False,79101390042,USD,safavieh,"[{'colorName': 'Natural', 'swatchImageId': 'DP0224202107044681S.tif', 'colorizedImageId': 'DP0224202107044669M.tif', 'colorSeqNum': 1, 'skuId': '79101390026', 'defaultSwatch': False, 'skuAltImages': [{'imgId': 'DP0224202107044729M.tif', 'colorSeq': 0}, {'imgId': 'DP0224202107044718M.tif', 'colorSeq': 1}, {'imgId': 'DP0224202107044705M.tif', 'colorSeq': 2}]}, {'colorName': 'Grey Wash', 'swatchImageId': 'DP0224202107044677S.tif', 'colorizedImageId': 'DP0224202107044666M.tif', 'colorSeqNum': 2, 'skuId': '79101390034', 'defaultSwatch': False, 'skuAltImages': [{'imgId': 'DP0224202107044726M.tif', 'colorSeq': 0}, {'imgId': 'DP0224202107044712M.tif', 'colorSeq': 1}, {'imgId': 'DP0224202107044701M.tif', 'colorSeq': 2}]}, {'colorName': 'White Wash', 'swatchImageId': 'DP0224202107044685S.tif', 'colorizedImageId': 'DP0224202107044673M.tif', 'colorSeqNum': 3, 'skuId': '79101390042', 'defaultSwatch': False, 'skuAltImages': [{'imgId': 'DP0224202107044733M.tif', 'colorSeq': 0}, {'imgId': 'DP0224202107044722M.tif', 'colorSeq': 1}, {'imgId': 'DP0224202107044708M.tif', 'colorSeq': 2}]}, {'colorName': 'Black', 'swatchImageId': 'DP0903202407113576S.tif', 'colorizedImageId': 'DP0903202407113169M.tif', 'colorSeqNum': 4, 'skuId': '79101390059', 'defaultSwatch': False, 'skuAltImages': [{'imgId': 'DP0903202407113271M.tif', 'colorSeq': 0}, {'imgId': 'DP0903202407113372M.tif', 'colorSeq': 1}, {'imgId': 'DP0903202407112966M.tif', 'colorSeq': 2}]}]",/p/safavieh-shasta-patio-collection-rocking-chair/ppr5008088360?pTmplType=regular&searchTerm=patio+and+outdoor+furniture&geoZip=55057,"[{'message': 'Online Only', 'icon': 'mouse'}, {'message': 'Available for Shipping', 'icon': 'check'}]",False,791,True,432.0,432.0,GIFTWRAP,False,False,2021-02-24T22:04:48,DP0224202107044669M.tif,DP0224202107044729M.tif,,,https://www.jcpenney.com/p/safavieh-shasta-patio-collection-rocking-chair/ppr5008088360?pTmplType=regular&searchTerm=patio+and+outdoor+furniture&geoZip=55057,20251225,patio and outdoor furniture
Mozaic Company Egg Chair Cushion Patio Seat,ppr5008320222,,,74.99,74.99,125.0,125.0,SALE,False,False,available online only,False,False,original,False,True,"['Features: Tufted', 'Chair Fastening: String Ties', 'Use: Outdoor', 'Seat Cushion Measurements: 27 Width/Inches, 44 Depth/Inches, 4 Height/Inches', 'Base Material: 100% Polyester']",0.0,0.0,SALE,False,False,62720270018,USD,more brands,"[{'colorName': 'Solid Coral', 'swatchImageId': 'DP0131202307205235S.tif', 'colorizedImageId': 'DP0110202307172152M.tif', 'colorSeqNum': 1, 'skuId': '62720180034', 'defaultSwatch': False, 'skuAltImages': [{'imgId': 'DP0110202307172048M.tif', 'colorSeq': 0}, {'imgId': 'DP0110202307171945M.tif', 'colorSeq': 1}]}, {'colorName': 'Atlantis', 'swatchImageId': 'DP0110202307173079S.tif', 'colorizedImageId': 'DP0110202307172976M.tif', 'colorSeqNum': 2, 'skuId': '62720220018', 'defaultSwatch': False, 'skuAltImages': [{'imgId': 'DP0110202307172874M.tif', 'colorSeq': 0}, {'imgId': 'DP0110202307172771M.tif', 'colorSeq': 1}]}, {'colorName': 'Black', 'swatchImageId': 'DP0110202307173488S.tif', 'colorizedImageId': 'DP0110202307173386M.tif', 'colorSeqNum': 3, 'skuId': '62720230018', 'defaultSwatch': False, 'skuAltImages': [{'imgId': 'DP0110202307173284M.tif', 'colorSeq': 0}, {'imgId': 'DP0110202307173182M.tif', 'colorSeq': 1}]}, {'colorName': 'Charcoal', 'swatchImageId': 'DP0110202307173902S.tif', 'colorizedImageId': 'DP0110202307173797M.tif', 'colorSeqNum': 4, 'skuId': '62720240018', 'defaultSwatch': False, 'skuAltImages': [{'imgId': 'DP0110202307173695M.tif', 'colorSeq': 0}, {'imgId': 'DP0110202307173592M.tif', 'colorSeq': 1}]}, {'colorName': 'Crimson', 'swatchImageId': 'DP0110202307174317S.tif', 'colorizedImageId': 'DP0110202307174215M.tif', 'colorSeqNum': 5, 'skuId': '62720250018', 'defaultSwatch': False, 'skuAltImages': [{'imgId': 'DP0110202307174112M.tif', 'colorSeq': 0}, {'imgId': 'DP0110202307174009M.tif', 'colorSeq': 1}]}, {'colorName': 'Daffodil', 'swatchImageId': 'DP0110202307174730S.tif', 'colorizedImageId': 'DP0110202307174628M.tif', 'colorSeqNum': 6, 'skuId': '62720260018', 'defaultSwatch': False, 'skuAltImages': [{'imgId': 'DP0110202307174525M.tif', 'colorSeq': 0}, {'imgId': 'DP0110202307174421M.tif', 'colorSeq': 1}]}, {'colorName': 'Marine', 'swatchImageId': 'DP0110202307175141S.tif', 'colorizedImageId': 'DP0110202307175039M.tif', 'colorSeqNum': 7, 'skuId': '62720270018', 'defaultSwatch': False, 'skuAltImages': [{'imgId': 'DP0110202307174936M.tif', 'colorSeq': 0}, {'imgId': 'DP0110202307174833M.tif', 'colorSeq': 1}]}]",/p/mozaic-company-egg-chair-cushion-patio-seat/ppr5008320222?pTmplType=regular&searchTerm=patio+and+outdoor+furniture&geoZip=55057,"[{'message': 'Online Only', 'icon': 'mouse'}, {'message': 'Available for Shipping', 'icon': 'check'}]",False,627,True,67.49,67.49,YULETIDE,False,False,2023-01-27T15:03:58,DP0110202307172152M.tif,DP0110202307172048M.tif,,,https://www.jcpenney.com/p/mozaic-company-egg-chair-cushion-patio-seat/ppr5008320222?pTmplType=regular&searchTerm=patio+and+outdoor+furniture&geoZip=55057,20251225,patio and outdoor furniture
"Sweet Home Collection™ Cameron Memory Foam No Slip Back 16"" x 16"" Chair Pad Cushion with Ties",ppr5008442354,,,42.99,154.99,62.0,222.0,SALE,False,False,available online only,False,False,original,False,True,"['# Pieces In Set: 2', 'Features: Wrinkle Resistant, Memory Foam, Fade Resistant, Slip Resistant, Universal Fit', 'Chair Fastening: String Ties', 'Finishing Feature: Piping', 'Use: Indoor']",0.0,0.0,SALE,False,False,70903090026,USD,sweet home collection,"[{'colorName': 'Beige Brown', 'swatchImageId': 'DP0401202407033283S.tif', 'colorizedImageId': 'DP0401202407032459M.tif', 'colorSeqNum': 1, 'skuId': '70903090018', 'defaultSwatch': False, 'skuAltImages': [{'imgId': 'DP0401202407035547M.tif', 'colorSeq': 0}, {'imgId': 'DP0401202407034826M.tif', 'colorSeq': 1}, {'imgId': 'DP0401202407034106M.tif', 'colorSeq': 2}]}, {'colorName': 'Beige Taupe', 'swatchImageId': 'DP0401202407033386S.tif', 'colorizedImageId': 'DP0401202407032562M.tif', 'colorSeqNum': 2, 'skuId': '70903090026', 'defaultSwatch': False, 'skuAltImages': [{'imgId': 'DP0401202407035651M.tif', 'colorSeq': 0}, {'imgId': 'DP0401202407034929M.tif', 'colorSeq': 1}, {'imgId': 'DP0401202407034209M.tif', 'colorSeq': 2}]}, {'colorName': 'Black Grey', 'swatchImageId': 'DP0401202407045209S.tif', 'colorizedImageId': 'DP0401202407044798M.tif', 'colorSeqNum': 3, 'skuId': '70903090034', 'defaultSwatch': False, 'skuAltImages': [{'imgId': 'DP0401202407050237M.tif', 'colorSeq': 0}, {'imgId': 'DP0401202407045930M.tif', 'colorSeq': 1}, {'imgId': 'DP0401202407045622M.tif', 'colorSeq': 2}]}, {'colorName': 'Black Sage Blue', 'swatchImageId': 'DP0401202407041812S.tif', 'colorizedImageId': 'DP0401202407041090M.tif', 'colorSeqNum': 4, 'skuId': '70903090042', 'defaultSwatch': False, 'skuAltImages': [{'imgId': 'DP0401202407043049M.tif', 'colorSeq': 0}, {'imgId': 'DP0401202407042431M.tif', 'colorSeq': 1}, {'imgId': 'DP0401202407040473M.tif', 'colorSeq': 2}]}, {'colorName': 'Silver White', 'swatchImageId': 'DP0401202407041915S.tif', 'colorizedImageId': 'DP0401202407041193M.tif', 'colorSeqNum': 5, 'skuId': '70903090059', 'defaultSwatch': False, 'skuAltImages': [{'imgId': 'DP0401202407041606M.tif', 'colorSeq': 0}, {'imgId': 'DP0401202407043152M.tif', 'colorSeq': 1}, {'imgId': 'DP0401202407042533M.tif', 'colorSeq': 2}]}, {'colorName': 'White Sage Blue', 'swatchImageId': 'DP0401202407045416S.tif', 'colorizedImageId': 'DP0401202407045003M.tif', 'colorSeqNum': 6, 'skuId': '70903090067', 'defaultSwatch': False, 'skuAltImages': [{'imgId': 'DP0401202407050032M.tif', 'colorSeq': 0}, {'imgId': 'DP0401202407045724M.tif', 'colorSeq': 1}, {'imgId': 'DP0401202407044593M.tif', 'colorSeq': 2}]}, {'colorName': 'Wine', 'swatchImageId': 'DP0401202407033901S.tif', 'colorizedImageId': 'DP0401202407033077M.tif', 'colorSeqNum': 7, 'skuId': '70903090075', 'defaultSwatch': False, 'skuAltImages': [{'imgId': 'DP0401202407035342M.tif', 'colorSeq': 0}, {'imgId': 'DP0401202407034622M.tif', 'colorSeq': 1}, {'imgId': 'DP0401202407032253M.tif', 'colorSeq': 2}]}, {'colorName': 'Wine White', 'swatchImageId': 'DP0401202407045519S.tif', 'colorizedImageId': 'DP0401202407045106M.tif', 'colorSeqNum': 8, 'skuId': '70903090083', 'defaultSwatch': False, 'skuAltImages': [{'imgId': 'DP0401202407050135M.tif', 'colorSeq': 0}, {'imgId': 'DP0401202407045827M.tif', 'colorSeq': 1}, {'imgId': 'DP0401202407044696M.tif', 'colorSeq': 2}]}]",/p/sweet-home-collection-cameron-memory-foam-no-slip-back-16-x-16-chair-pad-cushion-with-ties/ppr5008442354?pTmplType=regular&searchTerm=patio+and+outdoor+furniture&geoZip=55057,"[{'message': 'Online Only', 'icon': 'mouse'}, {'message': 'Available for Shipping', 'icon': 'check'}]",False,709,True,108.49,30.09,YULETIDE,False,False,2024-04-09T17:02:13,DP0401202407032459M.tif,DP0401202407035547M.tif,,,https://www.jcpenney.com/p/sweet-home-collection-cameron-memory-foam-no-slip-back-16-x-16-chair-pad-cushion-with-ties/ppr5008442354?pTmplType=regular&searchTerm=patio+and+outdoor+furniture&geoZip=55057,20251225,patio and outdoor furniture
Signature Design by Ashley® Gerianne Weather Resistant Patio Side Table,ppr5007978773,5.0,9.0,450.0,450.0,450.0,450.0,ORIGINAL,False,False,available online only,False,False,original,False,True,"['Included: 1 Table(s)', 'Features: Quick Ship, Weather Resistant', 'Joinery: Blocked, Glued, Stapled, Butt Joint, Nailed, Screwed', 'Assembly: Assembly Required', 'Frame Content: 100% Wood']",0.0,0.0,ORIGINAL,False,False,79101550026,USD,signature design by ashley,"[{'colorName': 'Grayish Brown', 'swatchImageId': 'DP0306202007023991S.tif', 'colorizedImageId': 'DP0305202013001948M.tif', 'colorSeqNum': 1, 'skuId': '79101550026', 'defaultSwatch': False, 'skuAltImages': [{'imgId': 'DP0306202013001403M.tif', 'colorSeq': 0}, {'imgId': 'DP0305202013001954M.tif', 'colorSeq': 1}, {'imgId': 'DP0305202013001951M.tif', 'colorSeq': 2}]}]",/p/signature-design-by-ashley-gerianne-weather-resistant-patio-side-table/ppr5007978773?pTmplType=regular&searchTerm=patio+and+outdoor+furniture&geoZip=55057,"[{'message': 'Online Only', 'icon': 'mouse'}, {'message': 'Available for Shipping', 'icon': 'check'}]",False,791,True,405.0,405.0,GIFTWRAP,False,False,2020-03-05T22:02:08,DP0305202013001948M.tif,DP0306202013001403M.tif,,,https://www.jcpenney.com/p/signature-design-by-ashley-gerianne-weather-resistant-patio-side-table/ppr5007978773?pTmplType=regular&searchTerm=patio+and+outdoor+furniture&geoZip=55057,20251225,patio and outdoor furniture
Laraine Metal Console Table,ppr5008483510,,,93.0,93.0,93.0,93.0,ORIGINAL,False,False,available online only,False,False,original,False,True,"['Included: 1 Table(s)', 'Features: Quick Ship, Outdoor', 'Joinery: Cam And Bolt Lock', 'Manufacturer Warranty: 30 Days', 'Shape: Semi-Circle']",0.0,0.0,ORIGINAL,False,False,79104260018,USD,more brands,"[{'colorName': 'Brown', 'swatchImageId': 'DP0927202413143444S.tif', 'colorizedImageId': 'DP0927202413143139M.tif', 'colorSeqNum': 1, 'skuId': '79104260018', 'defaultSwatch': False, 'skuAltImages': [{'imgId': 'DP0927202413143241M.tif', 'colorSeq': 0}, {'imgId': 'DP0927202413143343M.tif', 'colorSeq': 1}, {'imgId': 'DP0927202413143750M.tif', 'colorSeq': 2}]}]",/p/laraine-metal-console-table/ppr5008483510?pTmplType=regular&searchTerm=patio+and+outdoor+furniture&geoZip=55057,"[{'message': 'Online Only', 'icon': 'mouse'}, {'message': 'Available for Shipping', 'icon': 'check'}]",False,791,True,83.7,83.7,GIFTWRAP,False,False,2025-02-04T09:06:00,DP0927202413143139M.tif,DP0927202413143241M.tif,"[{'name': 'Few Left', 'priority': 1, 'urlParam': 'fewleft'}]",,https://www.jcpenney.com/p/laraine-metal-console-table/ppr5008483510?pTmplType=regular&searchTerm=patio+and+outdoor+furniture&geoZip=55057,20251225,patio and outdoor furniture
Jamila Metal Side Table,ppr5008483508,,,86.0,86.0,86.0,86.0,ORIGINAL,False,False,available online only,False,False,original,False,True,"['Included: 1 Table(s)', 'Features: Outdoor, Quick Ship', 'Manufacturer Warranty: 30 Days', 'Shape: Round', 'Maximum Weight Limit: 30 Lbs']",0.0,0.0,ORIGINAL,False,False,79104240018,USD,more brands,"[{'colorName': 'Aqua', 'swatchImageId': 'DP0927202413142022S.tif', 'colorizedImageId': 'DP0927202413141818M.tif', 'colorSeqNum': 1, 'skuId': '79104240018', 'defaultSwatch': False, 'skuAltImages': [{'imgId': 'DP0927202413141920M.tif', 'colorSeq': 0}, {'imgId': 'DP0927202413142225M.tif', 'colorSeq': 1}, {'imgId': 'DP0927202413141717M.tif', 'colorSeq': 2}]}]",/p/jamila-metal-side-table/ppr5008483508?pTmplType=regular&searchTerm=patio+and+outdoor+furniture&geoZip=55057,"[{'message': 'Online Only', 'icon': 'mouse'}, {'message': 'Available for Shipping', 'icon': 'check'}]",False,791,True,77.4,77.4,GIFTWRAP,False,False,2025-01-14T09:03:42,DP0927202413141818M.tif,DP0927202413141920M.tif,,,https://www.jcpenney.com/p/jamila-metal-side-table/ppr5008483508?pTmplType=regular&searchTerm=patio+and+outdoor+furniture&geoZip=55057,20251225,patio and outdoor furniture
"Sweet Home Collection™ Pinstripe U Shaped Memory Foam 17"" x 16"" Chair Cushions",ppr5008442345,5.0,3.0,38.99,77.99,56.0,112.0,SALE,False,False,available online only,False,False,original,False,True,"['# Pieces In Set: 2', 'Features: Fade Resistant, Memory Foam, Universal Fit, Wrinkle Resistant, Slip Resistant', 'Finishing Feature: Piping', 'Use: Indoor', 'Seat Cushion Measurements: 16 Height/Inches, 1.5 Depth/Inches, 17 Width/Inches']",0.0,0.0,SALE,False,False,70902930018,USD,sweet home collection,"[{'colorName': 'Burgundy', 'swatchImageId': 'DP0327202409072352S.tif', 'colorizedImageId': 'DP0327202409072145M.tif', 'colorSeqNum': 1, 'skuId': '70902930018', 'defaultSwatch': False, 'skuAltImages': [{'imgId': 'DP0327202409072969M.tif', 'colorSeq': 0}, {'imgId': 'DP0327202409072763M.tif', 'colorSeq': 1}, {'imgId': 'DP0327202409072557M.tif', 'colorSeq': 2}]}, {'colorName': 'Charcoal', 'swatchImageId': 'DP0327202409065573S.tif', 'colorizedImageId': 'DP0327202409065264M.tif', 'colorSeqNum': 2, 'skuId': '70902930026', 'defaultSwatch': False, 'skuAltImages': [{'imgId': 'DP0327202409070499M.tif', 'colorSeq': 0}, {'imgId': 'DP0327202409070191M.tif', 'colorSeq': 1}, {'imgId': 'DP0327202409065882M.tif', 'colorSeq': 2}]}]",/p/sweet-home-collection-pinstripe-u-shaped-memory-foam-17-x-16-chair-cushions/ppr5008442345?pTmplType=regular&searchTerm=patio+and+outdoor+furniture&geoZip=55057,"[{'message': 'Online Only', 'icon': 'mouse'}, {'message': 'Available for Shipping', 'icon': 'check'}]",False,709,True,54.59,27.29,YULETIDE,False,False,2024-04-09T17:02:15,DP0327202409072145M.tif,DP0327202409072969M.tif,,,https://www.jcpenney.com/p/sweet-home-collection-pinstripe-u-shaped-memory-foam-17-x-16-chair-cushions/ppr5008442345?pTmplType=regular&searchTerm=patio+and+outdoor+furniture&geoZip=55057,20251225,patio and outdoor furniture
"Sweet Home Collection™ Mirage Hexagonal Memory Foam No Slip Back 16"" x 16"" Chair Pad Cushion",ppr5008442348,,,42.99,192.99,62.0,277.0,SALE,False,False,available online only,False,False,original,False,True,"['# Pieces In Set: 2', 'Features: Slip Resistant, Universal Fit, Memory Foam, Fade Resistant, Wrinkle Resistant', 'Finishing Feature: Piping', 'Use: Indoor', 'Seat Cushion Measurements: 16 Height/Inches, 1.5 Depth/Inches, 16 Width/Inches']",0.0,0.0,SALE,False,False,70902970018,USD,sweet home collection,"[{'colorName': 'Navy Blue White', 'swatchImageId': 'DP0327202409081595S.tif', 'colorizedImageId': 'DP0327202409081389M.tif', 'colorSeqNum': 1, 'skuId': '70902970026', 'defaultSwatch': False, 'skuAltImages': [{'imgId': 'DP0327202409082006M.tif', 'colorSeq': 0}, {'imgId': 'DP0327202409081800M.tif', 'colorSeq': 1}, {'imgId': 'DP0327202409081182M.tif', 'colorSeq': 2}]}, {'colorName': 'Grey White', 'swatchImageId': 'DP0327202409080256S.tif', 'colorizedImageId': 'DP0327202409080049M.tif', 'colorSeqNum': 2, 'skuId': '70902970018', 'defaultSwatch': False, 'skuAltImages': [{'imgId': 'DP0327202409080666M.tif', 'colorSeq': 0}, {'imgId': 'DP0327202409080460M.tif', 'colorSeq': 1}, {'imgId': 'DP0327202409075845M.tif', 'colorSeq': 2}]}, {'colorName': 'Wine White', 'swatchImageId': 'DP0328202407170287S.tif', 'colorizedImageId': 'DP0328202407170184M.tif', 'colorSeqNum': 3, 'skuId': '70902970034', 'defaultSwatch': False, 'skuAltImages': [{'imgId': 'DP0328202407170493M.tif', 'colorSeq': 0}, {'imgId': 'DP0328202407170390M.tif', 'colorSeq': 1}, {'imgId': 'DP0328202407170081M.tif', 'colorSeq': 2}]}]",/p/sweet-home-collection-mirage-hexagonal-memory-foam-no-slip-back-16-x-16-chair-pad-cushion/ppr5008442348?pTmplType=regular&searchTerm=patio+and+outdoor+furniture&geoZip=55057,"[{'message': 'Online Only', 'icon': 'mouse'}, {'message': 'Available for Shipping', 'icon': 'check'}]",False,709,True,135.09,30.09,YULETIDE,False,False,2024-04-09T17:02:13,DP0327202409081389M.tif,DP0327202409082006M.tif,,,https://www.jcpenney.com/p/sweet-home-collection-mirage-hexagonal-memory-foam-no-slip-back-16-x-16-chair-pad-cushion/ppr5008442348?pTmplType=regular&searchTerm=patio+and+outdoor+furniture&geoZip=55057,20251225,patio and outdoor furniture
Sunnydaze Collection Patio Umbrella,ppr5008095851,4.6154,13.0,150.0,150.0,150.0,150.0,ORIGINAL,False,False,available online only,False,False,original,False,True,"['Features: Quick Ship, Tiltable, Vented, Water Repellent', 'Manufacturer Warranty: 1 Year', 'Shape: Octagon', 'Measurements: 108 Width/Inches, 96 Height/Inches, 108 Length/Inches', 'Diameter: 9 Ft']",0.0,0.0,ORIGINAL,False,False,79111040042,USD,more brands,"[{'colorName': 'Green', 'swatchImageId': 'DP1011202515005471S.tif', 'colorizedImageId': 'DP1011202515004737M.tif', 'colorSeqNum': 1, 'skuId': '79111040067', 'defaultSwatch': False, 'skuAltImages': [{'imgId': 'DP1011202515012712M.tif', 'colorSeq': 0}, {'imgId': 'DP1011202515011877M.tif', 'colorSeq': 1}, {'imgId': 'DP1011202515010832M.tif', 'colorSeq': 2}]}, {'colorName': 'Cream', 'swatchImageId': 'DP1011202515005051S.tif', 'colorizedImageId': 'DP1011202515004318M.tif', 'colorSeqNum': 2, 'skuId': '79111040018', 'defaultSwatch': False, 'skuAltImages': [{'imgId': 'DP1011202515012399M.tif', 'colorSeq': 0}, {'imgId': 'DP1011202515011563M.tif', 'colorSeq': 1}, {'imgId': 'DP1011202515010518M.tif', 'colorSeq': 2}]}, {'colorName': 'Red', 'swatchImageId': 'DP1011202515005680S.tif', 'colorizedImageId': 'DP1011202515004946M.tif', 'colorSeqNum': 3, 'skuId': '79111040026', 'defaultSwatch': False, 'skuAltImages': [{'imgId': 'DP1011202515012921M.tif', 'colorSeq': 0}, {'imgId': 'DP1011202515012085M.tif', 'colorSeq': 1}, {'imgId': 'DP1011202515011041M.tif', 'colorSeq': 2}]}, {'colorName': 'Dark Blue', 'swatchImageId': 'DP1011202515005156S.tif', 'colorizedImageId': 'DP1011202515004423M.tif', 'colorSeqNum': 4, 'skuId': '79111040034', 'defaultSwatch': False, 'skuAltImages': [{'imgId': 'DP1011202515012504M.tif', 'colorSeq': 0}, {'imgId': 'DP1011202515011668M.tif', 'colorSeq': 1}, {'imgId': 'DP1011202515010623M.tif', 'colorSeq': 2}]}, {'colorName': 'Dark Orange', 'swatchImageId': 'DP1011202515005261S.tif', 'colorizedImageId': 'DP1011202515004527M.tif', 'colorSeqNum': 5, 'skuId': '79111040042', 'defaultSwatch': False, 'skuAltImages': [{'imgId': 'DP1011202515013026M.tif', 'colorSeq': 0}, {'imgId': 'DP1011202515003795M.tif', 'colorSeq': 1}, {'imgId': 'DP1011202515005994M.tif', 'colorSeq': 11}]}, {'colorName': 'Light Blue', 'swatchImageId': 'DP1011202515005576S.tif', 'colorizedImageId': 'DP1011202515004842M.tif', 'colorSeqNum': 6, 'skuId': '79111040059', 'defaultSwatch': False, 'skuAltImages': [{'imgId': 'DP1011202515012817M.tif', 'colorSeq': 0}, {'imgId': 'DP1011202515011982M.tif', 'colorSeq': 1}, {'imgId': 'DP1011202515010937M.tif', 'colorSeq': 2}]}, {'colorName': 'Gold', 'swatchImageId': 'DP1011202515005366S.tif', 'colorizedImageId': 'DP1011202515004632M.tif', 'colorSeqNum': 7, 'skuId': '79111040075', 'defaultSwatch': False, 'skuAltImages': [{'imgId': 'DP1011202515012608M.tif', 'colorSeq': 0}, {'imgId': 'DP1011202515011772M.tif', 'colorSeq': 1}, {'imgId': 'DP1011202515010728M.tif', 'colorSeq': 2}]}]",/p/sunnydaze-collection-patio-umbrella/ppr5008095851?pTmplType=regular&searchTerm=patio+and+outdoor+furniture&geoZip=55057,"[{'message': 'Online Only', 'icon': 'mouse'}, {'message': 'Available for Shipping', 'icon': 'check'}]",False,791,True,,,,False,False,2021-03-19T22:03:00,DP1011202515004737M.tif,DP1011202515012712M.tif,,,https://www.jcpenney.com/p/sunnydaze-collection-patio-umbrella/ppr5008095851?pTmplType=regular&searchTerm=patio+and+outdoor+furniture&geoZip=55057,20251225,patio and outdoor furniture
Sunnydaze® 9-Foot Patio Umbrella with Push Button Tilt,ppr5008109635,4.6429,14.0,160.0,160.0,160.0,160.0,ORIGINAL,False,False,available online only,False,False,original,False,True,"['Features: Tiltable, Weather Resistant, Water Repellent, Quick Ship, Vented', 'Manufacturer Warranty: 1 Year', 'Shape: Octagon', 'Measurements: 104 Width/Inches, 91 Height/Inches, 104 Length/Inches', 'Diameter: 9 Ft']",0.0,0.0,ORIGINAL,False,False,79110850034,USD,more brands,"[{'colorName': 'Dark Gray Stripe', 'swatchImageId': 'DP0319202113004117S.tif', 'colorizedImageId': 'DP0319202113004108M.tif', 'colorSeqNum': 1, 'skuId': '79110850026', 'defaultSwatch': False, 'skuAltImages': [{'imgId': 'DP0319202113004136M.tif', 'colorSeq': 0}, {'imgId': 'DP0319202113004127M.tif', 'colorSeq': 1}]}, {'colorName': 'Dark Red Stripe', 'swatchImageId': 'DP1016202507153609S.tif', 'colorizedImageId': 'DP1016202507153401M.tif', 'colorSeqNum': 2, 'skuId': '79110850018', 'defaultSwatch': False, 'skuAltImages': [{'imgId': 'DP1016202507154540M.tif', 'colorSeq': 0}, {'imgId': 'DP1016202507154334M.tif', 'colorSeq': 1}, {'imgId': 'DP1016202507154127M.tif', 'colorSeq': 2}]}, {'colorName': 'Navy Blue Stripe', 'swatchImageId': 'DP1016202507153713S.tif', 'colorizedImageId': 'DP1016202507153504M.tif', 'colorSeqNum': 3, 'skuId': '79110850034', 'defaultSwatch': False, 'skuAltImages': [{'imgId': 'DP1016202507154643M.tif', 'colorSeq': 1}, {'imgId': 'DP1016202507154437M.tif', 'colorSeq': 2}, {'imgId': 'DP1016202507154231M.tif', 'colorSeq': 3}]}]",/p/sunnydaze-9-foot-patio-umbrella-with-push-button-tilt/ppr5008109635?pTmplType=regular&searchTerm=patio+and+outdoor+furniture&geoZip=55057,"[{'message': 'Online Only', 'icon': 'mouse'}, {'message': 'Available for Shipping', 'icon': 'check'}]",False,791,True,,,,False,False,2021-04-09T12:48:54,DP0319202113004108M.tif,DP0319202113004136M.tif,,,https://www.jcpenney.com/p/sunnydaze-9-foot-patio-umbrella-with-push-button-tilt/ppr5008109635?pTmplType=regular&searchTerm=patio+and+outdoor+furniture&geoZip=55057,20251225,patio and outdoor furniture
"Sweet Home Collection™ Alexis Memory Foam No Slip Back 16"" x 16"" Chair Pad Cushion",ppr5008442324,4.75,16.0,42.99,169.99,62.0,243.0,SALE,False,False,available online only,False,False,original,False,True,"['# Pieces In Set: 2', 'Features: Slip Resistant, Universal Fit, Fade Resistant, Memory Foam, Wrinkle Resistant', 'Finishing Feature: Piping', 'Use: Indoor', 'Seat Cushion Measurements: 16 Width/Inches, 16 Height/Inches, 1.5 Depth/Inches']",0.0,0.0,SALE,False,False,70901000034,USD,sweet home collection,"[{'colorName': 'Gray Silver', 'swatchImageId': 'DP0327202409023961S.tif', 'colorizedImageId': 'DP0327202409023450M.tif', 'colorSeqNum': 1, 'skuId': '70901000083', 'defaultSwatch': False, 'skuAltImages': [{'imgId': 'DP0327202409025506M.tif', 'colorSeq': 0}, {'imgId': 'DP0327202409024682M.tif', 'colorSeq': 1}, {'imgId': 'DP0327202409022833M.tif', 'colorSeq': 2}]}, {'colorName': 'Chocolate', 'swatchImageId': 'DP0327202407230732S.tif', 'colorizedImageId': 'DP0327202407225913M.tif', 'colorSeqNum': 3, 'skuId': '70901000026', 'defaultSwatch': False, 'skuAltImages': [{'imgId': 'DP0327202407233194M.tif', 'colorSeq': 0}, {'imgId': 'DP0327202407232374M.tif', 'colorSeq': 1}, {'imgId': 'DP0327202407231553M.tif', 'colorSeq': 2}]}, {'colorName': 'Cream Brown', 'swatchImageId': 'DP0327202409022009S.tif', 'colorizedImageId': 'DP0327202409021700M.tif', 'colorSeqNum': 4, 'skuId': '70901000034', 'defaultSwatch': False, 'skuAltImages': [{'imgId': 'DP0327202409025197M.tif', 'colorSeq': 0}, {'imgId': 'DP0327202409024374M.tif', 'colorSeq': 1}, {'imgId': 'DP0327202409022524M.tif', 'colorSeq': 2}]}, {'colorName': 'Denim', 'swatchImageId': 'DP0327202409022113S.tif', 'colorizedImageId': 'DP0327202409021803M.tif', 'colorSeqNum': 5, 'skuId': '70901000042', 'defaultSwatch': False, 'skuAltImages': [{'imgId': 'DP0327202409025300M.tif', 'colorSeq': 0}, {'imgId': 'DP0327202409024477M.tif', 'colorSeq': 1}, {'imgId': 'DP0327202409022627M.tif', 'colorSeq': 2}]}, {'colorName': 'Gold', 'swatchImageId': 'DP0327202409023859S.tif', 'colorizedImageId': 'DP0327202409023347M.tif', 'colorSeqNum': 6, 'skuId': '70901000059', 'defaultSwatch': False, 'skuAltImages': [{'imgId': 'DP0327202409025403M.tif', 'colorSeq': 0}, {'imgId': 'DP0327202409024580M.tif', 'colorSeq': 1}, {'imgId': 'DP0327202409022730M.tif', 'colorSeq': 2}]}, {'colorName': 'Grey White', 'swatchImageId': 'DP0327202409022215S.tif', 'colorizedImageId': 'DP0327202409021906M.tif', 'colorSeqNum': 7, 'skuId': '70901000067', 'defaultSwatch': False, 'skuAltImages': [{'imgId': 'DP0327202409025609M.tif', 'colorSeq': 0}, {'imgId': 'DP0327202409024785M.tif', 'colorSeq': 1}, {'imgId': 'DP0327202409022936M.tif', 'colorSeq': 2}]}, {'colorName': 'Linen Beige', 'swatchImageId': 'DP0327202409024065S.tif', 'colorizedImageId': 'DP0327202409023553M.tif', 'colorSeqNum': 8, 'skuId': '70901000075', 'defaultSwatch': False, 'skuAltImages': [{'imgId': 'DP0327202409025712M.tif', 'colorSeq': 0}, {'imgId': 'DP0327202409024888M.tif', 'colorSeq': 1}, {'imgId': 'DP0327202409023039M.tif', 'colorSeq': 2}]}]",/p/sweet-home-collection-alexis-memory-foam-no-slip-back-16-x-16-chair-pad-cushion/ppr5008442324?pTmplType=regular&searchTerm=patio+and+outdoor+furniture&geoZip=55057,"[{'message': 'Online Only', 'icon': 'mouse'}, {'message': 'Available for Shipping', 'icon': 'check'}]",False,709,True,118.99,30.09,YULETIDE,False,False,2024-04-09T17:02:12,DP0327202409023450M.tif,DP0327202409025506M.tif,,,https://www.jcpenney.com/p/sweet-home-collection-alexis-memory-foam-no-slip-back-16-x-16-chair-pad-cushion/ppr5008442324?pTmplType=regular&searchTerm=patio+and+outdoor+furniture&geoZip=55057,20251225,patio and outdoor furniture
Corsica 2-pc. Dining Chair,ppr5008333946,,,430.0,430.0,430.0,430.0,ORIGINAL,False,False,available online only,False,False,original,False,True,"['# Pieces In Set: 2', 'Included: 2 Chair(s)', 'Features: Water Resistant, Quick Ship', 'Manufacturer Warranty: 90 Days Limited', 'Seating Capacity: 2']",0.0,0.0,ORIGINAL,False,False,79121780018,USD,more brands,"[{'colorName': 'Beige', 'swatchImageId': 'DP0223202307234952S.tif', 'colorizedImageId': 'DP0223202307234331M.tif', 'colorSeqNum': 1, 'skuId': '79121780018', 'defaultSwatch': False, 'skuAltImages': [{'imgId': 'DP0223202307234539M.tif', 'colorSeq': 0}, {'imgId': 'DP0223202307234642M.tif', 'colorSeq': 1}, {'imgId': 'DP0223202307234122M.tif', 'colorSeq': 2}]}]",/p/corsica-2-pc-dining-chair/ppr5008333946?pTmplType=regular&searchTerm=patio+and+outdoor+furniture&geoZip=55057,"[{'message': 'Online Only', 'icon': 'mouse'}, {'message': 'Available for Shipping', 'icon': 'check'}]",False,791,True,387.0,387.0,GIFTWRAP,False,False,2023-02-23T22:03:32,DP0223202307234331M.tif,DP0223202307234539M.tif,"[{'name': 'Few Left', 'priority': 1, 'urlParam': 'fewleft'}]",,https://www.jcpenney.com/p/corsica-2-pc-dining-chair/ppr5008333946?pTmplType=regular&searchTerm=patio+and+outdoor+furniture&geoZip=55057,20251225,patio and outdoor furniture
Annalise Patio Collection Side Table,ppr5008090573,5.0,1.0,320.0,320.0,320.0,320.0,ORIGINAL,False,False,available online only,False,False,original,False,True,"['Included: 1 Table(s)', 'Features: Weather Resistant, Quick Ship', 'Joinery: Screwed, Welded Joint', 'Tools Required: Screws (included), Allen Wrench (included)', 'Bar Measurements: 18.5 Width/Inches, 29.3 Height/Inches, 18.5 Depth/Inches']",0.0,0.0,ORIGINAL,False,False,79108570018,USD,more brands,"[{'colorName': 'Rustic Brown', 'swatchImageId': 'DP0302202115030924S.tif', 'colorizedImageId': 'DP0302202115030916M.tif', 'colorSeqNum': 1, 'skuId': '79108570018', 'defaultSwatch': False, 'skuAltImages': [{'imgId': 'DP0302202115030956M.tif', 'colorSeq': 0}, {'imgId': 'DP0302202115030948M.tif', 'colorSeq': 1}, {'imgId': 'DP0302202115030940M.tif', 'colorSeq': 2}]}, {'colorName': 'Antique Blue', 'swatchImageId': 'DP0302202115030920S.tif', 'colorizedImageId': 'DP0302202115030912M.tif', 'colorSeqNum': 2, 'skuId': '79108570026', 'defaultSwatch': False, 'skuAltImages': [{'imgId': 'DP0302202115030952M.tif', 'colorSeq': 0}, {'imgId': 'DP0302202115030944M.tif', 'colorSeq': 1}, {'imgId': 'DP0302202115030937M.tif', 'colorSeq': 2}]}]",/p/annalise-patio-collection-side-table/ppr5008090573?pTmplType=regular&searchTerm=patio+and+outdoor+furniture&geoZip=55057,"[{'message': 'Online Only', 'icon': 'mouse'}, {'message': 'Available for Shipping', 'icon': 'check'}]",False,791,True,288.0,288.0,GIFTWRAP,False,False,2021-03-02T22:04:27,DP0302202115030916M.tif,DP0302202115030956M.tif,,,https://www.jcpenney.com/p/annalise-patio-collection-side-table/ppr5008090573?pTmplType=regular&searchTerm=patio+and+outdoor+furniture&geoZip=55057,20251225,patio and outdoor furniture
Mozaic Company Tufted U-Shaped Solid Seat Cushion (Set of 2),ppr5008321237,3.0,1.0,54.99,63.99,92.0,108.0,SALE,False,False,available online only,False,False,original,False,True,"['# Pieces In Set: 2', 'Features: Tufted', 'Chair Fastening: String Ties', 'Finishing Feature: Knife-Edge', 'Use: Outdoor']",0.0,0.0,SALE,False,False,62734050018,USD,more brands,"[{'colorName': 'Blue', 'swatchImageId': 'DP0203202307134882S.tif', 'colorizedImageId': 'DP0203202307134779M.tif', 'colorSeqNum': 1, 'skuId': '62734680018', 'defaultSwatch': False, 'skuAltImages': [{'imgId': 'DP0203202307134985M.tif', 'colorSeq': 0}, {'imgId': 'DP0203202307135090M.tif', 'colorSeq': 1}]}, {'colorName': 'Natural', 'swatchImageId': 'DP0203202307131278S.tif', 'colorizedImageId': 'DP0203202307131175M.tif', 'colorSeqNum': 2, 'skuId': '62734350018', 'defaultSwatch': False, 'skuAltImages': [{'imgId': 'DP0110202307325247M.tif', 'colorSeq': 0}, {'imgId': 'DP0203202307131072M.tif', 'colorSeq': 1}]}, {'colorName': 'Charcoal', 'swatchImageId': 'DP0202202307131090S.tif', 'colorizedImageId': 'DP0202202307130988M.tif', 'colorSeqNum': 3, 'skuId': '62734050018', 'defaultSwatch': False, 'skuAltImages': [{'imgId': 'DP0110202307324735M.tif', 'colorSeq': 0}, {'imgId': 'DP0202202307130885M.tif', 'colorSeq': 1}]}, {'colorName': 'Mare', 'swatchImageId': 'DP0203202307124909S.tif', 'colorizedImageId': 'DP0203202307124806M.tif', 'colorSeqNum': 4, 'skuId': '62734010042', 'defaultSwatch': False, 'skuAltImages': [{'imgId': 'DP0110202307324632M.tif', 'colorSeq': 0}, {'imgId': 'DP0203202307124703M.tif', 'colorSeq': 1}]}, {'colorName': 'Apple Green', 'swatchImageId': 'DP0110202307322363S.tif', 'colorizedImageId': 'DP0110202307322260M.tif', 'colorSeqNum': 5, 'skuId': '62732690034', 'defaultSwatch': False, 'skuAltImages': [{'imgId': 'DP0110202307322467M.tif', 'colorSeq': 0}, {'imgId': 'DP0110202307322158M.tif', 'colorSeq': 1}]}, {'colorName': 'Atlantis', 'swatchImageId': 'DP0110202307321953S.tif', 'colorizedImageId': 'DP0110202307321850M.tif', 'colorSeqNum': 6, 'skuId': '62732580042', 'defaultSwatch': False, 'skuAltImages': [{'imgId': 'DP0110202307322055M.tif', 'colorSeq': 0}, {'imgId': 'DP0110202307321748M.tif', 'colorSeq': 1}]}, {'colorName': 'Daffodil', 'swatchImageId': 'DP0110202307310657S.tif', 'colorizedImageId': 'DP0110202307310552M.tif', 'colorSeqNum': 7, 'skuId': '62732030026', 'defaultSwatch': False, 'skuAltImages': [{'imgId': 'DP0110202307310450M.tif', 'colorSeq': 0}, {'imgId': 'DP0110202307310347M.tif', 'colorSeq': 1}]}]",/p/mozaic-company-tufted-u-shaped-solid-seat-cushion-set-of-2/ppr5008321237?pTmplType=regular&searchTerm=patio+and+outdoor+furniture&geoZip=55057,"[{'message': 'Online Only', 'icon': 'mouse'}, {'message': 'Available for Shipping', 'icon': 'check'}]",False,627,True,57.59,49.49,YULETIDE,False,False,2023-01-27T15:04:00,DP0203202307134779M.tif,DP0203202307134985M.tif,,,https://www.jcpenney.com/p/mozaic-company-tufted-u-shaped-solid-seat-cushion-set-of-2/ppr5008321237?pTmplType=regular&searchTerm=patio+and+outdoor+furniture&geoZip=55057,20251225,patio and outdoor furniture
Mozaic Company 22.5''X22.5''X 5'' Deep Seating Patio Chair Cushion,ppr5008321162,,,84.99,84.99,142.0,142.0,SALE,False,False,available online only,False,False,original,False,True,"['Features: Weather Resistant', 'Finishing Feature: Cording', 'Use: Outdoor', 'Seat Cushion Measurements: 22.5 Width/Inches, 22.5 Depth/Inches, 5 Height/Inches', 'Base Material: 100% Polyester']",0.0,0.0,SALE,False,False,62730990018,USD,more brands,"[{'colorName': 'Black', 'swatchImageId': 'DP0110202307270028S.tif', 'colorizedImageId': 'DP0110202307265925M.tif', 'colorSeqNum': 1, 'skuId': '62730990018', 'defaultSwatch': False, 'skuAltImages': [{'imgId': 'DP0110202307265822M.tif', 'colorSeq': 0}, {'imgId': 'DP0110202307265718M.tif', 'colorSeq': 1}]}, {'colorName': 'Natural', 'swatchImageId': 'DP0110202307270437S.tif', 'colorizedImageId': 'DP0110202307270335M.tif', 'colorSeqNum': 2, 'skuId': '62731000018', 'defaultSwatch': False, 'skuAltImages': [{'imgId': 'DP0110202307270233M.tif', 'colorSeq': 0}, {'imgId': 'DP0110202307270131M.tif', 'colorSeq': 1}]}]",/p/mozaic-company-225x225x-5-deep-seating-patio-chair-cushion/ppr5008321162?pTmplType=regular&searchTerm=patio+and+outdoor+furniture&geoZip=55057,"[{'message': 'Online Only', 'icon': 'mouse'}, {'message': 'Available for Shipping', 'icon': 'check'}]",False,627,True,76.49,76.49,YULETIDE,False,False,2023-01-27T15:03:59,DP0110202307265925M.tif,DP0110202307265822M.tif,,,https://www.jcpenney.com/p/mozaic-company-225x225x-5-deep-seating-patio-chair-cushion/ppr5008321162?pTmplType=regular&searchTerm=patio+and+outdoor+furniture&geoZip=55057,20251225,patio and outdoor furniture
Safavieh Copen Patio Umbrella,ppr5008446155,5.0,1.0,180.0,180.0,180.0,180.0,ORIGINAL,False,False,available online only,False,False,original,False,True,"['Features: Quick Ship, Weather Resistant, Uv Protection', 'Shape: Octagon', 'Measurements: 87.8 Height/Inches, 73.6 Depth/Inches, 73.6 Width/Inches', 'Diameter: 6 Ft', 'Weight (lb.): 5 Lb']",0.0,0.0,ORIGINAL,False,False,79131180026,USD,safavieh,"[{'colorName': 'Black Stripe', 'swatchImageId': 'DP0423202411152351S.tif', 'colorizedImageId': 'DP0423202411151739M.tif', 'colorSeqNum': 1, 'skuId': '79131180026', 'defaultSwatch': False, 'skuAltImages': [{'imgId': 'DP0423202411152046M.tif', 'colorSeq': 0}, {'imgId': 'DP0423202411151432M.tif', 'colorSeq': 1}]}, {'colorName': 'Navy Stripe', 'swatchImageId': 'DP0423202411152556S.tif', 'colorizedImageId': 'DP0423202411151944M.tif', 'colorSeqNum': 2, 'skuId': '79131180034', 'defaultSwatch': False, 'skuAltImages': [{'imgId': 'DP0423202411152249M.tif', 'colorSeq': 0}, {'imgId': 'DP0423202411151636M.tif', 'colorSeq': 1}]}, {'colorName': 'Light Blue Stripe', 'swatchImageId': 'DP0423202411152453S.tif', 'colorizedImageId': 'DP0423202411151842M.tif', 'colorSeqNum': 3, 'skuId': '79131180042', 'defaultSwatch': False, 'skuAltImages': [{'imgId': 'DP0423202411152147M.tif', 'colorSeq': 0}, {'imgId': 'DP0423202411151535M.tif', 'colorSeq': 1}]}]",/p/safavieh-copen-patio-umbrella/ppr5008446155?pTmplType=regular&searchTerm=patio+and+outdoor+furniture&geoZip=55057,"[{'message': 'Online Only', 'icon': 'mouse'}, {'message': 'Available for Shipping', 'icon': 'check'}]",False,791,True,162.0,162.0,GIFTWRAP,False,False,2024-04-23T22:04:34,DP0423202411151739M.tif,DP0423202411152046M.tif,,,https://www.jcpenney.com/p/safavieh-copen-patio-umbrella/ppr5008446155?pTmplType=regular&searchTerm=patio+and+outdoor+furniture&geoZip=55057,20251225,patio and outdoor furniture
Ariana Lounge Chair,ppr5008328386,,,620.0,620.0,620.0,620.0,ORIGINAL,False,False,available online only,False,False,original,False,True,"['Included: 1 Chair(s), 1 Seat Cushion(s)', 'Features: Quick Ship, 4 Legs, Wear Resistant', 'Manufacturer Warranty: 90 Days', 'Seating Capacity: 2', 'Tools Required: Allen Wrench (included), Screws (included)']",0.0,0.0,ORIGINAL,False,False,79121300026,USD,more brands,"[{'colorName': 'White', 'swatchImageId': 'DP0204202307034432S.tif', 'colorizedImageId': 'DP0204202307034122M.tif', 'colorSeqNum': 1, 'skuId': '79121300018', 'defaultSwatch': False, 'skuAltImages': [{'imgId': 'DP0204202307034842M.tif', 'colorSeq': 0}, {'imgId': 'DP0204202307034945M.tif', 'colorSeq': 1}, {'imgId': 'DP0204202307035049M.tif', 'colorSeq': 2}]}, {'colorName': 'Brown', 'swatchImageId': 'DP0204202307034328S.tif', 'colorizedImageId': 'DP0204202307034019M.tif', 'colorSeqNum': 2, 'skuId': '79121300026', 'defaultSwatch': False, 'skuAltImages': [{'imgId': 'DP0204202307034225M.tif', 'colorSeq': 0}, {'imgId': 'DP0204202307033814M.tif', 'colorSeq': 1}, {'imgId': 'DP0204202307034740M.tif', 'colorSeq': 2}]}]",/p/ariana-lounge-chair/ppr5008328386?pTmplType=regular&searchTerm=patio+and+outdoor+furniture&geoZip=55057,"[{'message': 'Online Only', 'icon': 'mouse'}, {'message': 'Available for Shipping', 'icon': 'check'}]",False,791,True,558.0,558.0,GIFTWRAP,False,False,2023-02-06T07:06:07,DP0204202307034122M.tif,DP0204202307034842M.tif,,,https://www.jcpenney.com/p/ariana-lounge-chair/ppr5008328386?pTmplType=regular&searchTerm=patio+and+outdoor+furniture&geoZip=55057,20251225,patio and outdoor furniture
Sunnydaze Patio Furniture Hammock,ppr5008102522,,,160.0,160.0,160.0,160.0,ORIGINAL,False,False,available online only,False,False,original,False,True,"['Included: 1 Hammock(s), 1 Pillow(s)', 'Features: Uv Protection, Quick Ship', 'Manufacturer Warranty: 1 Year', 'Seating Capacity: 2', 'Measurements: 55 Width/Inches, 55 Depth/Inches, 1 Height/Inches']",0.0,0.0,ORIGINAL,False,False,79112570026,USD,more brands,"[{'colorName': 'Blue', 'swatchImageId': 'DP1024202507115863S.tif', 'colorizedImageId': 'DP1024202507115758M.tif', 'colorSeqNum': 1, 'skuId': '79112570026', 'defaultSwatch': False, 'skuAltImages': [{'imgId': 'DP1024202507120386M.tif', 'colorSeq': 0}, {'imgId': 'DP0406202107022705M.tif', 'colorSeq': 1}, {'imgId': 'DP0406202107022699M.tif', 'colorSeq': 2}]}]",/p/sunnydaze-patio-furniture-hammock/ppr5008102522?pTmplType=regular&searchTerm=patio+and+outdoor+furniture&geoZip=55057,"[{'message': 'Online Only', 'icon': 'mouse'}, {'message': 'Available for Shipping', 'icon': 'check'}]",False,791,True,,,,False,False,2021-04-15T17:03:30,DP1024202507115758M.tif,DP1024202507120386M.tif,,,https://www.jcpenney.com/p/sunnydaze-patio-furniture-hammock/ppr5008102522?pTmplType=regular&searchTerm=patio+and+outdoor+furniture&geoZip=55057,20251225,patio and outdoor furniture
Hollywood Rocking Chair,ppr5008367199,,,350.0,350.0,350.0,350.0,ORIGINAL,False,False,available online only,False,False,original,False,True,"['Included: 1 Chair(s)', 'Features: Easy Clean, Easy To Use, Quick Ship, Easy Care, 4 Legs', 'Manufacturer Warranty: 90 Days Limited', 'Seating Capacity: 1', 'Tools Required: Screws (included), Allen Wrench (included)']",0.0,0.0,ORIGINAL,False,False,79126340018,USD,more brands,"[{'colorName': 'Dark Brown', 'swatchImageId': 'DP1023202517024567S.tif', 'colorizedImageId': 'DP1023202517024462M.tif', 'colorSeqNum': 1, 'skuId': '79126340018', 'defaultSwatch': False, 'skuAltImages': [{'imgId': 'DP1023202517024880M.tif', 'colorSeq': 0}, {'imgId': 'DP1023202517024775M.tif', 'colorSeq': 1}, {'imgId': 'DP1023202517024672M.tif', 'colorSeq': 2}]}]",/p/hollywood-rocking-chair/ppr5008367199?pTmplType=regular&searchTerm=patio+and+outdoor+furniture&geoZip=55057,"[{'message': 'Online Only', 'icon': 'mouse'}, {'message': 'Available for Shipping', 'icon': 'check'}]",False,791,True,315.0,315.0,GIFTWRAP,False,False,2025-10-23T22:05:51,DP1023202517024462M.tif,DP1023202517024880M.tif,"[{'name': 'NEW', 'priority': 1, 'urlParam': 'new'}]",,https://www.jcpenney.com/p/hollywood-rocking-chair/ppr5008367199?pTmplType=regular&searchTerm=patio+and+outdoor+furniture&geoZip=55057,20251225,patio and outdoor furniture
"Sweet Home Collection™ Havana Stripe Patio Cushions Indoor/Outdoor Reversible Chair Pads Tufted 19"" x 19""",ppr5008442358,4.0,3.0,58.99,276.99,85.0,397.0,SALE,False,False,available online only,False,False,original,False,True,"['# Pieces In Set: 2', 'Features: Fade Resistant, Wrinkle Resistant, Reversible, Universal Fit', 'Finishing Feature: Knife-Edge', 'Use: Indoor', 'Seat Cushion Measurements: 5 Depth/Inches, 19 Width/Inches, 19 Height/Inches']",0.0,0.0,SALE,False,False,70903220018,USD,sweet home collection,"[{'colorName': 'Navy Blue', 'swatchImageId': 'DP0403202407241395S.tif', 'colorizedImageId': 'DP0403202407240983M.tif', 'colorSeqNum': 1, 'skuId': '70903220026', 'defaultSwatch': False, 'skuAltImages': [{'imgId': 'DP0403202403004221M.tif', 'colorSeq': 0}, {'imgId': 'DP0403202407240776M.tif', 'colorSeq': 1}, {'imgId': 'DP0403202407241705M.tif', 'colorSeq': 2}]}, {'colorName': 'Peacock Blue White', 'swatchImageId': 'DP0403202407241498S.tif', 'colorizedImageId': 'DP0403202407241086M.tif', 'colorSeqNum': 2, 'skuId': '70903220018', 'defaultSwatch': False, 'skuAltImages': [{'imgId': 'DP0403202407241911M.tif', 'colorSeq': 0}, {'imgId': 'DP0403202407242014M.tif', 'colorSeq': 1}, {'imgId': 'DP0403202403003707M.tif', 'colorSeq': 2}]}, {'colorName': 'Silver White', 'swatchImageId': 'DP0403202407241602S.tif', 'colorizedImageId': 'DP0403202407241189M.tif', 'colorSeqNum': 3, 'skuId': '70903220034', 'defaultSwatch': False, 'skuAltImages': [{'imgId': 'DP0403202407241292M.tif', 'colorSeq': 0}, {'imgId': 'DP0403202407240879M.tif', 'colorSeq': 1}, {'imgId': 'DP0403202407241808M.tif', 'colorSeq': 2}]}]",/p/sweet-home-collection-havana-stripe-patio-cushions-indoor-outdoor-reversible-chair-pads-tufted-19-x-19/ppr5008442358?pTmplType=regular&searchTerm=patio+and+outdoor+furniture&geoZip=55057,"[{'message': 'Online Only', 'icon': 'mouse'}, {'message': 'Available for Shipping', 'icon': 'check'}]",False,709,True,193.89,41.29,YULETIDE,False,False,2024-04-09T17:02:16,DP0403202407240983M.tif,DP0403202403004221M.tif,,,https://www.jcpenney.com/p/sweet-home-collection-havana-stripe-patio-cushions-indoor-outdoor-reversible-chair-pads-tufted-19-x-19/ppr5008442358?pTmplType=regular&searchTerm=patio+and+outdoor+furniture&geoZip=55057,20251225,patio and outdoor furniture
Mozaic Company Sunbrella Deep Seating Pillow and Cushion Set,ppr5008320241,,,209.99,219.99,350.0,367.0,SALE,False,False,available online only,False,False,original,False,True,"['# Pieces In Set: 2', 'Features: Weather Resistant, Water Resistant, Stain Resistant', 'Use: Outdoor', 'Back Cushion Measurements: 25 Depth/Inches, 23 Width/Inches, 5 Height/Inches', 'Seat Cushion Measurements: 5 Height/Inches, 25 Depth/Inches, 23 Width/Inches']",0.0,0.0,SALE,False,False,62730130026,USD,more brands,"[{'colorName': 'Canvas Navy', 'swatchImageId': 'DP0110202307191469S.tif', 'colorizedImageId': 'DP0110202307191366M.tif', 'colorSeqNum': 1, 'skuId': '62730060075', 'defaultSwatch': False, 'skuAltImages': [{'imgId': 'DP0110202307191777M.tif', 'colorSeq': 0}, {'imgId': 'DP0110202307191674M.tif', 'colorSeq': 1}, {'imgId': 'DP0110202307191571M.tif', 'colorSeq': 2}]}, {'colorName': 'Navy', 'swatchImageId': 'DP0110202307190748S.tif', 'colorizedImageId': 'DP0110202307190646M.tif', 'colorSeqNum': 2, 'skuId': '62730040026', 'defaultSwatch': False, 'skuAltImages': [{'imgId': 'DP0110202307191057M.tif', 'colorSeq': 0}, {'imgId': 'DP0110202307190954M.tif', 'colorSeq': 1}, {'imgId': 'DP0110202307190851M.tif', 'colorSeq': 2}]}, {'colorName': 'Canvas Natural', 'swatchImageId': 'DP0110202307190029S.tif', 'colorizedImageId': 'DP0110202307185927M.tif', 'colorSeqNum': 3, 'skuId': '62730030026', 'defaultSwatch': False, 'skuAltImages': [{'imgId': 'DP0110202307190338M.tif', 'colorSeq': 0}, {'imgId': 'DP0110202307190235M.tif', 'colorSeq': 1}, {'imgId': 'DP0110202307190132M.tif', 'colorSeq': 2}]}, {'colorName': 'Canvas Charcoal', 'swatchImageId': 'DP0110202307193632S.tif', 'colorizedImageId': 'DP0110202307193530M.tif', 'colorSeqNum': 4, 'skuId': '62730110026', 'defaultSwatch': False, 'skuAltImages': [{'imgId': 'DP0110202307193942M.tif', 'colorSeq': 0}, {'imgId': 'DP0110202307193838M.tif', 'colorSeq': 1}, {'imgId': 'DP0110202307193736M.tif', 'colorSeq': 2}]}, {'colorName': 'Canvas Aruba', 'swatchImageId': 'DP0110202307194971S.tif', 'colorizedImageId': 'DP0110202307194868M.tif', 'colorSeqNum': 5, 'skuId': '62730130026', 'defaultSwatch': False, 'skuAltImages': [{'imgId': 'DP0110202307195279M.tif', 'colorSeq': 0}, {'imgId': 'DP0110202307195176M.tif', 'colorSeq': 1}, {'imgId': 'DP0110202307195074M.tif', 'colorSeq': 2}]}, {'colorName': 'Canvas Black', 'swatchImageId': 'DP0110202307201130S.tif', 'colorizedImageId': 'DP0110202307201027M.tif', 'colorSeqNum': 7, 'skuId': '62730170018', 'defaultSwatch': False, 'skuAltImages': [{'imgId': 'DP0110202307201438M.tif', 'colorSeq': 0}, {'imgId': 'DP0110202307201335M.tif', 'colorSeq': 1}, {'imgId': 'DP0110202307201233M.tif', 'colorSeq': 2}]}, {'colorName': 'Canvas Taupe', 'swatchImageId': 'DP0110202307202576S.tif', 'colorizedImageId': 'DP0110202307202473M.tif', 'colorSeqNum': 8, 'skuId': '62730240026', 'defaultSwatch': False, 'skuAltImages': [{'imgId': 'DP0110202307202887M.tif', 'colorSeq': 0}, {'imgId': 'DP0110202307202784M.tif', 'colorSeq': 1}, {'imgId': 'DP0110202307202681M.tif', 'colorSeq': 2}]}, {'colorName': 'Canvas Jockey Red', 'swatchImageId': 'DP0110202307203915S.tif', 'colorizedImageId': 'DP0110202307203813M.tif', 'colorSeqNum': 9, 'skuId': '62730310018', 'defaultSwatch': False, 'skuAltImages': [{'imgId': 'DP0110202307204225M.tif', 'colorSeq': 0}, {'imgId': 'DP0110202307204121M.tif', 'colorSeq': 1}, {'imgId': 'DP0110202307204018M.tif', 'colorSeq': 2}]}, {'colorName': 'Canvas True Blue', 'swatchImageId': 'DP0110202307204636S.tif', 'colorizedImageId': 'DP0110202307204533M.tif', 'colorSeqNum': 10, 'skuId': '62730320083', 'defaultSwatch': False, 'skuAltImages': [{'imgId': 'DP0110202307204944M.tif', 'colorSeq': 0}, {'imgId': 'DP0110202307204841M.tif', 'colorSeq': 1}, {'imgId': 'DP0110202307204739M.tif', 'colorSeq': 2}]}]",/p/mozaic-company-sunbrella-deep-seating-pillow-and-cushion-set/ppr5008320241?pTmplType=regular&searchTerm=patio+and+outdoor+furniture&geoZip=55057,"[{'message': 'Online Only', 'icon': 'mouse'}, {'message': 'Available for Shipping', 'icon': 'check'}]",False,627,True,197.99,188.99,YULETIDE,False,False,2023-01-27T15:03:58,DP0110202307191366M.tif,DP0110202307191777M.tif,,,https://www.jcpenney.com/p/mozaic-company-sunbrella-deep-seating-pillow-and-cushion-set/ppr5008320241?pTmplType=regular&searchTerm=patio+and+outdoor+furniture&geoZip=55057,20251225,patio and outdoor furniture
Spink Alcapulco Chair,ppr5008455148,,,940.0,940.0,940.0,940.0,ORIGINAL,False,False,available online only,False,False,original,False,True,"['Included: 1 Chair(s)', 'Features: Easy Installation', 'Joinery: Screwed', 'Manufacturer Warranty: 6 Month', 'Seating Capacity: 1']",0.0,0.0,ORIGINAL,False,False,79131650018,USD,more brands,"[{'colorName': 'Black', 'swatchImageId': 'DP0524202413372089S.tif', 'colorizedImageId': 'DP0524202413371783M.tif', 'colorSeqNum': 1, 'skuId': '79131650018', 'defaultSwatch': False, 'skuAltImages': [{'imgId': 'DP0524202413371884M.tif', 'colorSeq': 0}, {'imgId': 'DP0524202413371986M.tif', 'colorSeq': 1}, {'imgId': 'DP0524202413371681M.tif', 'colorSeq': 2}]}]",/p/spink-alcapulco-chair/ppr5008455148?pTmplType=regular&searchTerm=patio+and+outdoor+furniture&geoZip=55057,"[{'message': 'Online Only', 'icon': 'mouse'}, {'message': 'Available for Shipping', 'icon': 'check'}]",False,791,True,705.0,705.0,RECLINER,False,False,2024-05-24T22:09:02,DP0524202413371783M.tif,DP0524202413371884M.tif,,,https://www.jcpenney.com/p/spink-alcapulco-chair/ppr5008455148?pTmplType=regular&searchTerm=patio+and+outdoor+furniture&geoZip=55057,20251225,patio and outdoor furniture
Catriona Bench,ppr5008330510,,,440.0,440.0,440.0,440.0,ORIGINAL,False,False,available online only,False,False,original,False,True,"['Included: 1 Bench(es)', 'Features: Water Resistant, Quick Ship', 'Manufacturer Warranty: 90 Days Limited', 'Seating Capacity: 2', 'Tools Required: Allen Wrench (included)']",0.0,0.0,ORIGINAL,False,False,79121760018,USD,more brands,"[{'colorName': 'Teak  Rustic Metal', 'swatchImageId': 'DP0215202309162087S.tif', 'colorizedImageId': 'DP0215202309161983M.tif', 'colorSeqNum': 1, 'skuId': '79121760018', 'defaultSwatch': False, 'skuAltImages': [{'imgId': 'DP0215202309162292M.tif', 'colorSeq': 0}, {'imgId': 'DP0215202309162395M.tif', 'colorSeq': 1}, {'imgId': 'DP0215202309162705M.tif', 'colorSeq': 2}]}]",/p/catriona-bench/ppr5008330510?pTmplType=regular&searchTerm=patio+and+outdoor+furniture&geoZip=55057,"[{'message': 'Online Only', 'icon': 'mouse'}, {'message': 'Available for Shipping', 'icon': 'check'}]",False,791,True,396.0,396.0,GIFTWRAP,False,False,2023-02-15T22:06:03,DP0215202309161983M.tif,DP0215202309162292M.tif,,,https://www.jcpenney.com/p/catriona-bench/ppr5008330510?pTmplType=regular&searchTerm=patio+and+outdoor+furniture&geoZip=55057,20251225,patio and outdoor furniture
Petra Iron Coffee Table,ppr5008297256,,,220.0,220.0,220.0,220.0,ORIGINAL,False,False,available online only,False,False,original,False,True,"['Features: 4 Legs', 'Manufacturer Warranty: 90 Days', 'Shape: Rectangle', 'Tools Required: Allen Wrench (included), Screws (included)', 'Maximum Weight Limit: 200 Lbs']",0.0,0.0,ORIGINAL,False,False,79120750018,USD,more brands,"[{'colorName': 'Black', 'swatchImageId': 'DP1117202207275616S.tif', 'colorizedImageId': 'DP1010202207503069M.tif', 'colorSeqNum': 1, 'skuId': '79120750018', 'defaultSwatch': False, 'skuAltImages': [{'imgId': 'DP1010202207503173M.tif', 'colorSeq': 0}, {'imgId': 'DP1010202207503379M.tif', 'colorSeq': 1}, {'imgId': 'DP1010202207503689M.tif', 'colorSeq': 2}]}]",/p/petra-iron-coffee-table/ppr5008297256?pTmplType=regular&searchTerm=patio+and+outdoor+furniture&geoZip=55057,"[{'message': 'Online Only', 'icon': 'mouse'}, {'message': 'Available for Shipping', 'icon': 'check'}]",False,791,True,198.0,198.0,GIFTWRAP,False,False,2022-10-10T22:09:33,DP1010202207503069M.tif,DP1010202207503173M.tif,,,https://www.jcpenney.com/p/petra-iron-coffee-table/ppr5008297256?pTmplType=regular&searchTerm=patio+and+outdoor+furniture&geoZip=55057,20251225,patio and outdoor furniture
Nusa 2-pc. Club Chair,ppr5008376221,,,560.0,560.0,560.0,560.0,ORIGINAL,False,False,available online only,False,False,original,False,True,"['# Pieces In Set: 2', 'Included: 2 Chair(s)', 'Features: Back Support', 'Manufacturer Warranty: 90 Days Limited', 'Seating Capacity: 2']",0.0,0.0,ORIGINAL,False,False,79126620018,USD,more brands,"[{'colorName': 'Black', 'swatchImageId': 'DP0705202307101102S.tif', 'colorizedImageId': 'DP0705202307100690M.tif', 'colorSeqNum': 1, 'skuId': '79126620018', 'defaultSwatch': False, 'skuAltImages': [{'imgId': 'DP0705202307100793M.tif', 'colorSeq': 0}, {'imgId': 'DP0705202307100896M.tif', 'colorSeq': 1}, {'imgId': 'DP0705202307100484M.tif', 'colorSeq': 2}]}]",/p/nusa-2-pc-club-chair/ppr5008376221?pTmplType=regular&searchTerm=patio+and+outdoor+furniture&geoZip=55057,"[{'message': 'Online Only', 'icon': 'mouse'}, {'message': 'Available for Shipping', 'icon': 'check'}]",False,791,True,504.0,504.0,GIFTWRAP,False,False,2023-07-10T07:08:27,DP0705202307100690M.tif,DP0705202307100793M.tif,,,https://www.jcpenney.com/p/nusa-2-pc-club-chair/ppr5008376221?pTmplType=regular&searchTerm=patio+and+outdoor+furniture&geoZip=55057,20251225,patio and outdoor furniture
Sunnydaze Patio Collection Hammock Swing Chair,ppr5008102497,4.6667,15.0,200.0,200.0,200.0,200.0,ORIGINAL,False,False,available online only,False,False,original,False,True,"['Included: 1 Hammock(s), 1 Set of Assembly Instructions', 'Features: Quick Ship', 'Manufacturer Warranty: 1 Year', 'Seating Capacity: 1', 'Measurements: 36 Depth/Inches, 48 Height/Inches, 47 Width/Inches']",0.0,0.0,ORIGINAL,False,False,79112300018,USD,more brands,"[{'colorName': 'Light Brown', 'swatchImageId': 'DP1016202507163507S.tif', 'colorizedImageId': 'DP1016202507163403M.tif', 'colorSeqNum': 1, 'skuId': '79112300018', 'defaultSwatch': False, 'skuAltImages': [{'imgId': 'DP1016202507164025M.tif', 'colorSeq': 0}, {'imgId': 'DP1016202507163922M.tif', 'colorSeq': 1}, {'imgId': 'DP1016202507163819M.tif', 'colorSeq': 2}]}]",/p/sunnydaze-patio-collection-hammock-swing-chair/ppr5008102497?pTmplType=regular&searchTerm=patio+and+outdoor+furniture&geoZip=55057,"[{'message': 'Online Only', 'icon': 'mouse'}, {'message': 'Available for Shipping', 'icon': 'check'}]",False,791,True,,,,False,False,2021-04-13T19:02:09,DP1016202507163403M.tif,DP1016202507164025M.tif,,,https://www.jcpenney.com/p/sunnydaze-patio-collection-hammock-swing-chair/ppr5008102497?pTmplType=regular&searchTerm=patio+and+outdoor+furniture&geoZip=55057,20251225,patio and outdoor furniture
Mozaic Company Sunbrella Bench Cushion Corded,ppr5008320356,,,138.99,189.99,233.0,317.0,SALE,False,False,available online only,False,False,original,False,True,"['Features: Water Resistant, Stain Resistant, Weather Resistant', 'Finishing Feature: Cording', 'Use: Outdoor', 'Seat Cushion Measurements: 3 Height/Inches, 60 Depth/Inches, 19 Width/Inches', 'Base Material: 100% Acrylic']",0.0,0.0,SALE,False,False,62730550026,USD,more brands,"[{'colorName': 'Canvas Navy', 'swatchImageId': 'DP0110202307233831S.tif', 'colorizedImageId': 'DP0110202307233728M.tif', 'colorSeqNum': 1, 'skuId': '62730400018', 'defaultSwatch': False, 'skuAltImages': [{'imgId': 'DP0110202307234139M.tif', 'colorSeq': 0}, {'imgId': 'DP0110202307234036M.tif', 'colorSeq': 1}, {'imgId': 'DP0110202307233933M.tif', 'colorSeq': 2}]}, {'colorName': 'Canvas Jockey Red', 'swatchImageId': 'DP0110202307230234S.tif', 'colorizedImageId': 'DP0110202307230131M.tif', 'colorSeqNum': 2, 'skuId': '62730550026', 'defaultSwatch': False, 'skuAltImages': [{'imgId': 'DP0110202307230542M.tif', 'colorSeq': 0}, {'imgId': 'DP0110202307230439M.tif', 'colorSeq': 1}, {'imgId': 'DP0110202307230337M.tif', 'colorSeq': 2}]}, {'colorName': 'Canvas Black', 'swatchImageId': 'DP0131202307205339S.tif', 'colorizedImageId': 'DP0110202307223974M.tif', 'colorSeqNum': 3, 'skuId': '62730590026', 'defaultSwatch': False, 'skuAltImages': [{'imgId': 'DP0110202307223870M.tif', 'colorSeq': 1}, {'imgId': 'DP0110202307223768M.tif', 'colorSeq': 2}, {'imgId': 'DP0110202307223665M.tif', 'colorSeq': 3}]}]",/p/mozaic-company-sunbrella-bench-cushion-corded/ppr5008320356?pTmplType=regular&searchTerm=patio+and+outdoor+furniture&geoZip=55057,"[{'message': 'Online Only', 'icon': 'mouse'}, {'message': 'Available for Shipping', 'icon': 'check'}]",False,627,True,170.99,125.09,YULETIDE,False,False,2023-01-27T15:03:58,DP0110202307233728M.tif,DP0110202307234139M.tif,,,https://www.jcpenney.com/p/mozaic-company-sunbrella-bench-cushion-corded/ppr5008320356?pTmplType=regular&searchTerm=patio+and+outdoor+furniture&geoZip=55057,20251225,patio and outdoor furniture
Sunnydaze Patio Furniture Hammock,ppr5008102517,,,190.0,190.0,190.0,190.0,ORIGINAL,False,False,available online only,False,False,original,False,True,"['Included: 1 Hammock(s), 1 Spreader Bar(s), 1 Pillow(s)', 'Features: Quick Ship', 'Manufacturer Warranty: 1 Year', 'Seating Capacity: 2', 'Measurements: 1 Height/Inches, 55 Depth/Inches, 55 Width/Inches']",0.0,0.0,ORIGINAL,False,False,79112500018,USD,more brands,"[{'colorName': 'Light Blue', 'swatchImageId': 'DP0406202107022458S.tif', 'colorizedImageId': 'DP0406202107022452M.tif', 'colorSeqNum': 1, 'skuId': '79112500018', 'defaultSwatch': False, 'skuAltImages': [{'imgId': 'DP0406202107022475M.tif', 'colorSeq': 0}, {'imgId': 'DP0406202107022469M.tif', 'colorSeq': 1}, {'imgId': 'DP0406202107022463M.tif', 'colorSeq': 2}]}]",/p/sunnydaze-patio-furniture-hammock/ppr5008102517?pTmplType=regular&searchTerm=patio+and+outdoor+furniture&geoZip=55057,"[{'message': 'Online Only', 'icon': 'mouse'}, {'message': 'Available for Shipping', 'icon': 'check'}]",False,791,True,,,,False,False,2021-04-13T19:02:09,DP0406202107022452M.tif,DP0406202107022475M.tif,,,https://www.jcpenney.com/p/sunnydaze-patio-furniture-hammock/ppr5008102517?pTmplType=regular&searchTerm=patio+and+outdoor+furniture&geoZip=55057,20251225,patio and outdoor furniture
Sunnydaze Patio Furniture Hammock,ppr5008102521,4.625,64.0,160.0,160.0,160.0,160.0,ORIGINAL,False,False,available online only,False,False,original,False,True,"['Included: 1 Pillow(s), 1 Hammock(s)', 'Features: Quick Ship, Uv Protection', 'Manufacturer Warranty: 1 Year', 'Seating Capacity: 2', 'Measurements: 1 Height/Inches, 55 Width/Inches, 55 Depth/Inches']",0.0,0.0,ORIGINAL,False,False,79112540026,USD,more brands,"[{'colorName': 'Gray', 'swatchImageId': 'DP0406202107022656S.tif', 'colorizedImageId': 'DP1022202517050462M.tif', 'colorSeqNum': 1, 'skuId': '79112540026', 'defaultSwatch': False, 'skuAltImages': [{'imgId': 'DP1022202517051089M.tif', 'colorSeq': 0}, {'imgId': 'DP1022202517050672M.tif', 'colorSeq': 1}, {'imgId': 'DP1022202517050986M.tif', 'colorSeq': 2}]}]",/p/sunnydaze-patio-furniture-hammock/ppr5008102521?pTmplType=regular&searchTerm=patio+and+outdoor+furniture&geoZip=55057,"[{'message': 'Online Only', 'icon': 'mouse'}, {'message': 'Available for Shipping', 'icon': 'check'}]",False,791,True,,,,False,False,2021-04-14T17:06:26,DP1022202517050462M.tif,DP1022202517051089M.tif,,,https://www.jcpenney.com/p/sunnydaze-patio-furniture-hammock/ppr5008102521?pTmplType=regular&searchTerm=patio+and+outdoor+furniture&geoZip=55057,20251225,patio and outdoor furniture
Safavieh Milan Patio Collection Patio Umbrella,ppr5008094040,,,400.0,400.0,400.0,400.0,ORIGINAL,False,False,available online only,False,False,original,False,True,"['Features: Weather Resistant, Collapsible, Uv Protection', 'Shape: Octagon', 'Measurements: 100.79 Depth/Inches, 98.82 Height/Inches, 100.79 Width/Inches', 'Diameter: 9 Ft', 'Weight (lb.): 12 Lb']",0.0,0.0,ORIGINAL,False,False,79109200091,USD,safavieh,"[{'colorName': 'Navy White', 'swatchImageId': 'DP0310202109014673S.tif', 'colorizedImageId': 'DP0310202109014653M.tif', 'colorSeqNum': 1, 'skuId': '79109200018', 'defaultSwatch': False, 'skuAltImages': [{'imgId': 'DP0310202109014710M.tif', 'colorSeq': 0}, {'imgId': 'DP0310202109014746M.tif', 'colorSeq': 1}, {'imgId': 'DP0310202109014727M.tif', 'colorSeq': 2}]}, {'colorName': 'Grey White', 'swatchImageId': 'DP0310202109014669S.tif', 'colorizedImageId': 'DP0310202109014650M.tif', 'colorSeqNum': 2, 'skuId': '79109200026', 'defaultSwatch': False, 'skuAltImages': [{'imgId': 'DP0310202109014706M.tif', 'colorSeq': 0}, {'imgId': 'DP0310202109014742M.tif', 'colorSeq': 1}, {'imgId': 'DP0310202109014724M.tif', 'colorSeq': 2}]}, {'colorName': 'White', 'swatchImageId': 'DP0310202109014681S.tif', 'colorizedImageId': 'DP0310202109014661M.tif', 'colorSeqNum': 3, 'skuId': '79109200034', 'defaultSwatch': False, 'skuAltImages': [{'imgId': 'DP0310202109014717M.tif', 'colorSeq': 0}, {'imgId': 'DP0310202109014754M.tif', 'colorSeq': 1}, {'imgId': 'DP0310202109014735M.tif', 'colorSeq': 2}]}, {'colorName': 'Yellow White Trim', 'swatchImageId': 'DP0310202109014684S.tif', 'colorizedImageId': 'DP0310202109014665M.tif', 'colorSeqNum': 4, 'skuId': '79109200042', 'defaultSwatch': False, 'skuAltImages': [{'imgId': 'DP0310202109014720M.tif', 'colorSeq': 0}, {'imgId': 'DP0310202109014757M.tif', 'colorSeq': 1}, {'imgId': 'DP0310202109014739M.tif', 'colorSeq': 2}]}, {'colorName': 'Red White', 'swatchImageId': 'DP0310202109014677S.tif', 'colorizedImageId': 'DP0310202109014657M.tif', 'colorSeqNum': 5, 'skuId': '79109200059', 'defaultSwatch': False, 'skuAltImages': [{'imgId': 'DP0310202109014713M.tif', 'colorSeq': 0}, {'imgId': 'DP0310202109014750M.tif', 'colorSeq': 1}, {'imgId': 'DP0310202109014731M.tif', 'colorSeq': 2}]}, {'colorName': 'Hunter Green', 'swatchImageId': 'DP0903202413033413S.tif', 'colorizedImageId': 'DP0903202413033006M.tif', 'colorSeqNum': 6, 'skuId': '79109200067', 'defaultSwatch': False, 'skuAltImages': [{'imgId': 'DP0903202407230461M.tif', 'colorSeq': 0}, {'imgId': 'DP0903202407230054M.tif', 'colorSeq': 1}, {'imgId': 'DP0903202413032599M.tif', 'colorSeq': 2}]}, {'colorName': 'Orange', 'swatchImageId': 'DP0903202413033515S.tif', 'colorizedImageId': 'DP0903202413033109M.tif', 'colorSeqNum': 7, 'skuId': '79109200075', 'defaultSwatch': False, 'skuAltImages': [{'imgId': 'DP0903202407230563M.tif', 'colorSeq': 0}, {'imgId': 'DP0903202407230156M.tif', 'colorSeq': 1}, {'imgId': 'DP0903202413032701M.tif', 'colorSeq': 2}]}, {'colorName': 'Pacific Blue', 'swatchImageId': 'DP0903202413033617S.tif', 'colorizedImageId': 'DP0903202413033210M.tif', 'colorSeqNum': 8, 'skuId': '79109200083', 'defaultSwatch': False, 'skuAltImages': [{'imgId': 'DP0903202413033718M.tif', 'colorSeq': 0}, {'imgId': 'DP0903202407230258M.tif', 'colorSeq': 1}, {'imgId': 'DP0903202413032802M.tif', 'colorSeq': 2}]}, {'colorName': 'Baby Blue White', 'swatchImageId': 'DP0903202413033312S.tif', 'colorizedImageId': 'DP0903202413032904M.tif', 'colorSeqNum': 9, 'skuId': '79109200091', 'defaultSwatch': False, 'skuAltImages': [{'imgId': 'DP0903202407230359M.tif', 'colorSeq': 0}, {'imgId': 'DP0903202407225952M.tif', 'colorSeq': 1}, {'imgId': 'DP0903202413032498M.tif', 'colorSeq': 2}]}]",/p/safavieh-milan-patio-collection-patio-umbrella/ppr5008094040?pTmplType=regular&searchTerm=patio+and+outdoor+furniture&geoZip=55057,"[{'message': 'Online Only', 'icon': 'mouse'}, {'message': 'Available for Shipping', 'icon': 'check'}]",False,791,True,360.0,360.0,GIFTWRAP,False,False,2021-03-10T22:04:11,DP0310202109014653M.tif,DP0310202109014710M.tif,,,https://www.jcpenney.com/p/safavieh-milan-patio-collection-patio-umbrella/ppr5008094040?pTmplType=regular&searchTerm=patio+and+outdoor+furniture&geoZip=55057,20251225,patio and outdoor furniture
Sunnydaze Collection Patio Umbrella,ppr5008095852,4.75,8.0,250.0,250.0,250.0,250.0,ORIGINAL,False,False,available online only,False,False,original,False,True,"['Features: Quick Ship, Tiltable, Vented, Solar Powered, Water Repellent', 'Manufacturer Warranty: 1 Year', 'Shape: Octagon', 'Measurements: 96 Height/Inches, 108 Width/Inches, 108 Length/Inches', 'Diameter: 9 Ft']",0.0,0.0,ORIGINAL,False,False,79111050026,USD,more brands,"[{'colorName': 'Red', 'swatchImageId': 'DP1011202515013866S.tif', 'colorizedImageId': 'DP1011202515013654M.tif', 'colorSeqNum': 1, 'skuId': '79111050018', 'defaultSwatch': False, 'skuAltImages': [{'imgId': 'DP1011202515014596M.tif', 'colorSeq': 0}, {'imgId': 'DP1011202515014179M.tif', 'colorSeq': 1}, {'imgId': 'DP1011202515013445M.tif', 'colorSeq': 2}]}, {'colorName': 'Orange', 'swatchImageId': 'DP1011202515013759S.tif', 'colorizedImageId': 'DP1011202515013549M.tif', 'colorSeqNum': 2, 'skuId': '79111050026', 'defaultSwatch': False, 'skuAltImages': [{'imgId': 'DP1011202515014492M.tif', 'colorSeq': 0}, {'imgId': 'DP1011202515014387M.tif', 'colorSeq': 1}, {'imgId': 'DP1011202515014282M.tif', 'colorSeq': 2}]}]",/p/sunnydaze-collection-patio-umbrella/ppr5008095852?pTmplType=regular&searchTerm=patio+and+outdoor+furniture&geoZip=55057,"[{'message': 'Online Only', 'icon': 'mouse'}, {'message': 'Available for Shipping', 'icon': 'check'}]",False,791,True,,,,False,False,2021-03-19T22:03:02,DP1011202515013654M.tif,DP1011202515014596M.tif,,,https://www.jcpenney.com/p/sunnydaze-collection-patio-umbrella/ppr5008095852?pTmplType=regular&searchTerm=patio+and+outdoor+furniture&geoZip=55057,20251225,patio and outdoor furniture
Mozaic Company Sunbrella Tufted U-Shaped Solid Seat Cushion,ppr5008321349,,,57.99,63.99,97.0,108.0,SALE,False,False,available online only,False,False,original,False,True,"['Features: Weather Resistant, Tufted, Stain Resistant', 'Chair Fastening: String Ties', 'Finishing Feature: Knife-Edge', 'Use: Outdoor', 'Seat Cushion Measurements: 16 Depth/Inches, 16 Width/Inches, 3 Height/Inches']",0.0,0.0,SALE,False,False,62733190042,USD,more brands,"[{'colorName': 'Canvas Melon', 'swatchImageId': 'DP0110202307332232S.tif', 'colorizedImageId': 'DP0110202307332129M.tif', 'colorSeqNum': 1, 'skuId': '62735050034', 'defaultSwatch': False, 'skuAltImages': [{'imgId': 'DP0110202307332540M.tif', 'colorSeq': 0}, {'imgId': 'DP0110202307332437M.tif', 'colorSeq': 1}, {'imgId': 'DP0110202307332334M.tif', 'colorSeq': 2}]}, {'colorName': 'Canvas Taupe', 'swatchImageId': 'DP0110202307330792S.tif', 'colorizedImageId': 'DP0110202307330689M.tif', 'colorSeqNum': 2, 'skuId': '62735010034', 'defaultSwatch': False, 'skuAltImages': [{'imgId': 'DP0110202307331099M.tif', 'colorSeq': 0}, {'imgId': 'DP0110202307330998M.tif', 'colorSeq': 1}, {'imgId': 'DP0110202307330896M.tif', 'colorSeq': 2}]}, {'colorName': 'Spectrum Denim', 'swatchImageId': 'DP0203202307133026S.tif', 'colorizedImageId': 'DP0203202307132923M.tif', 'colorSeqNum': 3, 'skuId': '62734390018', 'defaultSwatch': False, 'skuAltImages': [{'imgId': 'DP0203202307133439M.tif', 'colorSeq': 0}, {'imgId': 'DP0203202307133233M.tif', 'colorSeq': 1}, {'imgId': 'DP0203202307133130M.tif', 'colorSeq': 2}]}, {'colorName': 'Canvas Rust', 'swatchImageId': 'DP0202202307132327S.tif', 'colorizedImageId': 'DP0202202307132224M.tif', 'colorSeqNum': 4, 'skuId': '62734430018', 'defaultSwatch': False, 'skuAltImages': [{'imgId': 'DP0203202307134368M.tif', 'colorSeq': 0}, {'imgId': 'DP0203202307134265M.tif', 'colorSeq': 1}, {'imgId': 'DP0203202307134162M.tif', 'colorSeq': 2}]}, {'colorName': 'Canvas Black', 'swatchImageId': 'DP0110202307323500S.tif', 'colorizedImageId': 'DP0110202307323396M.tif', 'colorSeqNum': 5, 'skuId': '62733190042', 'defaultSwatch': False, 'skuAltImages': [{'imgId': 'DP0110202307323910M.tif', 'colorSeq': 0}, {'imgId': 'DP0110202307323808M.tif', 'colorSeq': 1}, {'imgId': 'DP0110202307323705M.tif', 'colorSeq': 2}]}]",/p/mozaic-company-sunbrella-tufted-u-shaped-solid-seat-cushion/ppr5008321349?pTmplType=regular&searchTerm=patio+and+outdoor+furniture&geoZip=55057,"[{'message': 'Online Only', 'icon': 'mouse'}, {'message': 'Available for Shipping', 'icon': 'check'}]",False,627,True,57.59,52.19,YULETIDE,False,False,2023-01-27T15:03:59,DP0110202307332129M.tif,DP0110202307332540M.tif,,,https://www.jcpenney.com/p/mozaic-company-sunbrella-tufted-u-shaped-solid-seat-cushion/ppr5008321349?pTmplType=regular&searchTerm=patio+and+outdoor+furniture&geoZip=55057,20251225,patio and outdoor furniture
Mozaic Company Tufted Solid Square Seat Cushion,ppr5008344547,,,33.99,33.99,58.0,58.0,SALE,False,False,available online only,False,False,original,False,True,"['Features: Tufted', 'Chair Fastening: String Ties', 'Finishing Feature: Knife-Edge', 'Use: Outdoor', 'Seat Cushion Measurements: 3 Height/Inches, 16 Depth/Inches, 16 Width/Inches']",0.0,0.0,SALE,False,False,62734410018,USD,more brands,"[{'colorName': 'Charcoal', 'swatchImageId': 'DP0202202307130782S.tif', 'colorizedImageId': 'DP0202202307130679M.tif', 'colorSeqNum': 1, 'skuId': '62734410018', 'defaultSwatch': False, 'skuAltImages': [{'imgId': 'DP0418202307190130M.tif', 'colorSeq': 0}, {'imgId': 'DP0418202307190026M.tif', 'colorSeq': 1}, {'imgId': 'DP0418202307185923M.tif', 'colorSeq': 2}]}]",/p/mozaic-company-tufted-solid-square-seat-cushion/ppr5008344547?pTmplType=regular&searchTerm=patio+and+outdoor+furniture&geoZip=55057,"[{'message': 'Online Only', 'icon': 'mouse'}, {'message': 'Available for Shipping', 'icon': 'check'}]",False,627,True,30.59,30.59,YULETIDE,False,False,2023-03-15T08:51:19,DP0202202307130679M.tif,DP0418202307190130M.tif,,,https://www.jcpenney.com/p/mozaic-company-tufted-solid-square-seat-cushion/ppr5008344547?pTmplType=regular&searchTerm=patio+and+outdoor+furniture&geoZip=55057,20251225,patio and outdoor furniture
Roman 17.25in Girl On Bench Statue,ppr5008448048,,,93.99,93.99,158.0,158.0,SALE,False,False,available online only,False,False,original,False,True,"['Mounting Type: Free Standing', 'Use: Outdoor', 'Measurements: 9.5 Width/Inches, 17.25 Height/Inches, 8 Depth/Inches', 'Weight (lb.): 4 Lb', 'Assembly: Assembled']",0.0,0.0,SALE,False,False,62701120026,USD,roman,"[{'colorName': 'Gray', 'swatchImageId': 'DP0425202413030660S.tif', 'colorizedImageId': 'DP0425202413030354M.tif', 'colorSeqNum': 1, 'skuId': '62701120026', 'defaultSwatch': False, 'skuAltImages': [{'imgId': 'DP0425202413030456M.tif', 'colorSeq': 0}, {'imgId': 'DP0425202413030558M.tif', 'colorSeq': 1}, {'imgId': 'DP0425202413030252M.tif', 'colorSeq': 2}]}]",/p/roman-1725in-girl-on-bench-statue/ppr5008448048?pTmplType=regular&searchTerm=patio+and+outdoor+furniture&geoZip=55057,"[{'message': 'Online Only', 'icon': 'mouse'}, {'message': 'Available for Shipping', 'icon': 'check'}]",False,627,True,84.59,84.59,YULETIDE,False,False,2024-06-25T09:02:58,DP0425202413030354M.tif,DP0425202413030456M.tif,,,https://www.jcpenney.com/p/roman-1725in-girl-on-bench-statue/ppr5008448048?pTmplType=regular&searchTerm=patio+and+outdoor+furniture&geoZip=55057,20251225,patio and outdoor furniture
Chair Hammock,ppr5008235275,,,380.0,380.0,380.0,380.0,ORIGINAL,False,False,available online only,False,False,original,False,True,"['Included: 1 Hammock(s), 1 Hammock Stand(s)', 'Features: Quick Ship, Portable', 'Manufacturer Warranty: 1 Year', 'Seating Capacity: 2', 'Measurements: 124 Width/Inches, 40 Depth/Inches, 52.5 Height/Inches']",0.0,0.0,ORIGINAL,False,False,79115950026,USD,more brands,"[{'colorName': 'Blue Green Yellow', 'swatchImageId': 'DP1024202507121323S.tif', 'colorizedImageId': 'DP1024202507121115M.tif', 'colorSeqNum': 1, 'skuId': '79115950018', 'defaultSwatch': False, 'skuAltImages': [{'imgId': 'DP1024202507121949M.tif', 'colorSeq': 0}, {'imgId': 'DP1024202507121531M.tif', 'colorSeq': 1}, {'imgId': 'DP0413202209023981M.tif', 'colorSeq': 2}]}, {'colorName': 'Orange Red Yellow', 'swatchImageId': 'DP1024202507121428S.tif', 'colorizedImageId': 'DP1024202507121218M.tif', 'colorSeqNum': 2, 'skuId': '79115950026', 'defaultSwatch': False, 'skuAltImages': [{'imgId': 'DP1024202507122054M.tif', 'colorSeq': 0}, {'imgId': 'DP1024202507121636M.tif', 'colorSeq': 1}, {'imgId': 'DP0413202209023978M.tif', 'colorSeq': 2}]}]",/p/chair-hammock/ppr5008235275?pTmplType=regular&searchTerm=patio+and+outdoor+furniture&geoZip=55057,"[{'message': 'Online Only', 'icon': 'mouse'}, {'message': 'Available for Shipping', 'icon': 'check'}]",False,791,True,342.0,342.0,GIFTWRAP,False,False,2022-05-24T15:05:00,DP1024202507121115M.tif,DP1024202507121949M.tif,,,https://www.jcpenney.com/p/chair-hammock/ppr5008235275?pTmplType=regular&searchTerm=patio+and+outdoor+furniture&geoZip=55057,20251225,patio and outdoor furniture
"Signature Design by Ashley® Petal Road 4-pc. Outdoor Loveseat Sectional Ottoman Table Set
",ppr5008438207,4.375,8.0,3220.0,3220.0,3220.0,3220.0,ORIGINAL,False,False,available online only,False,False,original,False,True,"['# Pieces In Set: 4', 'Included: 5 Seat Back Cushion(s), 1 Table(s), 1 Sectional(s), 5 Seat Cushion(s), 1 Ottoman(s), 2 Throw Pillow(s)', 'Features: Cushioned', 'Seating Capacity: 5', 'Sectional Components: Right-Arm Loveseat']",0.0,0.0,ORIGINAL,True,False,79130410018,USD,signature design by ashley,"[{'colorName': 'Lt Gray', 'swatchImageId': 'DP0313202413041292S.tif', 'colorizedImageId': 'DP0313202413040985M.tif', 'colorSeqNum': 1, 'skuId': '79130410018', 'defaultSwatch': False, 'skuAltImages': [{'imgId': 'DP0313202413041087M.tif', 'colorSeq': 0}, {'imgId': 'DP0313202413041190M.tif', 'colorSeq': 1}, {'imgId': 'DP0313202413040780M.tif', 'colorSeq': 2}]}]",/p/signature-design-by-ashley-petal-road-4-pc-outdoor-loveseat-sectional-ottoman-table-set/ppr5008438207?pTmplType=regular&searchTerm=patio+and+outdoor+furniture&geoZip=55057,"[{'message': 'Online Only', 'icon': 'mouse'}, {'message': 'Available for Shipping', 'icon': 'check'}]",False,791,True,2415.0,2415.0,RECLINER,False,False,2024-03-13T22:04:55,DP0313202413040985M.tif,DP0313202413041087M.tif,,,https://www.jcpenney.com/p/signature-design-by-ashley-petal-road-4-pc-outdoor-loveseat-sectional-ottoman-table-set/ppr5008438207?pTmplType=regular&searchTerm=patio+and+outdoor+furniture&geoZip=55057,20251225,patio and outdoor furniture
Carolina 8-pc. Conversation Set,ppr5008376301,,,2975.0,2975.0,2975.0,2975.0,ORIGINAL,False,False,available online only,False,False,original,False,True,"['# Pieces In Set: 8', 'Included: 4 Chair(s), 2 Table(s), 2 Loveseat(s)', 'Features: Removable Cushions, Water Resistant', 'Manufacturer Warranty: 90 Days Limited', 'Seating Capacity: 8']",0.0,0.0,ORIGINAL,False,False,79126820018,USD,more brands,"[{'colorName': 'Brown', 'swatchImageId': 'DP0705202307132084S.tif', 'colorizedImageId': 'DP0705202307131981M.tif', 'colorSeqNum': 1, 'skuId': '79126820018', 'defaultSwatch': False, 'skuAltImages': [{'imgId': 'DP1020202309051962M.tif', 'colorSeq': 0}, {'imgId': 'DP1020202309051859M.tif', 'colorSeq': 2}, {'imgId': 'DP0705202307132394M.tif', 'colorSeq': 4}]}]",/p/carolina-8-pc-conversation-set/ppr5008376301?pTmplType=regular&searchTerm=patio+and+outdoor+furniture&geoZip=55057,"[{'message': 'Online Only', 'icon': 'mouse'}, {'message': 'Available for Shipping', 'icon': 'check'}]",False,791,True,2231.25,2231.25,RECLINER,False,False,2023-07-10T07:08:26,DP0705202307131981M.tif,DP1020202309051962M.tif,,,https://www.jcpenney.com/p/carolina-8-pc-conversation-set/ppr5008376301?pTmplType=regular&searchTerm=patio+and+outdoor+furniture&geoZip=55057,20251225,patio and outdoor furniture
"Signature Design by Ashley® Oasis Court 4-pc. Outdoor Conversation Set
",ppr5008438205,4.5625,16.0,4050.0,4050.0,4050.0,4050.0,ORIGINAL,False,False,available online only,False,False,original,False,True,"['# Pieces In Set: 4', 'Included: 2 Chair(s), 1 Coffee Table, 1 Sofa(s), 5 Seat Cushion(s), 5 Seat Back Cushion(s), 2 Throw Pillow(s)', 'Features: Rust Resistant, Fade Resistant, Weather Resistant, Stain Resistant, Uv Protection, Storage, Cushioned, Removable Cushions', 'Seating Capacity: 5', 'Shape: Rectangle']",0.0,0.0,ORIGINAL,True,False,79130400018,USD,signature design by ashley,"[{'colorName': 'Lt Gray', 'swatchImageId': 'DP0313202413040267S.tif', 'colorizedImageId': 'DP0313202413040061M.tif', 'colorSeqNum': 1, 'skuId': '79130400018', 'defaultSwatch': False, 'skuAltImages': [{'imgId': 'DP0313202413040164M.tif', 'colorSeq': 0}, {'imgId': 'DP0313202413035855M.tif', 'colorSeq': 1}, {'imgId': 'DP0313202413040574M.tif', 'colorSeq': 2}]}]",/p/signature-design-by-ashley-oasis-court-4-pc-outdoor-conversation-set/ppr5008438205?pTmplType=regular&searchTerm=patio+and+outdoor+furniture&geoZip=55057,"[{'message': 'Online Only', 'icon': 'mouse'}, {'message': 'Available for Shipping', 'icon': 'check'}]",False,791,True,3037.5,3037.5,RECLINER,False,False,2024-03-13T22:04:55,DP0313202413040061M.tif,DP0313202413040164M.tif,,,https://www.jcpenney.com/p/signature-design-by-ashley-oasis-court-4-pc-outdoor-conversation-set/ppr5008438205?pTmplType=regular&searchTerm=patio+and+outdoor+furniture&geoZip=55057,20251225,patio and outdoor furniture
Vellor Patio 4-pc. Conversation Set,ppr5008099327,,,2090.0,2090.0,2090.0,2090.0,ORIGINAL,False,False,available online only,False,False,original,False,True,"['# Pieces In Set: 4', 'Included: 2 Chair(s)', 'Features: Quick Ship', 'Joinery: Screwed', 'Seating Capacity: 4']",0.0,0.0,ORIGINAL,False,False,79111520026,USD,safavieh,"[{'colorName': 'Black Beige', 'swatchImageId': 'DP0526202107015425S.tif', 'colorizedImageId': 'DP0525202113005644M.tif', 'colorSeqNum': 1, 'skuId': '79111520018', 'defaultSwatch': False, 'skuAltImages': [{'imgId': 'DP0324202115020175M.tif', 'colorSeq': 0}, {'imgId': 'DP0324202115020185M.tif', 'colorSeq': 1}, {'imgId': 'DP0525202113005664M.tif', 'colorSeq': 2}]}, {'colorName': 'Gray', 'swatchImageId': 'DP0324202115020160S.tif', 'colorizedImageId': 'DP0324202115020151M.tif', 'colorSeqNum': 2, 'skuId': '79111520026', 'defaultSwatch': False, 'skuAltImages': [{'imgId': 'DP0324202115020180M.tif', 'colorSeq': 0}, {'imgId': 'DP0324202115020190M.tif', 'colorSeq': 1}, {'imgId': 'DP0324202115020199M.tif', 'colorSeq': 2}]}, {'colorName': 'Black Light Grey', 'swatchImageId': 'DP0902202415035925S.tif', 'colorizedImageId': 'DP0902202415035619M.tif', 'colorSeqNum': 3, 'skuId': '79111520059', 'defaultSwatch': False, 'skuAltImages': [{'imgId': 'DP0902202415040027M.tif', 'colorSeq': 0}, {'imgId': 'DP0902202415035721M.tif', 'colorSeq': 1}, {'imgId': 'DP0902202415035824M.tif', 'colorSeq': 2}]}]",/p/vellor-patio-4-pc-conversation-set/ppr5008099327?pTmplType=regular&searchTerm=patio+and+outdoor+furniture&geoZip=55057,"[{'message': 'Online Only', 'icon': 'mouse'}, {'message': 'Available for Shipping', 'icon': 'check'}]",False,791,True,1567.5,1567.5,RECLINER,False,False,2021-03-26T15:04:17,DP0525202113005644M.tif,DP0324202115020175M.tif,,,https://www.jcpenney.com/p/vellor-patio-4-pc-conversation-set/ppr5008099327?pTmplType=regular&searchTerm=patio+and+outdoor+furniture&geoZip=55057,20251225,patio and outdoor furniture
Aboka Patio 4-pc. Conversation Set,ppr5008099324,3.5,2.0,1070.0,1070.0,1070.0,1070.0,ORIGINAL,False,False,available online only,False,False,original,False,True,"['# Pieces In Set: 4', 'Included: 1 Loveseat(s), 3 Seat Cushion(s), 1 Table(s), 2 Chair(s)', 'Features: Weather Resistant, Reversible Cushions', 'Joinery: Welded Joint, Screwed', 'Seating Capacity: 4']",0.0,0.0,ORIGINAL,False,False,79111490059,USD,safavieh,"[{'colorName': 'Black Beige', 'swatchImageId': 'DP0526202107015414S.tif', 'colorizedImageId': 'DP0525202113005572M.tif', 'colorSeqNum': 1, 'skuId': '79111490018', 'defaultSwatch': False, 'skuAltImages': [{'imgId': 'DP0324202115015994M.tif', 'colorSeq': 0}, {'imgId': 'DP0324202115020004M.tif', 'colorSeq': 1}, {'imgId': 'DP0525202113005592M.tif', 'colorSeq': 2}]}, {'colorName': 'Grey Grey', 'swatchImageId': 'DP0324202115015978S.tif', 'colorizedImageId': 'DP0324202115015967M.tif', 'colorSeqNum': 2, 'skuId': '79111490026', 'defaultSwatch': False, 'skuAltImages': [{'imgId': 'DP0324202115015999M.tif', 'colorSeq': 0}, {'imgId': 'DP0324202115020010M.tif', 'colorSeq': 1}, {'imgId': 'DP0324202115020020M.tif', 'colorSeq': 2}]}, {'colorName': 'Grey Brown', 'swatchImageId': 'DP0422202207054972S.tif', 'colorizedImageId': 'DP0422202207054961M.tif', 'colorSeqNum': 3, 'skuId': '79111490034', 'defaultSwatch': False, 'skuAltImages': [{'imgId': 'DP0422202207054978M.tif', 'colorSeq': 0}, {'imgId': 'DP0422202207054975M.tif', 'colorSeq': 1}, {'imgId': 'DP0422202207054964M.tif', 'colorSeq': 2}]}, {'colorName': 'Natural', 'swatchImageId': 'DP0422202207054974S.tif', 'colorizedImageId': 'DP0422202207054963M.tif', 'colorSeqNum': 4, 'skuId': '79111490042', 'defaultSwatch': False, 'skuAltImages': [{'imgId': 'DP0422202207054980M.tif', 'colorSeq': 0}, {'imgId': 'DP0422202207054977M.tif', 'colorSeq': 1}, {'imgId': 'DP0422202207054966M.tif', 'colorSeq': 2}]}, {'colorName': 'Black Light Grey', 'swatchImageId': 'DP0903202409162192S.tif', 'colorizedImageId': 'DP0903202409162091M.tif', 'colorSeqNum': 5, 'skuId': '79111490059', 'defaultSwatch': False, 'skuAltImages': [{'imgId': 'DP0903202409162498M.tif', 'colorSeq': 0}, {'imgId': 'DP0903202409162294M.tif', 'colorSeq': 1}, {'imgId': 'DP0903202407285686M.tif', 'colorSeq': 2}]}]",/p/aboka-patio-4-pc-conversation-set/ppr5008099324?pTmplType=regular&searchTerm=patio+and+outdoor+furniture&geoZip=55057,"[{'message': 'Online Only', 'icon': 'mouse'}, {'message': 'Available for Shipping', 'icon': 'check'}]",False,791,True,802.5,802.5,RECLINER,False,False,2021-03-24T22:04:28,DP0525202113005572M.tif,DP0324202115015994M.tif,,,https://www.jcpenney.com/p/aboka-patio-4-pc-conversation-set/ppr5008099324?pTmplType=regular&searchTerm=patio+and+outdoor+furniture&geoZip=55057,20251225,patio and outdoor furniture
Westchester 4-pc. Conversation Set,ppr5008431280,,,2900.0,2900.0,2900.0,2900.0,ORIGINAL,False,False,available online only,False,False,original,False,True,"['# Pieces In Set: 4', 'Included: 3 Seat Cushion(s), 1 Coffee Table, 1 Loveseat(s), 2 Chair(s), 4 Seat Back Cushion(s)', 'Features: Quick Ship, Removable Cushions', 'Manufacturer Warranty: 90 Days Limited', 'Seating Capacity: 4']",0.0,0.0,ORIGINAL,False,False,79129600018,USD,more brands,"[{'colorName': 'Beige', 'swatchImageId': 'DP0209202413061002S.tif', 'colorizedImageId': 'DP0702202409125635M.tif', 'colorSeqNum': 1, 'skuId': '79129600018', 'defaultSwatch': False, 'skuAltImages': [{'imgId': 'DP0209202413060589M.tif', 'colorSeq': 0}, {'imgId': 'DP0702202409125737M.tif', 'colorSeq': 1}, {'imgId': 'DP0702202409125533M.tif', 'colorSeq': 2}]}]",/p/westchester-4-pc-conversation-set/ppr5008431280?pTmplType=regular&searchTerm=patio+and+outdoor+furniture&geoZip=55057,"[{'message': 'Online Only', 'icon': 'mouse'}, {'message': 'Available for Shipping', 'icon': 'check'}]",False,791,True,2175.0,2175.0,RECLINER,False,False,2024-06-24T07:03:10,DP0702202409125635M.tif,DP0209202413060589M.tif,,,https://www.jcpenney.com/p/westchester-4-pc-conversation-set/ppr5008431280?pTmplType=regular&searchTerm=patio+and+outdoor+furniture&geoZip=55057,20251225,patio and outdoor furniture
Safavieh Berkane Patio Collection 4-pc. Conversation Set Weather Resistant,ppr5008099329,,,1680.0,1680.0,1680.0,1680.0,ORIGINAL,False,False,available online only,False,False,original,False,True,"['# Pieces In Set: 4', 'Included: 3 Seat Cushion(s), 2 Chair(s), 1 Loveseat(s), 1 Table(s)', 'Features: Removable Cushions, Weather Resistant, Quick Ship', 'Joinery: Screwed, Welded Joint', 'Seating Capacity: 4']",0.0,0.0,ORIGINAL,False,False,79111540018,USD,safavieh,"[{'colorName': 'Brown Beige', 'swatchImageId': 'DP0324202115020274S.tif', 'colorizedImageId': 'DP0324202115020264M.tif', 'colorSeqNum': 1, 'skuId': '79111540034', 'defaultSwatch': False, 'skuAltImages': [{'imgId': 'DP0324202115020332M.tif', 'colorSeq': 0}, {'imgId': 'DP0324202115020317M.tif', 'colorSeq': 1}, {'imgId': 'DP0324202115020305M.tif', 'colorSeq': 2}]}, {'colorName': 'White Grey', 'swatchImageId': 'DP0324202115020279S.tif', 'colorizedImageId': 'DP0324202115020337M.tif', 'colorSeqNum': 2, 'skuId': '79111540018', 'defaultSwatch': False, 'skuAltImages': [{'imgId': 'DP0324202115020322M.tif', 'colorSeq': 1}, {'imgId': 'DP0324202115020294M.tif', 'colorSeq': 2}]}, {'colorName': 'White Navy', 'swatchImageId': 'DP0324202115020284S.tif', 'colorizedImageId': 'DP0324202115020269M.tif', 'colorSeqNum': 3, 'skuId': '79111540026', 'defaultSwatch': False, 'skuAltImages': [{'imgId': 'DP0324202115020342M.tif', 'colorSeq': 0}, {'imgId': 'DP0324202115020327M.tif', 'colorSeq': 1}, {'imgId': 'DP0324202115020311M.tif', 'colorSeq': 2}]}, {'colorName': 'Brown Red', 'swatchImageId': 'DP0902202415040739S.tif', 'colorizedImageId': 'DP0902202415040637M.tif', 'colorSeqNum': 4, 'skuId': '79111540042', 'defaultSwatch': False, 'skuAltImages': [{'imgId': 'DP0902202415040434M.tif', 'colorSeq': 0}, {'imgId': 'DP0902202415040942M.tif', 'colorSeq': 1}, {'imgId': 'DP0902202415040840M.tif', 'colorSeq': 2}]}]",/p/safavieh-berkane-patio-collection-4-pc-conversation-set-weather-resistant/ppr5008099329?pTmplType=regular&searchTerm=patio+and+outdoor+furniture&geoZip=55057,"[{'message': 'Online Only', 'icon': 'mouse'}, {'message': 'Available for Shipping', 'icon': 'check'}]",False,791,True,1260.0,1260.0,RECLINER,False,False,2021-03-24T22:04:29,DP0324202115020264M.tif,DP0324202115020332M.tif,,,https://www.jcpenney.com/p/safavieh-berkane-patio-collection-4-pc-conversation-set-weather-resistant/ppr5008099329?pTmplType=regular&searchTerm=patio+and+outdoor+furniture&geoZip=55057,20251225,patio and outdoor furniture
Safavieh Larence Patio Collection 4-pc. Conversation Set,ppr5008099321,,,1910.0,1910.0,1910.0,1910.0,ORIGINAL,False,False,available online only,False,False,original,False,True,"['# Pieces In Set: 4', 'Included: 2 Chair(s)', 'Features: Quick Ship', 'Joinery: Glued', 'Seating Capacity: 4']",0.0,0.0,ORIGINAL,False,False,79111460018,USD,safavieh,"[{'colorName': 'Natural Beige', 'swatchImageId': 'DP0526202107015402S.tif', 'colorizedImageId': 'DP0525202113005496M.tif', 'colorSeqNum': 1, 'skuId': '79111460018', 'defaultSwatch': False, 'skuAltImages': [{'imgId': 'DP0324202113005430M.tif', 'colorSeq': 0}, {'imgId': 'DP0324202113005440M.tif', 'colorSeq': 1}, {'imgId': 'DP0525202113005541M.tif', 'colorSeq': 2}]}]",/p/safavieh-larence-patio-collection-4-pc-conversation-set/ppr5008099321?pTmplType=regular&searchTerm=patio+and+outdoor+furniture&geoZip=55057,"[{'message': 'Online Only', 'icon': 'mouse'}, {'message': 'Available for Shipping', 'icon': 'check'}]",False,791,True,1432.5,1432.5,RECLINER,False,False,2021-03-24T22:04:09,DP0525202113005496M.tif,DP0324202113005430M.tif,,,https://www.jcpenney.com/p/safavieh-larence-patio-collection-4-pc-conversation-set/ppr5008099321?pTmplType=regular&searchTerm=patio+and+outdoor+furniture&geoZip=55057,20251225,patio and outdoor furniture
Corliving 4-pc. Conversation Set Weather Resistant,ppr5007988701,4.2,10.0,2000.0,2000.0,2000.0,2000.0,ORIGINAL,False,False,available online only,False,False,original,False,True,"['# Pieces In Set: 4', 'Included: 1 Sofa(s), 1 Table(s), 2 Chair(s)', 'Features: Fade Resistant, Weather Resistant', 'Joinery: Screwed', 'Seating Capacity: 4']",0.0,0.0,ORIGINAL,False,False,79107250067,USD,more brands,"[{'colorName': 'Blue', 'swatchImageId': 'DP0907202015021194S.tif', 'colorizedImageId': 'DP0907202015021152M.tif', 'colorSeqNum': 1, 'skuId': '79107250026', 'defaultSwatch': False, 'skuAltImages': [{'imgId': 'DP0907202015021250M.tif', 'colorSeq': 0}, {'imgId': 'DP0907202015021245M.tif', 'colorSeq': 1}, {'imgId': 'DP0907202015021240M.tif', 'colorSeq': 2}]}, {'colorName': 'Light Blue', 'swatchImageId': 'DP0907202015021205S.tif', 'colorizedImageId': 'DP0907202015021163M.tif', 'colorSeqNum': 2, 'skuId': '79107250067', 'defaultSwatch': False}, {'colorName': 'Red', 'swatchImageId': 'DP0907202015021225S.tif', 'colorizedImageId': 'DP0907202015021184M.tif', 'colorSeqNum': 4, 'skuId': '79107250083', 'defaultSwatch': False}]",/p/corliving-4-pc-conversation-set-weather-resistant/ppr5007988701?pTmplType=regular&searchTerm=patio+and+outdoor+furniture&geoZip=55057,"[{'message': 'Online Only', 'icon': 'mouse'}, {'message': 'Available for Shipping', 'icon': 'check'}]",False,791,True,1500.0,1500.0,RECLINER,False,False,2020-09-08T15:03:31,DP0907202015021152M.tif,DP0907202015021250M.tif,"[{'name': 'Few Left', 'priority': 1, 'urlParam': 'fewleft'}]",,https://www.jcpenney.com/p/corliving-4-pc-conversation-set-weather-resistant/ppr5007988701?pTmplType=regular&searchTerm=patio+and+outdoor+furniture&geoZip=55057,20251225,patio and outdoor furniture
Safavieh Yves 4-pc. Lounge Chair,ppr5008357165,,,1180.0,1180.0,1180.0,1180.0,ORIGINAL,False,False,available online only,False,False,original,False,True,"['# Pieces In Set: 4', 'Included: 1 Chair(s), 1 Throw Pillow(s), 1 Seat Back Cushion(s), 1 Seat Cushion(s)', 'Features: Cushioned, Wheeled', 'Joinery: Screwed', 'Seating Capacity: 1']",0.0,0.0,ORIGINAL,False,False,79123930018,USD,safavieh,"[{'colorName': 'Navy White', 'swatchImageId': 'DP0508202309201645S.tif', 'colorizedImageId': 'DP0508202309201440M.tif', 'colorSeqNum': 1, 'skuId': '79123930018', 'defaultSwatch': False, 'skuAltImages': [{'imgId': 'DP0508202309201543M.tif', 'colorSeq': 0}, {'imgId': 'DP0508202309201234M.tif', 'colorSeq': 1}, {'imgId': 'DP0508202309201955M.tif', 'colorSeq': 2}]}]",/p/safavieh-yves-4-pc-lounge-chair/ppr5008357165?pTmplType=regular&searchTerm=patio+and+outdoor+furniture&geoZip=55057,"[{'message': 'Online Only', 'icon': 'mouse'}, {'message': 'Available for Shipping', 'icon': 'check'}]",False,791,True,885.0,885.0,RECLINER,False,False,2023-05-09T00:11:30,DP0508202309201440M.tif,DP0508202309201543M.tif,,,https://www.jcpenney.com/p/safavieh-yves-4-pc-lounge-chair/ppr5008357165?pTmplType=regular&searchTerm=patio+and+outdoor+furniture&geoZip=55057,20251225,patio and outdoor furniture
Sassio Outdoor And Patio Collection 3-pc. Conversation Set Weather Resistant,ppr5008215193,,,700.0,700.0,700.0,700.0,ORIGINAL,False,False,available online only,False,False,original,False,True,"['# Pieces In Set: 3', 'Included: 2 Chair(s), 1 Coffee Table(s)', 'Features: Easy Clean, Water Resistant, Quick Ship, Easy Care, Uv Protection, Easy Installation, Weather Resistant', 'Manufacturer Warranty: 6 Month', 'Seating Capacity: 2']",0.0,0.0,ORIGINAL,False,False,79114720018,USD,more brands,"[{'colorName': 'Black Gray', 'swatchImageId': 'DP0207202207015292S.tif', 'colorizedImageId': 'DP0207202207015284M.tif', 'colorSeqNum': 1, 'skuId': '79114720018', 'defaultSwatch': False, 'skuAltImages': [{'imgId': 'DP0207202207015288M.tif', 'colorSeq': 0}, {'imgId': 'DP0207202207015311M.tif', 'colorSeq': 1}, {'imgId': 'DP0207202207015308M.tif', 'colorSeq': 2}]}, {'colorName': 'Gray', 'swatchImageId': 'DP0204202207021463S.tif', 'colorizedImageId': 'DP0204202207021447M.tif', 'colorSeqNum': 2, 'skuId': '79114720026', 'defaultSwatch': False, 'skuAltImages': [{'imgId': 'DP0204202207021455M.tif', 'colorSeq': 0}, {'imgId': 'DP0204202207021505M.tif', 'colorSeq': 1}, {'imgId': 'DP0204202207021497M.tif', 'colorSeq': 2}]}]",/p/sassio-outdoor-and-patio-collection-3-pc-conversation-set-weather-resistant/ppr5008215193?pTmplType=regular&searchTerm=patio+and+outdoor+furniture&geoZip=55057,"[{'message': 'Online Only', 'icon': 'mouse'}, {'message': 'Available for Shipping', 'icon': 'check'}]",False,791,True,630.0,630.0,GIFTWRAP,False,False,2022-02-04T22:02:45,DP0207202207015284M.tif,DP0207202207015288M.tif,"[{'name': 'Few Left', 'priority': 1, 'urlParam': 'fewleft'}]",,https://www.jcpenney.com/p/sassio-outdoor-and-patio-collection-3-pc-conversation-set-weather-resistant/ppr5008215193?pTmplType=regular&searchTerm=patio+and+outdoor+furniture&geoZip=55057,20251225,patio and outdoor furniture
Prenza 3-pc. Patio Table and Chair Set,ppr5008095966,,,960.0,960.0,960.0,960.0,ORIGINAL,False,False,available online only,False,False,original,False,True,"['# Pieces In Set: 3', 'Included: 2 Chair(s), 2 Seat Cushion(s), 1 Table(s)', 'Features: Removable Cushions, Quick Ship, Weather Resistant', 'Joinery: Screwed, Nailed', 'Seating Capacity: 2']",0.0,0.0,ORIGINAL,False,False,79110980026,USD,safavieh,"[{'colorName': 'Natural Beige', 'swatchImageId': 'DP0317202107031655S.tif', 'colorizedImageId': 'DP0317202107031650M.tif', 'colorSeqNum': 1, 'skuId': '79110980018', 'defaultSwatch': False, 'skuAltImages': [{'imgId': 'DP0316202107031600M.tif', 'colorSeq': 0}, {'imgId': 'DP0316202107031604M.tif', 'colorSeq': 1}, {'imgId': 'DP0316202107031607M.tif', 'colorSeq': 6}]}, {'colorName': 'Natural Navy', 'swatchImageId': 'DP0224202209003238S.tif', 'colorizedImageId': 'DP0224202209003229M.tif', 'colorSeqNum': 2, 'skuId': '79110980026', 'defaultSwatch': False, 'skuAltImages': [{'imgId': 'DP0224202209003221M.tif', 'colorSeq': 0}, {'imgId': 'DP0224202209003234M.tif', 'colorSeq': 1}, {'imgId': 'DP0224202209003246M.tif', 'colorSeq': 2}]}]",/p/prenza-3-pc-patio-table-and-chair-set/ppr5008095966?pTmplType=regular&searchTerm=patio+and+outdoor+furniture&geoZip=55057,"[{'message': 'Online Only', 'icon': 'mouse'}, {'message': 'Available for Shipping', 'icon': 'check'}]",False,791,True,720.0,720.0,RECLINER,False,False,2021-11-02T17:07:38,DP0317202107031650M.tif,DP0316202107031600M.tif,,,https://www.jcpenney.com/p/prenza-3-pc-patio-table-and-chair-set/ppr5008095966?pTmplType=regular&searchTerm=patio+and+outdoor+furniture&geoZip=55057,20251225,patio and outdoor furniture
Safavieh Holyoke 11-pc. Conversation Set Cushioned,ppr5008366810,5.0,1.0,1580.0,1580.0,1580.0,1580.0,ORIGINAL,False,False,available online only,False,False,original,False,True,"['# Pieces In Set: 11', 'Included: 1 Table(s), 4 Seat Back Cushion(s), 1 Bench(es), 2 Chair(s), 3 Seat Cushion(s)', 'Features: Cushioned', 'Joinery: Screwed', 'Seating Capacity: 4']",0.0,0.0,ORIGINAL,False,False,79125120018,USD,safavieh,"[{'colorName': 'Grey', 'swatchImageId': 'DP0609202309045710S.tif', 'colorizedImageId': 'DP0609202309044780M.tif', 'colorSeqNum': 1, 'skuId': '79125120018', 'defaultSwatch': False, 'skuAltImages': [{'imgId': 'DP0609202309050435M.tif', 'colorSeq': 0}, {'imgId': 'DP0609202309050124M.tif', 'colorSeq': 1}, {'imgId': 'DP0609202309045297M.tif', 'colorSeq': 2}]}, {'colorName': 'Light Grey', 'swatchImageId': 'DP0609202309045814S.tif', 'colorizedImageId': 'DP0609202309044883M.tif', 'colorSeqNum': 2, 'skuId': '79125120026', 'defaultSwatch': False, 'skuAltImages': [{'imgId': 'DP0609202309050539M.tif', 'colorSeq': 0}, {'imgId': 'DP0609202309050228M.tif', 'colorSeq': 1}, {'imgId': 'DP0609202309045400M.tif', 'colorSeq': 2}]}]",/p/safavieh-holyoke-11-pc-conversation-set-cushioned/ppr5008366810?pTmplType=regular&searchTerm=patio+and+outdoor+furniture&geoZip=55057,"[{'message': 'Online Only', 'icon': 'mouse'}, {'message': 'Available for Shipping', 'icon': 'check'}]",False,791,True,1185.0,1185.0,RECLINER,False,False,2023-06-06T22:03:01,DP0609202309044780M.tif,DP0609202309050435M.tif,,,https://www.jcpenney.com/p/safavieh-holyoke-11-pc-conversation-set-cushioned/ppr5008366810?pTmplType=regular&searchTerm=patio+and+outdoor+furniture&geoZip=55057,20251225,patio and outdoor furniture
Cape 5-pc. Conversation Set,ppr5008431265,,,4760.0,4760.0,4760.0,4760.0,ORIGINAL,False,False,available online only,False,False,original,False,True,"['# Pieces In Set: 5', 'Included: 2 Chair(s), 8 Seat Cushion(s), 8 Seat Back Cushion(s), 1 Table(s), 2 Sofa(s)', 'Features: Removable Cushions, Quick Ship', 'Manufacturer Warranty: 90 Days Limited', 'Seating Capacity: 4']",0.0,0.0,ORIGINAL,False,False,79129450018,USD,more brands,"[{'colorName': 'Black', 'swatchImageId': 'DP0209202413035517S.tif', 'colorizedImageId': 'DP0209202413035312M.tif', 'colorSeqNum': 1, 'skuId': '79129450018', 'defaultSwatch': False, 'skuAltImages': [{'imgId': 'DP0209202413035106M.tif', 'colorSeq': 0}, {'imgId': 'DP0209202413035826M.tif', 'colorSeq': 1}, {'imgId': 'DP0209202413035724M.tif', 'colorSeq': 2}]}]",/p/cape-5-pc-conversation-set/ppr5008431265?pTmplType=regular&searchTerm=patio+and+outdoor+furniture&geoZip=55057,"[{'message': 'Online Only', 'icon': 'mouse'}, {'message': 'Available for Shipping', 'icon': 'check'}]",False,791,True,3570.0,3570.0,RECLINER,False,False,2024-02-09T22:03:23,DP0209202413035312M.tif,DP0209202413035106M.tif,,,https://www.jcpenney.com/p/cape-5-pc-conversation-set/ppr5008431265?pTmplType=regular&searchTerm=patio+and+outdoor+furniture&geoZip=55057,20251225,patio and outdoor furniture
Cambridge 5-pc. Conversation Set,ppr5008376298,,,1855.0,1855.0,1855.0,1855.0,ORIGINAL,False,False,available online only,False,False,original,False,True,"['# Pieces In Set: 5', 'Included: 1 Ottoman(s), 1 Table(s), 3 Chair(s)', 'Features: Removable Cushions', 'Manufacturer Warranty: 90 Days Limited', 'Seating Capacity: 3']",0.0,0.0,ORIGINAL,False,False,79126790018,USD,more brands,"[{'colorName': 'Beige Teak', 'swatchImageId': 'DP0705202307125298S.tif', 'colorizedImageId': 'DP0705202307125195M.tif', 'colorSeqNum': 1, 'skuId': '79126790018', 'defaultSwatch': False, 'skuAltImages': [{'imgId': 'DP0705202307125504M.tif', 'colorSeq': 0}, {'imgId': 'DP0705202307125607M.tif', 'colorSeq': 1}, {'imgId': 'DP0705202307125711M.tif', 'colorSeq': 2}]}]",/p/cambridge-5-pc-conversation-set/ppr5008376298?pTmplType=regular&searchTerm=patio+and+outdoor+furniture&geoZip=55057,"[{'message': 'Online Only', 'icon': 'mouse'}, {'message': 'Available for Shipping', 'icon': 'check'}]",False,791,True,1391.25,1391.25,RECLINER,False,False,2023-07-10T07:08:27,DP0705202307125195M.tif,DP0705202307125504M.tif,,,https://www.jcpenney.com/p/cambridge-5-pc-conversation-set/ppr5008376298?pTmplType=regular&searchTerm=patio+and+outdoor+furniture&geoZip=55057,20251225,patio and outdoor furniture
Safavieh 5-pc. Conversation Set Weather Resistant,ppr5008240292,,,1380.0,1380.0,1380.0,1380.0,ORIGINAL,False,False,available online only,False,False,original,False,True,"['# Pieces In Set: 5', 'Included: 2 Chair(s)', 'Features: Quick Ship, Weather Resistant', 'Joinery: Glued', 'Seating Capacity: 2']",0.0,0.0,ORIGINAL,False,False,79116700026,USD,safavieh,"[{'colorName': 'Natural Lt  Brown', 'swatchImageId': 'DP0425202207031760S.tif', 'colorizedImageId': 'DP0422202207054991M.tif', 'colorSeqNum': 1, 'skuId': '79116700018', 'defaultSwatch': False, 'skuAltImages': [{'imgId': 'DP0422202207055016M.tif', 'colorSeq': 0}, {'imgId': 'DP0422202207055008M.tif', 'colorSeq': 1}, {'imgId': 'DP0422202207054996M.tif', 'colorSeq': 2}]}, {'colorName': 'Grey Grey', 'swatchImageId': 'DP0425202207031758S.tif', 'colorizedImageId': 'DP0422202207055007M.tif', 'colorSeqNum': 2, 'skuId': '79116700026', 'defaultSwatch': False, 'skuAltImages': [{'imgId': 'DP0422202207054994M.tif', 'colorSeq': 1}, {'imgId': 'DP0422202207054999M.tif', 'colorSeq': 2}, {'imgId': 'DP0422202207055011M.tif', 'colorSeq': 3}]}, {'colorName': 'Black Black', 'swatchImageId': 'DP0422202207055002S.tif', 'colorizedImageId': 'DP0422202207054989M.tif', 'colorSeqNum': 3, 'skuId': '79116700034', 'defaultSwatch': False, 'skuAltImages': [{'imgId': 'DP0422202207055014M.tif', 'colorSeq': 0}, {'imgId': 'DP0422202207055005M.tif', 'colorSeq': 1}, {'imgId': 'DP0422202207054993M.tif', 'colorSeq': 2}]}]",/p/safavieh-5-pc-conversation-set-weather-resistant/ppr5008240292?pTmplType=regular&searchTerm=patio+and+outdoor+furniture&geoZip=55057,"[{'message': 'Online Only', 'icon': 'mouse'}, {'message': 'Available for Shipping', 'icon': 'check'}]",False,791,True,1035.0,1035.0,RECLINER,False,False,2022-04-22T22:03:28,DP0422202207054991M.tif,DP0422202207055016M.tif,,,https://www.jcpenney.com/p/safavieh-5-pc-conversation-set-weather-resistant/ppr5008240292?pTmplType=regular&searchTerm=patio+and+outdoor+furniture&geoZip=55057,20251225,patio and outdoor furniture
Safavieh Parry 4-pc. Conversation Set Cushioned,ppr5008448166,,,2000.0,2000.0,2000.0,2000.0,ORIGINAL,False,False,available online only,False,False,original,False,True,"['# Pieces In Set: 4', 'Included: 1 Bench(es)', 'Features: Cushioned', 'Joinery: Screwed', 'Seating Capacity: 4']",0.0,0.0,ORIGINAL,False,False,79131020034,USD,safavieh,"[{'colorName': 'Brown Beige', 'swatchImageId': 'DP0428202407025877S.tif', 'colorizedImageId': 'DP0428202407025674M.tif', 'colorSeqNum': 1, 'skuId': '79131020034', 'defaultSwatch': False, 'skuAltImages': [{'imgId': 'DP0428202407025775M.tif', 'colorSeq': 0}, {'imgId': 'DP0428202407025572M.tif', 'colorSeq': 1}, {'imgId': 'DP0428202407030081M.tif', 'colorSeq': 2}]}]",/p/safavieh-parry-4-pc-conversation-set-cushioned/ppr5008448166?pTmplType=regular&searchTerm=patio+and+outdoor+furniture&geoZip=55057,"[{'message': 'Online Only', 'icon': 'mouse'}, {'message': 'Available for Shipping', 'icon': 'check'}]",False,791,True,1500.0,1500.0,RECLINER,False,False,2024-04-25T22:02:58,DP0428202407025674M.tif,DP0428202407025775M.tif,,,https://www.jcpenney.com/p/safavieh-parry-4-pc-conversation-set-cushioned/ppr5008448166?pTmplType=regular&searchTerm=patio+and+outdoor+furniture&geoZip=55057,20251225,patio and outdoor furniture
Safavieh 3-pc. Conversation Set Weather Resistant,ppr5008240301,,,960.0,960.0,960.0,960.0,ORIGINAL,False,False,available online only,False,False,original,False,True,"['# Pieces In Set: 3', 'Included: 2 Chair(s), 1 Chairside Table(s), 2 Seat Cushion(s)', 'Features: Weather Resistant, Quick Ship', 'Joinery: Nailed, Welded Joint, Screwed', 'Seating Capacity: 2']",0.0,0.0,ORIGINAL,False,False,79116790034,USD,safavieh,"[{'colorName': 'Black White', 'swatchImageId': 'DP0425202207031788S.tif', 'colorizedImageId': 'DP0422202207055343M.tif', 'colorSeqNum': 1, 'skuId': '79116790018', 'defaultSwatch': False, 'skuAltImages': [{'imgId': 'DP0422202207055369M.tif', 'colorSeq': 0}, {'imgId': 'DP0422202207055347M.tif', 'colorSeq': 1}, {'imgId': 'DP0422202207055353M.tif', 'colorSeq': 2}]}, {'colorName': 'Beige White', 'swatchImageId': 'DP0422202207055363S.tif', 'colorizedImageId': 'DP0422202207055341M.tif', 'colorSeqNum': 2, 'skuId': '79116790026', 'defaultSwatch': False, 'skuAltImages': [{'imgId': 'DP0422202207055368M.tif', 'colorSeq': 0}, {'imgId': 'DP0422202207055352M.tif', 'colorSeq': 1}, {'imgId': 'DP0422202207055357M.tif', 'colorSeq': 2}]}, {'colorName': 'Grey Brown White', 'swatchImageId': 'DP0425202207031789S.tif', 'colorizedImageId': 'DP0422202207055344M.tif', 'colorSeqNum': 3, 'skuId': '79116790034', 'defaultSwatch': False, 'skuAltImages': [{'imgId': 'DP0422202207055371M.tif', 'colorSeq': 0}, {'imgId': 'DP0422202207055349M.tif', 'colorSeq': 1}, {'imgId': 'DP0422202207055355M.tif', 'colorSeq': 2}]}, {'colorName': 'Natural White', 'swatchImageId': 'DP0422202207055366S.tif', 'colorizedImageId': 'DP0422202207055346M.tif', 'colorSeqNum': 4, 'skuId': '79116790042', 'defaultSwatch': False, 'skuAltImages': [{'imgId': 'DP0422202207055372M.tif', 'colorSeq': 0}, {'imgId': 'DP0422202207055350M.tif', 'colorSeq': 1}, {'imgId': 'DP0422202207055361M.tif', 'colorSeq': 2}]}]",/p/safavieh-3-pc-conversation-set-weather-resistant/ppr5008240301?pTmplType=regular&searchTerm=patio+and+outdoor+furniture&geoZip=55057,"[{'message': 'Online Only', 'icon': 'mouse'}, {'message': 'Available for Shipping', 'icon': 'check'}]",False,791,True,720.0,720.0,RECLINER,False,False,2022-04-22T22:03:35,DP0422202207055343M.tif,DP0422202207055369M.tif,,,https://www.jcpenney.com/p/safavieh-3-pc-conversation-set-weather-resistant/ppr5008240301?pTmplType=regular&searchTerm=patio+and+outdoor+furniture&geoZip=55057,20251225,patio and outdoor furniture
Sophie Patio 4-pc. Conversation Set,ppr5008099331,,,1660.0,1660.0,1660.0,1660.0,ORIGINAL,False,False,available online only,False,False,original,False,True,"['# Pieces In Set: 4', 'Included: 1 Loveseat(s), 2 Chair(s), 1 Table(s)', 'Features: Quick Ship, Weather Resistant', 'Joinery: Screwed, Welded Joint', 'Seating Capacity: 4']",0.0,0.0,ORIGINAL,False,False,79111560042,USD,safavieh,"[{'colorName': 'Rustic Brown', 'swatchImageId': 'DP0324202115020415S.tif', 'colorizedImageId': 'DP0324202115020405M.tif', 'colorSeqNum': 1, 'skuId': '79111560026', 'defaultSwatch': False, 'skuAltImages': [{'imgId': 'DP0324202115020444M.tif', 'colorSeq': 0}, {'imgId': 'DP0324202115020434M.tif', 'colorSeq': 1}, {'imgId': 'DP0324202115020425M.tif', 'colorSeq': 2}]}, {'colorName': 'Antique White', 'swatchImageId': 'DP0324202115020410S.tif', 'colorizedImageId': 'DP0324202115020400M.tif', 'colorSeqNum': 2, 'skuId': '79111560018', 'defaultSwatch': False, 'skuAltImages': [{'imgId': 'DP0324202115020449M.tif', 'colorSeq': 0}, {'imgId': 'DP0324202115020439M.tif', 'colorSeq': 1}, {'imgId': 'DP0324202115020430M.tif', 'colorSeq': 2}]}, {'colorName': 'Antique Green', 'swatchImageId': 'DP0902202415042570S.tif', 'colorizedImageId': 'DP0902202415042163M.tif', 'colorSeqNum': 3, 'skuId': '79111560042', 'defaultSwatch': False, 'skuAltImages': [{'imgId': 'DP0902202415042774M.tif', 'colorSeq': 0}, {'imgId': 'DP0902202415042672M.tif', 'colorSeq': 1}, {'imgId': 'DP0902202415042266M.tif', 'colorSeq': 2}]}]",/p/sophie-patio-4-pc-conversation-set/ppr5008099331?pTmplType=regular&searchTerm=patio+and+outdoor+furniture&geoZip=55057,"[{'message': 'Online Only', 'icon': 'mouse'}, {'message': 'Available for Shipping', 'icon': 'check'}]",False,791,True,1245.0,1245.0,RECLINER,False,False,2021-03-24T22:04:30,DP0324202115020405M.tif,DP0324202115020444M.tif,,,https://www.jcpenney.com/p/sophie-patio-4-pc-conversation-set/ppr5008099331?pTmplType=regular&searchTerm=patio+and+outdoor+furniture&geoZip=55057,20251225,patio and outdoor furniture
Signature Design by Ashley® Kantana Resin Wicker Chaise Lounge - Set of 2,ppr5008092985,4.0,26.0,1352.0,1352.0,1352.0,1352.0,ORIGINAL,False,False,available online only,False,False,original,False,True,"['# Pieces In Set: 2', 'Included: 2 Chair(s)', 'Features: Weather Resistant', 'Joinery: Butt Joint, Screwed, Nailed', 'Seating Capacity: 1']",0.0,0.0,ORIGINAL,True,False,79108940018,USD,signature design by ashley,"[{'colorName': 'Brown', 'swatchImageId': 'DP0322202111024137S.tif', 'colorizedImageId': 'DP0322202113013400M.tif', 'colorSeqNum': 1, 'skuId': '79108940018', 'defaultSwatch': False, 'skuAltImages': [{'imgId': 'DP0322202113013419M.tif', 'colorSeq': 0}, {'imgId': 'DP0322202113013414M.tif', 'colorSeq': 1}, {'imgId': 'DP0322202113013410M.tif', 'colorSeq': 2}]}]",/p/signature-design-by-ashley-kantana-resin-wicker-chaise-lounge-set-of-2/ppr5008092985?pTmplType=regular&searchTerm=patio+and+outdoor+furniture&geoZip=55057,"[{'message': 'Online Only', 'icon': 'mouse'}, {'message': 'Available for Shipping', 'icon': 'check'}]",False,791,True,1014.0,1014.0,RECLINER,False,False,2021-05-07T15:03:13,DP0322202113013400M.tif,DP0322202113013419M.tif,,,https://www.jcpenney.com/p/signature-design-by-ashley-kantana-resin-wicker-chaise-lounge-set-of-2/ppr5008092985?pTmplType=regular&searchTerm=patio+and+outdoor+furniture&geoZip=55057,20251225,patio and outdoor furniture
Bassey Patio 4-pc. Conversation Set,ppr5008099326,,,1040.0,1040.0,1040.0,1040.0,ORIGINAL,False,False,available online only,False,False,original,False,True,"['# Pieces In Set: 4', 'Included: 1 Loveseat(s), 2 Chair(s), 3 Seat Cushion(s), 1 Table(s)', 'Features: Weather Resistant, Quick Ship, Removable Cushions, Reversible Cushions', 'Joinery: Screwed, Welded Joint', 'Seating Capacity: 4']",0.0,0.0,ORIGINAL,False,False,79111510059,USD,safavieh,"[{'colorName': 'Black Beige', 'swatchImageId': 'DP0526202107015421S.tif', 'colorizedImageId': 'DP0525202113005620M.tif', 'colorSeqNum': 1, 'skuId': '79111510018', 'defaultSwatch': False, 'skuAltImages': [{'imgId': 'DP0324202115020116M.tif', 'colorSeq': 0}, {'imgId': 'DP0324202115020126M.tif', 'colorSeq': 1}, {'imgId': 'DP0525202113005641M.tif', 'colorSeq': 2}]}, {'colorName': 'Gray', 'swatchImageId': 'DP0324202115020100S.tif', 'colorizedImageId': 'DP0324202115020090M.tif', 'colorSeqNum': 2, 'skuId': '79111510026', 'defaultSwatch': False, 'skuAltImages': [{'imgId': 'DP0324202115020122M.tif', 'colorSeq': 0}, {'imgId': 'DP0324202115020131M.tif', 'colorSeq': 1}, {'imgId': 'DP0324202115020141M.tif', 'colorSeq': 2}]}, {'colorName': 'Black Light Grey', 'swatchImageId': 'DP0902202415035010S.tif', 'colorizedImageId': 'DP0902202415034705M.tif', 'colorSeqNum': 3, 'skuId': '79111510059', 'defaultSwatch': False, 'skuAltImages': [{'imgId': 'DP0902202415035111M.tif', 'colorSeq': 0}, {'imgId': 'DP0902202415034807M.tif', 'colorSeq': 1}, {'imgId': 'DP0902202415034908M.tif', 'colorSeq': 2}]}]",/p/bassey-patio-4-pc-conversation-set/ppr5008099326?pTmplType=regular&searchTerm=patio+and+outdoor+furniture&geoZip=55057,"[{'message': 'Online Only', 'icon': 'mouse'}, {'message': 'Available for Shipping', 'icon': 'check'}]",False,791,True,780.0,780.0,RECLINER,False,False,2021-03-24T22:04:28,DP0525202113005620M.tif,DP0324202115020116M.tif,,,https://www.jcpenney.com/p/bassey-patio-4-pc-conversation-set/ppr5008099326?pTmplType=regular&searchTerm=patio+and+outdoor+furniture&geoZip=55057,20251225,patio and outdoor furniture
Gastman 7-pc. Conversation Set,ppr5008431463,,,6620.0,6620.0,6620.0,6620.0,ORIGINAL,False,False,available online only,False,False,original,False,True,"['# Pieces In Set: 7', 'Included: 4 Chair(s), 7 Seat Cushion(s), 1 Sofa(s), 1 Fire Pit, 1 Gas Tank, 7 Seat Back Cushion(s)', 'Features: Quick Ship, Removable Cushions', 'Manufacturer Warranty: 90 Days Limited', 'Shape: Rectangle']",0.0,0.0,ORIGINAL,False,False,79130010018,USD,more brands,"[{'colorName': 'Gray', 'swatchImageId': 'DP0209202413082394S.tif', 'colorizedImageId': 'DP0209202413082189M.tif', 'colorSeqNum': 1, 'skuId': '79130010018', 'defaultSwatch': False, 'skuAltImages': [{'imgId': 'DP0209202413081983M.tif', 'colorSeq': 0}, {'imgId': 'DP0209202413082600M.tif', 'colorSeq': 1}, {'imgId': 'DP0209202413082497M.tif', 'colorSeq': 2}]}]",/p/gastman-7-pc-conversation-set/ppr5008431463?pTmplType=regular&searchTerm=patio+and+outdoor+furniture&geoZip=55057,"[{'message': 'Online Only', 'icon': 'mouse'}, {'message': 'Available for Shipping', 'icon': 'check'}]",False,791,True,4965.0,4965.0,RECLINER,False,False,2024-02-09T22:03:31,DP0209202413082189M.tif,DP0209202413081983M.tif,,,https://www.jcpenney.com/p/gastman-7-pc-conversation-set/ppr5008431463?pTmplType=regular&searchTerm=patio+and+outdoor+furniture&geoZip=55057,20251225,patio and outdoor furniture
Safavieh Figueroa 7-pc. Conversation Set Cushioned,ppr5008366809,,,1580.0,1580.0,1580.0,1580.0,ORIGINAL,False,False,available online only,False,False,original,False,True,"['# Pieces In Set: 7', 'Included: 2 Chair(s), 1 Bench(es), 1 Table(s), 3 Seat Cushion(s)', 'Features: Cushioned', 'Joinery: Screwed', 'Seating Capacity: 4']",0.0,0.0,ORIGINAL,False,False,79125110018,USD,safavieh,"[{'colorName': 'Brown Sand', 'swatchImageId': 'DP0609202309043434S.tif', 'colorizedImageId': 'DP0609202309042091M.tif', 'colorSeqNum': 1, 'skuId': '79125110018', 'defaultSwatch': False, 'skuAltImages': [{'imgId': 'DP0609202309044054M.tif', 'colorSeq': 0}, {'imgId': 'DP0609202309043124M.tif', 'colorSeq': 1}, {'imgId': 'DP0609202309044572M.tif', 'colorSeq': 2}]}, {'colorName': 'Black White', 'swatchImageId': 'DP0609202309043331S.tif', 'colorizedImageId': 'DP0609202309041988M.tif', 'colorSeqNum': 2, 'skuId': '79125110026', 'defaultSwatch': False, 'skuAltImages': [{'imgId': 'DP0609202309043951M.tif', 'colorSeq': 0}, {'imgId': 'DP0609202309043021M.tif', 'colorSeq': 1}, {'imgId': 'DP0609202309044468M.tif', 'colorSeq': 2}]}, {'colorName': 'Navy White', 'swatchImageId': 'DP0609202309043538S.tif', 'colorizedImageId': 'DP0609202309042194M.tif', 'colorSeqNum': 3, 'skuId': '79125110034', 'defaultSwatch': False, 'skuAltImages': [{'imgId': 'DP0609202309043227M.tif', 'colorSeq': 0}, {'imgId': 'DP0609202309042297M.tif', 'colorSeq': 1}, {'imgId': 'DP0609202309044676M.tif', 'colorSeq': 2}]}]",/p/safavieh-figueroa-7-pc-conversation-set-cushioned/ppr5008366809?pTmplType=regular&searchTerm=patio+and+outdoor+furniture&geoZip=55057,"[{'message': 'Online Only', 'icon': 'mouse'}, {'message': 'Available for Shipping', 'icon': 'check'}]",False,791,True,1185.0,1185.0,RECLINER,False,False,2023-06-06T22:03:00,DP0609202309042091M.tif,DP0609202309044054M.tif,,,https://www.jcpenney.com/p/safavieh-figueroa-7-pc-conversation-set-cushioned/ppr5008366809?pTmplType=regular&searchTerm=patio+and+outdoor+furniture&geoZip=55057,20251225,patio and outdoor furniture
Bruce 4-pc. Conversation Set,ppr5008431285,,,1860.0,1860.0,1860.0,1860.0,ORIGINAL,False,False,available online only,False,False,original,False,True,"['# Pieces In Set: 4', 'Included: 2 Chair(s)', 'Features: Quick Ship', 'Manufacturer Warranty: 90 Days Limited', 'Seating Capacity: 4']",0.0,0.0,ORIGINAL,False,False,79129650018,USD,more brands,"[{'colorName': 'Light Brown', 'swatchImageId': 'DP0209202413065536S.tif', 'colorizedImageId': 'DP0209202413065330M.tif', 'colorSeqNum': 1, 'skuId': '79129650018', 'defaultSwatch': False, 'skuAltImages': [{'imgId': 'DP0209202413065434M.tif', 'colorSeq': 0}, {'imgId': 'DP0209202413065124M.tif', 'colorSeq': 1}, {'imgId': 'DP0209202413065845M.tif', 'colorSeq': 2}]}]",/p/bruce-4-pc-conversation-set/ppr5008431285?pTmplType=regular&searchTerm=patio+and+outdoor+furniture&geoZip=55057,"[{'message': 'Online Only', 'icon': 'mouse'}, {'message': 'Available for Shipping', 'icon': 'check'}]",False,791,True,1395.0,1395.0,RECLINER,False,False,2024-02-09T22:03:29,DP0209202413065330M.tif,DP0209202413065434M.tif,,,https://www.jcpenney.com/p/bruce-4-pc-conversation-set/ppr5008431285?pTmplType=regular&searchTerm=patio+and+outdoor+furniture&geoZip=55057,20251225,patio and outdoor furniture
Hampton 4-pc. Conversation Set,ppr5008376305,,,1450.0,1450.0,1450.0,1450.0,ORIGINAL,False,False,available online only,False,False,original,False,True,"['# Pieces In Set: 4', 'Included: 4 Chair(s)', 'Features: 4 Legs', 'Manufacturer Warranty: 90 Days Limited', 'Seating Capacity: 4']",0.0,0.0,ORIGINAL,False,False,79126850018,USD,more brands,"[{'colorName': 'Natural Gray', 'swatchImageId': 'DP0705202307134356S.tif', 'colorizedImageId': 'DP1020202309052372M.tif', 'colorSeqNum': 1, 'skuId': '79126850018', 'defaultSwatch': False, 'skuAltImages': [{'imgId': 'DP1020202309052475M.tif', 'colorSeq': 0}, {'imgId': 'DP1020202309052578M.tif', 'colorSeq': 2}, {'imgId': 'DP1020202309052681M.tif', 'colorSeq': 4}]}]",/p/hampton-4-pc-conversation-set/ppr5008376305?pTmplType=regular&searchTerm=patio+and+outdoor+furniture&geoZip=55057,"[{'message': 'Online Only', 'icon': 'mouse'}, {'message': 'Available for Shipping', 'icon': 'check'}]",False,791,True,1087.5,1087.5,RECLINER,False,False,2023-07-10T07:08:28,DP1020202309052372M.tif,DP1020202309052475M.tif,,,https://www.jcpenney.com/p/hampton-4-pc-conversation-set/ppr5008376305?pTmplType=regular&searchTerm=patio+and+outdoor+furniture&geoZip=55057,20251225,patio and outdoor furniture
Ronson Patio Collection 5-pc. Conversation Set,ppr5008099352,,,2110.0,2110.0,2110.0,2110.0,ORIGINAL,False,False,available online only,False,False,original,False,True,"['# Pieces In Set: 5', 'Included: 4 Seat Cushion(s), 1 Table(s), 2 Chair(s), 4 Throw Pillow(s), 2 Ottoman(s)', 'Features: Quick Ship, Removable Cushions, Weather Resistant', 'Joinery: Screwed, Nailed, Glued', 'Seating Capacity: 2']",0.0,0.0,ORIGINAL,False,False,79111740042,USD,safavieh,"[{'colorName': 'Natural Navy', 'swatchImageId': 'DP0324202115021126S.tif', 'colorizedImageId': 'DP0324202115021141M.tif', 'colorSeqNum': 1, 'skuId': '79111740026', 'defaultSwatch': False, 'skuAltImages': [{'imgId': 'DP0324202115021160M.tif', 'colorSeq': 0}, {'imgId': 'DP0324202115021150M.tif', 'colorSeq': 1}, {'imgId': 'DP0324202115021131M.tif', 'colorSeq': 2}]}, {'colorName': 'Natural Beige', 'swatchImageId': 'DP0324202115021121S.tif', 'colorizedImageId': 'DP0324202115021136M.tif', 'colorSeqNum': 2, 'skuId': '79111740018', 'defaultSwatch': False, 'skuAltImages': [{'imgId': 'DP0324202115021145M.tif', 'colorSeq': 0}, {'imgId': 'DP0324202115021155M.tif', 'colorSeq': 1}, {'imgId': 'DP0325202115014686M.tif', 'colorSeq': 2}]}, {'colorName': 'Ash Grey Beige', 'swatchImageId': 'DP0902202415055732S.tif', 'colorizedImageId': 'DP0902202415054917M.tif', 'colorSeqNum': 3, 'skuId': '79111740034', 'defaultSwatch': False, 'skuAltImages': [{'imgId': 'DP0902202415055121M.tif', 'colorSeq': 0}, {'imgId': 'DP0902202415055325M.tif', 'colorSeq': 1}, {'imgId': 'DP0902202415054511M.tif', 'colorSeq': 2}]}, {'colorName': 'Slate Gray Beige', 'swatchImageId': 'DP0904202407063690S.tif', 'colorizedImageId': 'DP0904202407063281M.tif', 'colorSeqNum': 4, 'skuId': '79111740042', 'defaultSwatch': False, 'skuAltImages': [{'imgId': 'DP0904202407063383M.tif', 'colorSeq': 0}, {'imgId': 'DP0904202407063485M.tif', 'colorSeq': 1}, {'imgId': 'DP0904202407063078M.tif', 'colorSeq': 2}]}]",/p/ronson-patio-collection-5-pc-conversation-set/ppr5008099352?pTmplType=regular&searchTerm=patio+and+outdoor+furniture&geoZip=55057,"[{'message': 'Online Only', 'icon': 'mouse'}, {'message': 'Available for Shipping', 'icon': 'check'}]",False,791,True,1582.5,1582.5,RECLINER,False,False,2021-03-24T22:04:33,DP0324202115021141M.tif,DP0324202115021160M.tif,,,https://www.jcpenney.com/p/ronson-patio-collection-5-pc-conversation-set/ppr5008099352?pTmplType=regular&searchTerm=patio+and+outdoor+furniture&geoZip=55057,20251225,patio and outdoor furniture
Panama 8-pc. Conversation Set,ppr5008376375,,,2960.0,2960.0,2960.0,2960.0,ORIGINAL,False,False,available online only,False,False,original,False,True,"['# Pieces In Set: 8', 'Included: 2 Coffee Table, 4 Chair(s), 2 Loveseat(s)', 'Features: Upholstered, 4 Legs, Quick Ship, Water Resistant', 'Manufacturer Warranty: 90 Days Limited', 'Seating Capacity: 4']",0.0,0.0,ORIGINAL,False,False,79127450018,USD,more brands,"[{'colorName': 'Dark Gray', 'swatchImageId': 'DP0706202307265300S.tif', 'colorizedImageId': 'DP0706202307265197M.tif', 'colorSeqNum': 1, 'skuId': '79127450018', 'defaultSwatch': False, 'skuAltImages': [{'imgId': 'DP0706202307265507M.tif', 'colorSeq': 0}, {'imgId': 'DP0706202307265610M.tif', 'colorSeq': 1}, {'imgId': 'DP0706202307265713M.tif', 'colorSeq': 2}]}]",/p/panama-8-pc-conversation-set/ppr5008376375?pTmplType=regular&searchTerm=patio+and+outdoor+furniture&geoZip=55057,"[{'message': 'Online Only', 'icon': 'mouse'}, {'message': 'Available for Shipping', 'icon': 'check'}]",False,791,True,2220.0,2220.0,RECLINER,False,False,2023-07-10T07:08:27,DP0706202307265197M.tif,DP0706202307265507M.tif,,,https://www.jcpenney.com/p/panama-8-pc-conversation-set/ppr5008376375?pTmplType=regular&searchTerm=patio+and+outdoor+furniture&geoZip=55057,20251225,patio and outdoor furniture
Brrokyln 3-pc. Conversation Set,ppr5008431389,,,1250.0,1250.0,1250.0,1250.0,ORIGINAL,False,False,available online only,False,False,original,False,True,"['# Pieces In Set: 3', 'Included: 2 Table(s), 2 Chair(s), 2 Seat Cushion(s), 2 Seat Back Cushion(s)', 'Features: Quick Ship, Removable Cushions, Water Resistant', 'Manufacturer Warranty: 90 Days Limited', 'Seating Capacity: 2']",0.0,0.0,ORIGINAL,False,False,79129690018,USD,more brands,"[{'colorName': 'Beige', 'swatchImageId': 'DP0209202413072935S.tif', 'colorizedImageId': 'DP0220202407104821M.tif', 'colorSeqNum': 1, 'skuId': '79129690018', 'defaultSwatch': False, 'skuAltImages': [{'imgId': 'DP0220202407104615M.tif', 'colorSeq': 0}, {'imgId': 'DP0220202407105026M.tif', 'colorSeq': 2}, {'imgId': 'DP0220202407104924M.tif', 'colorSeq': 3}]}]",/p/brrokyln-3-pc-conversation-set/ppr5008431389?pTmplType=regular&searchTerm=patio+and+outdoor+furniture&geoZip=55057,"[{'message': 'Online Only', 'icon': 'mouse'}, {'message': 'Available for Shipping', 'icon': 'check'}]",False,791,True,937.5,937.5,RECLINER,False,False,2024-02-09T22:03:30,DP0220202407104821M.tif,DP0220202407104615M.tif,,,https://www.jcpenney.com/p/brrokyln-3-pc-conversation-set/ppr5008431389?pTmplType=regular&searchTerm=patio+and+outdoor+furniture&geoZip=55057,20251225,patio and outdoor furniture
Safavieh Mardin Patio Collection 5-pc. Conversation Set Weather Resistant,ppr5008099455,,,1240.0,1240.0,1240.0,1240.0,ORIGINAL,False,False,available online only,False,False,original,False,True,"['# Pieces In Set: 5', 'Included: 4 Chair(s), 1 Table(s)', 'Features: Removable Cushions, Weather Resistant, Quick Ship', 'Joinery: Nailed, Glued, Screwed', 'Seating Capacity: 4']",0.0,0.0,ORIGINAL,False,False,79111720018,USD,safavieh,"[{'colorName': 'Natural Beige', 'swatchImageId': 'DP0526202107015433S.tif', 'colorizedImageId': 'DP0525202113005691M.tif', 'colorSeqNum': 1, 'skuId': '79111720018', 'defaultSwatch': False, 'skuAltImages': [{'imgId': 'DP0324202115021050M.tif', 'colorSeq': 0}, {'imgId': 'DP0525202113005712M.tif', 'colorSeq': 1}, {'imgId': 'DP0525202113005708M.tif', 'colorSeq': 2}]}]",/p/safavieh-mardin-patio-collection-5-pc-conversation-set-weather-resistant/ppr5008099455?pTmplType=regular&searchTerm=patio+and+outdoor+furniture&geoZip=55057,"[{'message': 'Online Only', 'icon': 'mouse'}, {'message': 'Available for Shipping', 'icon': 'check'}]",False,791,True,930.0,930.0,RECLINER,False,False,2021-03-26T15:04:17,DP0525202113005691M.tif,DP0324202115021050M.tif,,,https://www.jcpenney.com/p/safavieh-mardin-patio-collection-5-pc-conversation-set-weather-resistant/ppr5008099455?pTmplType=regular&searchTerm=patio+and+outdoor+furniture&geoZip=55057,20251225,patio and outdoor furniture
Hermosa 7-pc. Rectangular Dining Set,ppr5008367059,,,2470.0,2470.0,2470.0,2470.0,ORIGINAL,False,False,available online only,False,False,original,False,True,"['# Pieces In Set: 7', 'Included: 6 Chair(s)', 'Features: Easy Clean, Water Resistant, Quick Ship', 'Manufacturer Warranty: 90 Days Limited', 'Seating Capacity: 6']",0.0,0.0,ORIGINAL,False,False,79125310018,USD,more brands,"[{'colorName': 'Teak Finish', 'swatchImageId': 'DP1023202515124924S.tif', 'colorizedImageId': 'DP1023202515124820M.tif', 'colorSeqNum': 1, 'skuId': '79125310018', 'defaultSwatch': False, 'skuAltImages': [{'imgId': 'DP1023202515125343M.tif', 'colorSeq': 0}, {'imgId': 'DP1023202515125238M.tif', 'colorSeq': 1}, {'imgId': 'DP1023202515125029M.tif', 'colorSeq': 2}]}]",/p/hermosa-7-pc-rectangular-dining-set/ppr5008367059?pTmplType=regular&searchTerm=patio+and+outdoor+furniture&geoZip=55057,"[{'message': 'Online Only', 'icon': 'mouse'}, {'message': 'Available for Shipping', 'icon': 'check'}]",False,791,True,1852.5,1852.5,RECLINER,False,False,2025-10-23T22:05:40,DP1023202515124820M.tif,DP1023202515125343M.tif,"[{'name': 'NEW', 'priority': 1, 'urlParam': 'new'}]",,https://www.jcpenney.com/p/hermosa-7-pc-rectangular-dining-set/ppr5008367059?pTmplType=regular&searchTerm=patio+and+outdoor+furniture&geoZip=55057,20251225,patio and outdoor furniture
Santa 10-pc. Conversation Set,ppr5008376320,,,6620.0,6620.0,6620.0,6620.0,ORIGINAL,False,False,available online only,False,False,original,False,True,"['# Pieces In Set: 10', 'Included: 7 Chair(s)', 'Features: Water Resistant, Removable Cushions', 'Manufacturer Warranty: 90 Days Limited', 'Shape: Rectangle']",0.0,0.0,ORIGINAL,False,False,79126980018,USD,more brands,"[{'colorName': 'Light Gray', 'swatchImageId': 'DP0705202307155042S.tif', 'colorizedImageId': 'DP1020202309052784M.tif', 'colorSeqNum': 1, 'skuId': '79126980018', 'defaultSwatch': False, 'skuAltImages': [{'imgId': 'DP1023202307142331M.tif', 'colorSeq': 0}, {'imgId': 'DP1023202307142433M.tif', 'colorSeq': 3}, {'imgId': 'DP1020202309053093M.tif', 'colorSeq': 6}]}]",/p/santa-10-pc-conversation-set/ppr5008376320?pTmplType=regular&searchTerm=patio+and+outdoor+furniture&geoZip=55057,"[{'message': 'Online Only', 'icon': 'mouse'}, {'message': 'Available for Shipping', 'icon': 'check'}]",False,791,True,4965.0,4965.0,RECLINER,False,False,2023-07-10T07:08:27,DP1020202309052784M.tif,DP1023202307142331M.tif,"[{'name': 'Few Left', 'priority': 1, 'urlParam': 'fewleft'}]",,https://www.jcpenney.com/p/santa-10-pc-conversation-set/ppr5008376320?pTmplType=regular&searchTerm=patio+and+outdoor+furniture&geoZip=55057,20251225,patio and outdoor furniture
Safavieh Barley Patio Collection 3-pc. Bistro Set Folding,ppr5008095962,,,1080.0,1080.0,1080.0,1080.0,ORIGINAL,False,False,available online only,False,False,original,False,True,"['# Pieces In Set: 3', 'Included: 1 Table(s), 2 Chair(s)', 'Features: Weather Resistant, Armless, Folding, Quick Ship', 'Joinery: Nailed, Glued, Screwed', 'Seating Capacity: 2']",0.0,0.0,ORIGINAL,False,False,79110940018,USD,safavieh,"[{'colorName': 'Natural', 'swatchImageId': 'DP0317202107031410S.tif', 'colorizedImageId': 'DP0317202107031404M.tif', 'colorSeqNum': 1, 'skuId': '79110940018', 'defaultSwatch': False, 'skuAltImages': [{'imgId': 'DP0316202107031420M.tif', 'colorSeq': 0}, {'imgId': 'DP0316202107031423M.tif', 'colorSeq': 5}, {'imgId': 'DP0316202107031416M.tif', 'colorSeq': 6}]}]",/p/safavieh-barley-patio-collection-3-pc-bistro-set-folding/ppr5008095962?pTmplType=regular&searchTerm=patio+and+outdoor+furniture&geoZip=55057,"[{'message': 'Online Only', 'icon': 'mouse'}, {'message': 'Available for Shipping', 'icon': 'check'}]",False,791,True,810.0,810.0,RECLINER,False,False,2021-11-02T17:07:38,DP0317202107031404M.tif,DP0316202107031420M.tif,,,https://www.jcpenney.com/p/safavieh-barley-patio-collection-3-pc-bistro-set-folding/ppr5008095962?pTmplType=regular&searchTerm=patio+and+outdoor+furniture&geoZip=55057,20251225,patio and outdoor furniture
Louver 4-pc. Conversation Set,ppr5008376309,,,2430.0,2430.0,2430.0,2430.0,ORIGINAL,False,False,available online only,False,False,original,False,True,"['# Pieces In Set: 4', 'Included: 2 Chair(s), 1 Table(s), 1 Loveseat(s)', 'Features: Water Resistant, Removable Cushions', 'Manufacturer Warranty: 90 Days Limited', 'Seating Capacity: 4']",0.0,0.0,ORIGINAL,False,False,79126890018,USD,more brands,"[{'colorName': 'Teak Cream', 'swatchImageId': 'DP0705202307142377S.tif', 'colorizedImageId': 'DP0705202307142274M.tif', 'colorSeqNum': 1, 'skuId': '79126890018', 'defaultSwatch': False, 'skuAltImages': [{'imgId': 'DP0705202307142583M.tif', 'colorSeq': 0}, {'imgId': 'DP0705202307142686M.tif', 'colorSeq': 1}, {'imgId': 'DP0705202307142789M.tif', 'colorSeq': 2}]}]",/p/louver-4-pc-conversation-set/ppr5008376309?pTmplType=regular&searchTerm=patio+and+outdoor+furniture&geoZip=55057,"[{'message': 'Online Only', 'icon': 'mouse'}, {'message': 'Available for Shipping', 'icon': 'check'}]",False,791,True,1822.5,1822.5,RECLINER,False,False,2023-07-10T07:08:26,DP0705202307142274M.tif,DP0705202307142583M.tif,,,https://www.jcpenney.com/p/louver-4-pc-conversation-set/ppr5008376309?pTmplType=regular&searchTerm=patio+and+outdoor+furniture&geoZip=55057,20251225,patio and outdoor furniture
Carolina 4-pc. Conversation Set,ppr5008336604,,,1800.0,1800.0,1800.0,1800.0,ORIGINAL,False,False,available online only,False,False,original,False,True,"['# Pieces In Set: 4', 'Included: 1 Loveseat(s), 1 Table(s), 2 Chair(s)', 'Features: 4 Legs', 'Seating Capacity: 4', 'Shape: Rectangle']",0.0,0.0,ORIGINAL,False,False,79122080018,USD,more brands,"[{'colorName': 'Beige', 'swatchImageId': 'DP0314202309224632S.tif', 'colorizedImageId': 'DP0314202309224529M.tif', 'colorSeqNum': 1, 'skuId': '79122080018', 'defaultSwatch': False, 'skuAltImages': [{'imgId': 'DP0314202309224943M.tif', 'colorSeq': 0}, {'imgId': 'DP0314202309224839M.tif', 'colorSeq': 1}, {'imgId': 'DP0314202309224425M.tif', 'colorSeq': 2}]}]",/p/carolina-4-pc-conversation-set/ppr5008336604?pTmplType=regular&searchTerm=patio+and+outdoor+furniture&geoZip=55057,"[{'message': 'Online Only', 'icon': 'mouse'}, {'message': 'Available for Shipping', 'icon': 'check'}]",False,791,True,1350.0,1350.0,RECLINER,False,False,2023-03-14T22:09:58,DP0314202309224529M.tif,DP0314202309224943M.tif,,,https://www.jcpenney.com/p/carolina-4-pc-conversation-set/ppr5008336604?pTmplType=regular&searchTerm=patio+and+outdoor+furniture&geoZip=55057,20251225,patio and outdoor furniture
Safavieh Aldric Patio Collection 4-pc. Conversation Set,ppr5008099336,,,1620.0,1620.0,1620.0,1620.0,ORIGINAL,False,False,available online only,False,False,original,False,True,"['# Pieces In Set: 4', 'Included: 2 Chair(s)', 'Features: Quick Ship', 'Joinery: Nailed', 'Seating Capacity: 4']",0.0,0.0,ORIGINAL,False,False,79111610018,USD,safavieh,"[{'colorName': 'Natural Navy', 'swatchImageId': 'DP0324202115020641S.tif', 'colorizedImageId': 'DP0324202115020655M.tif', 'colorSeqNum': 1, 'skuId': '79111610018', 'defaultSwatch': False, 'skuAltImages': [{'imgId': 'DP0324202115020659M.tif', 'colorSeq': 1}, {'imgId': 'DP0324202115020650M.tif', 'colorSeq': 2}, {'imgId': 'DP0324202115020645M.tif', 'colorSeq': 3}]}]",/p/safavieh-aldric-patio-collection-4-pc-conversation-set/ppr5008099336?pTmplType=regular&searchTerm=patio+and+outdoor+furniture&geoZip=55057,"[{'message': 'Online Only', 'icon': 'mouse'}, {'message': 'Available for Shipping', 'icon': 'check'}]",False,791,True,1215.0,1215.0,RECLINER,False,False,2021-05-14T13:03:23,DP0324202115020655M.tif,DP0324202115020659M.tif,,,https://www.jcpenney.com/p/safavieh-aldric-patio-collection-4-pc-conversation-set/ppr5008099336?pTmplType=regular&searchTerm=patio+and+outdoor+furniture&geoZip=55057,20251225,patio and outdoor furniture
Arcola 2-pc. Upholstered Club Chair,ppr5008376277,,,860.0,860.0,860.0,860.0,ORIGINAL,False,False,available online only,False,False,original,False,True,"['# Pieces In Set: 2', 'Included: 2 Chair(s)', 'Features: Upholstered', 'Manufacturer Warranty: 90 Days Limited', 'Seating Capacity: 2']",0.0,0.0,ORIGINAL,False,False,79126470018,USD,more brands,"[{'colorName': 'Teak Beige', 'swatchImageId': 'DP0705202307074040S.tif', 'colorizedImageId': 'DP0705202307073730M.tif', 'colorSeqNum': 1, 'skuId': '79126470018', 'defaultSwatch': False, 'skuAltImages': [{'imgId': 'DP0705202307073833M.tif', 'colorSeq': 0}, {'imgId': 'DP0705202307074142M.tif', 'colorSeq': 1}, {'imgId': 'DP0705202307073524M.tif', 'colorSeq': 2}]}]",/p/arcola-2-pc-upholstered-club-chair/ppr5008376277?pTmplType=regular&searchTerm=patio+and+outdoor+furniture&geoZip=55057,"[{'message': 'Online Only', 'icon': 'mouse'}, {'message': 'Available for Shipping', 'icon': 'check'}]",False,791,True,645.0,645.0,RECLINER,False,False,2023-07-10T07:08:27,DP0705202307073730M.tif,DP0705202307073833M.tif,,,https://www.jcpenney.com/p/arcola-2-pc-upholstered-club-chair/ppr5008376277?pTmplType=regular&searchTerm=patio+and+outdoor+furniture&geoZip=55057,20251225,patio and outdoor furniture
Safavieh Carson Patio Collection 4-pc. Conversation Set Weather Resistant,ppr5008099318,,,1530.0,1530.0,1530.0,1530.0,ORIGINAL,False,False,available online only,False,False,original,False,True,"['# Pieces In Set: 4', 'Included: 1 Table(s), 1 Loveseat(s), 2 Chair(s), 3 Seat Cushion(s)', 'Features: Quick Ship, Weather Resistant, Removable Cushions, Reversible Cushions', 'Joinery: Nailed, Glued, Screwed', 'Seating Capacity: 4']",0.0,0.0,ORIGINAL,False,False,79111430018,USD,safavieh,"[{'colorName': 'Black White', 'swatchImageId': 'DP0324202113004944S.tif', 'colorizedImageId': 'DP0324202113004932M.tif', 'colorSeqNum': 1, 'skuId': '79111430018', 'defaultSwatch': False, 'skuAltImages': [{'imgId': 'DP0324202113004988M.tif', 'colorSeq': 0}, {'imgId': 'DP0324202113004977M.tif', 'colorSeq': 1}, {'imgId': 'DP0324202113004966M.tif', 'colorSeq': 2}]}, {'colorName': 'Natural Navy', 'swatchImageId': 'DP0324202113004949S.tif', 'colorizedImageId': 'DP0324202113004938M.tif', 'colorSeqNum': 2, 'skuId': '79111430026', 'defaultSwatch': False, 'skuAltImages': [{'imgId': 'DP0324202113004982M.tif', 'colorSeq': 0}, {'imgId': 'DP0324202113004993M.tif', 'colorSeq': 1}, {'imgId': 'DP0324202113004971M.tif', 'colorSeq': 2}]}, {'colorName': 'Natural Beige', 'swatchImageId': 'DP0903202409154124S.tif', 'colorizedImageId': 'DP0903202409154022M.tif', 'colorSeqNum': 3, 'skuId': '79111430034', 'defaultSwatch': False, 'skuAltImages': [{'imgId': 'DP0903202409154327M.tif', 'colorSeq': 0}, {'imgId': 'DP0903202409154225M.tif', 'colorSeq': 1}]}]",/p/safavieh-carson-patio-collection-4-pc-conversation-set-weather-resistant/ppr5008099318?pTmplType=regular&searchTerm=patio+and+outdoor+furniture&geoZip=55057,"[{'message': 'Online Only', 'icon': 'mouse'}, {'message': 'Available for Shipping', 'icon': 'check'}]",False,791,True,1147.5,1147.5,RECLINER,False,False,2021-03-24T22:04:07,DP0324202113004932M.tif,DP0324202113004988M.tif,,,https://www.jcpenney.com/p/safavieh-carson-patio-collection-4-pc-conversation-set-weather-resistant/ppr5008099318?pTmplType=regular&searchTerm=patio+and+outdoor+furniture&geoZip=55057,20251225,patio and outdoor furniture
Puerta 8-pc. Conversation Set,ppr5008376377,,,4040.0,4040.0,4040.0,4040.0,ORIGINAL,False,False,available online only,False,False,original,False,True,"['# Pieces In Set: 8', 'Included: 4 Chair(s)', 'Features: Water Resistant, 4 Legs, Upholstered, Quick Ship', 'Manufacturer Warranty: 90 Days Limited', 'Seating Capacity: 8']",0.0,0.0,ORIGINAL,False,False,79127470018,USD,more brands,"[{'colorName': 'Dark Brown', 'swatchImageId': 'DP0706202307271259S.tif', 'colorizedImageId': 'DP0706202307271156M.tif', 'colorSeqNum': 1, 'skuId': '79127470018', 'defaultSwatch': False, 'skuAltImages': [{'imgId': 'DP0706202307271465M.tif', 'colorSeq': 0}, {'imgId': 'DP0706202307271568M.tif', 'colorSeq': 1}, {'imgId': 'DP0706202307271672M.tif', 'colorSeq': 2}]}]",/p/puerta-8-pc-conversation-set/ppr5008376377?pTmplType=regular&searchTerm=patio+and+outdoor+furniture&geoZip=55057,"[{'message': 'Online Only', 'icon': 'mouse'}, {'message': 'Available for Shipping', 'icon': 'check'}]",False,791,True,3030.0,3030.0,RECLINER,False,False,2023-07-10T07:08:26,DP0706202307271156M.tif,DP0706202307271465M.tif,,,https://www.jcpenney.com/p/puerta-8-pc-conversation-set/ppr5008376377?pTmplType=regular&searchTerm=patio+and+outdoor+furniture&geoZip=55057,20251225,patio and outdoor furniture
Cambridge 5-pc. Conversation Set,ppr5008376354,,,1810.0,1810.0,1810.0,1810.0,ORIGINAL,False,False,available online only,False,False,original,False,True,"['# Pieces In Set: 5', 'Included: 3 Chair(s)', 'Features: Quick Ship, Water Resistant, 4 Legs, Upholstered', 'Manufacturer Warranty: 90 Days Limited', 'Seating Capacity: 3']",0.0,0.0,ORIGINAL,False,False,79127250018,USD,more brands,"[{'colorName': 'Teak Dark Teal', 'swatchImageId': 'DP0705202307205266S.tif', 'colorizedImageId': 'DP0705202307205060M.tif', 'colorSeqNum': 1, 'skuId': '79127250018', 'defaultSwatch': False, 'skuAltImages': [{'imgId': 'DP0705202307205163M.tif', 'colorSeq': 0}, {'imgId': 'DP0705202307204956M.tif', 'colorSeq': 1}, {'imgId': 'DP0705202307205369M.tif', 'colorSeq': 2}]}]",/p/cambridge-5-pc-conversation-set/ppr5008376354?pTmplType=regular&searchTerm=patio+and+outdoor+furniture&geoZip=55057,"[{'message': 'Online Only', 'icon': 'mouse'}, {'message': 'Available for Shipping', 'icon': 'check'}]",False,791,True,1357.5,1357.5,RECLINER,False,False,2023-07-10T07:08:27,DP0705202307205060M.tif,DP0705202307205163M.tif,,,https://www.jcpenney.com/p/cambridge-5-pc-conversation-set/ppr5008376354?pTmplType=regular&searchTerm=patio+and+outdoor+furniture&geoZip=55057,20251225,patio and outdoor furniture
Annalise Patio Semi Circle Iron Console Table,ppr5008090572,,,320.0,320.0,320.0,320.0,ORIGINAL,False,False,available online only,False,False,original,False,True,"['Included: 1 Table(s)', 'Features: Quick Ship, Weather Resistant', 'Joinery: Welded Joint, Screwed', 'Tools Required: Screws (included), Allen Wrench (included)', 'Maximum Weight Limit: 50 Lbs']",0.0,0.0,ORIGINAL,False,False,79108560026,USD,safavieh,"[{'colorName': 'Antique White', 'swatchImageId': 'DP0302202115030893S.tif', 'colorizedImageId': 'DP0302202115030889M.tif', 'colorSeqNum': 1, 'skuId': '79108560018', 'defaultSwatch': False, 'skuAltImages': [{'imgId': 'DP0302202115030908M.tif', 'colorSeq': 0}, {'imgId': 'DP0302202115030904M.tif', 'colorSeq': 1}, {'imgId': 'DP0302202115030901M.tif', 'colorSeq': 2}]}, {'colorName': 'Antique Green', 'swatchImageId': 'DP0903202407182686S.tif', 'colorizedImageId': 'DP0903202407182585M.tif', 'colorSeqNum': 2, 'skuId': '79108560026', 'defaultSwatch': False, 'skuAltImages': [{'imgId': 'DP0903202407182993M.tif', 'colorSeq': 0}, {'imgId': 'DP0903202407183094M.tif', 'colorSeq': 1}, {'imgId': 'DP0903202407182789M.tif', 'colorSeq': 2}]}]",/p/annalise-patio-semi-circle-iron-console-table/ppr5008090572?pTmplType=regular&searchTerm=patio+and+outdoor+furniture&geoZip=55057,"[{'message': 'Online Only', 'icon': 'mouse'}, {'message': 'Available for Shipping', 'icon': 'check'}]",False,791,True,288.0,288.0,GIFTWRAP,False,False,2021-03-02T22:04:27,DP0302202115030889M.tif,DP0302202115030908M.tif,,,https://www.jcpenney.com/p/annalise-patio-semi-circle-iron-console-table/ppr5008090572?pTmplType=regular&searchTerm=patio+and+outdoor+furniture&geoZip=55057,20251225,patio and outdoor furniture
Leah Patio 4-pc. Iron Conversation Set,ppr5008099330,,,1480.0,1480.0,1480.0,1480.0,ORIGINAL,False,False,available online only,False,False,original,False,True,"['# Pieces In Set: 4', 'Included: 2 Chair(s)', 'Features: Quick Ship', 'Joinery: Screwed', 'Seating Capacity: 4']",0.0,0.0,ORIGINAL,False,False,79111550042,USD,safavieh,"[{'colorName': 'Antique White', 'swatchImageId': 'DP0324202115020357S.tif', 'colorizedImageId': 'DP0324202115020347M.tif', 'colorSeqNum': 1, 'skuId': '79111550018', 'defaultSwatch': False, 'skuAltImages': [{'imgId': 'DP0324202115020386M.tif', 'colorSeq': 0}, {'imgId': 'DP0324202115020376M.tif', 'colorSeq': 1}, {'imgId': 'DP0324202115020367M.tif', 'colorSeq': 2}]}, {'colorName': 'Rustic Brown', 'swatchImageId': 'DP0324202115020362S.tif', 'colorizedImageId': 'DP0324202115020352M.tif', 'colorSeqNum': 2, 'skuId': '79111550026', 'defaultSwatch': False, 'skuAltImages': [{'imgId': 'DP0324202115020381M.tif', 'colorSeq': 0}, {'imgId': 'DP0324202115020395M.tif', 'colorSeq': 1}, {'imgId': 'DP0324202115020391M.tif', 'colorSeq': 2}]}, {'colorName': 'Antique Green', 'swatchImageId': 'DP0902202415041553S.tif', 'colorizedImageId': 'DP0902202415041146M.tif', 'colorSeqNum': 3, 'skuId': '79111550042', 'defaultSwatch': False, 'skuAltImages': [{'imgId': 'DP0902202415041858M.tif', 'colorSeq': 0}, {'imgId': 'DP0902202415041756M.tif', 'colorSeq': 1}, {'imgId': 'DP0902202415041655M.tif', 'colorSeq': 2}]}]",/p/leah-patio-4-pc-iron-conversation-set/ppr5008099330?pTmplType=regular&searchTerm=patio+and+outdoor+furniture&geoZip=55057,"[{'message': 'Online Only', 'icon': 'mouse'}, {'message': 'Available for Shipping', 'icon': 'check'}]",False,791,True,1110.0,1110.0,RECLINER,False,False,2021-03-26T15:04:17,DP0324202115020347M.tif,DP0324202115020386M.tif,,,https://www.jcpenney.com/p/leah-patio-4-pc-iron-conversation-set/ppr5008099330?pTmplType=regular&searchTerm=patio+and+outdoor+furniture&geoZip=55057,20251225,patio and outdoor furniture
Louver 4-pc. Conversation Set,ppr5008431281,,,2760.0,2760.0,2760.0,2760.0,ORIGINAL,False,False,available online only,False,False,original,False,True,"['# Pieces In Set: 4', 'Included: 2 Chair(s)', 'Features: Quick Ship', 'Manufacturer Warranty: 90 Days Limited', 'Seating Capacity: 4']",0.0,0.0,ORIGINAL,False,False,79129610018,USD,more brands,"[{'colorName': 'Dark Gray', 'swatchImageId': 'DP0209202413061929S.tif', 'colorizedImageId': 'DP0220202407103282M.tif', 'colorSeqNum': 1, 'skuId': '79129610018', 'defaultSwatch': False, 'skuAltImages': [{'imgId': 'DP0220202407103075M.tif', 'colorSeq': 0}, {'imgId': 'DP0220202407103383M.tif', 'colorSeq': 2}, {'imgId': 'DP0220202407103178M.tif', 'colorSeq': 3}]}]",/p/louver-4-pc-conversation-set/ppr5008431281?pTmplType=regular&searchTerm=patio+and+outdoor+furniture&geoZip=55057,"[{'message': 'Online Only', 'icon': 'mouse'}, {'message': 'Available for Shipping', 'icon': 'check'}]",False,791,True,2070.0,2070.0,RECLINER,False,False,2024-02-09T22:03:27,DP0220202407103282M.tif,DP0220202407103075M.tif,,,https://www.jcpenney.com/p/louver-4-pc-conversation-set/ppr5008431281?pTmplType=regular&searchTerm=patio+and+outdoor+furniture&geoZip=55057,20251225,patio and outdoor furniture
Alcove 5-pc. Conversation Set,ppr5008376235,,,1850.0,1850.0,1850.0,1850.0,ORIGINAL,False,False,available online only,False,False,original,False,True,"['# Pieces In Set: 5', 'Included: 1 Table(s), 1 Ottoman(s), 3 Chair(s)', 'Features: Water Resistant, Removable Cushions', 'Manufacturer Warranty: 90 Days Limited', 'Seating Capacity: 3']",0.0,0.0,ORIGINAL,False,False,79126720018,USD,more brands,"[{'colorName': 'Dark Teal Teak', 'swatchImageId': 'DP0705202307114903S.tif', 'colorizedImageId': 'DP0705202307114593M.tif', 'colorSeqNum': 1, 'skuId': '79126720018', 'defaultSwatch': False, 'skuAltImages': [{'imgId': 'DP0705202307114696M.tif', 'colorSeq': 0}, {'imgId': 'DP0705202307114799M.tif', 'colorSeq': 1}, {'imgId': 'DP0705202307114490M.tif', 'colorSeq': 2}]}]",/p/alcove-5-pc-conversation-set/ppr5008376235?pTmplType=regular&searchTerm=patio+and+outdoor+furniture&geoZip=55057,"[{'message': 'Online Only', 'icon': 'mouse'}, {'message': 'Available for Shipping', 'icon': 'check'}]",False,791,True,1387.5,1387.5,RECLINER,False,False,2023-07-10T07:08:26,DP0705202307114593M.tif,DP0705202307114696M.tif,"[{'name': 'Few Left', 'priority': 1, 'urlParam': 'fewleft'}]",,https://www.jcpenney.com/p/alcove-5-pc-conversation-set/ppr5008376235?pTmplType=regular&searchTerm=patio+and+outdoor+furniture&geoZip=55057,20251225,patio and outdoor furniture
Salons 6-pc. Rectangular Dining Set,ppr5008333987,,,3345.0,3345.0,3345.0,3345.0,ORIGINAL,False,False,available online only,False,False,original,False,True,"['# Pieces In Set: 6', 'Included: 4 Chair(s), 1 Table(s), 1 Bench(es)', 'Features: Quick Ship, Stackable', 'Manufacturer Warranty: 90 Days Limited', 'Seating Capacity: 6']",0.0,0.0,ORIGINAL,False,False,79121860018,USD,more brands,"[{'colorName': 'Teak Brown', 'swatchImageId': 'DP0223202307250733S.tif', 'colorizedImageId': 'DP0223202307250319M.tif', 'colorSeqNum': 1, 'skuId': '79121860018', 'defaultSwatch': False, 'skuAltImages': [{'imgId': 'DP0223202307250423M.tif', 'colorSeq': 0}, {'imgId': 'DP0223202307250526M.tif', 'colorSeq': 1}, {'imgId': 'DP0223202307250112M.tif', 'colorSeq': 2}]}]",/p/salons-6-pc-rectangular-dining-set/ppr5008333987?pTmplType=regular&searchTerm=patio+and+outdoor+furniture&geoZip=55057,"[{'message': 'Online Only', 'icon': 'mouse'}, {'message': 'Available for Shipping', 'icon': 'check'}]",False,791,True,2508.75,2508.75,RECLINER,False,False,2023-02-23T22:03:34,DP0223202307250319M.tif,DP0223202307250423M.tif,,,https://www.jcpenney.com/p/salons-6-pc-rectangular-dining-set/ppr5008333987?pTmplType=regular&searchTerm=patio+and+outdoor+furniture&geoZip=55057,20251225,patio and outdoor furniture
Sherwood Coffee Table,ppr5008297259,,,510.0,510.0,510.0,510.0,ORIGINAL,False,False,available online only,False,False,original,False,True,"['Features: 4 Legs', 'Manufacturer Warranty: 90 Days', 'Shape: Rectangle', 'Tools Required: Screws (included), Allen Wrench (included)', 'Maximum Weight Limit: 300 Lbs']",0.0,0.0,ORIGINAL,False,False,79120770018,USD,more brands,"[{'colorName': 'Teak', 'swatchImageId': 'DP1010202207504825S.tif', 'colorizedImageId': 'DP1010202207504516M.tif', 'colorSeqNum': 1, 'skuId': '79120770018', 'defaultSwatch': False, 'skuAltImages': [{'imgId': 'DP1010202207504619M.tif', 'colorSeq': 0}, {'imgId': 'DP1010202207504722M.tif', 'colorSeq': 1}, {'imgId': 'DP1010202207505031M.tif', 'colorSeq': 2}]}]",/p/sherwood-coffee-table/ppr5008297259?pTmplType=regular&searchTerm=patio+and+outdoor+furniture&geoZip=55057,"[{'message': 'Online Only', 'icon': 'mouse'}, {'message': 'Available for Shipping', 'icon': 'check'}]",False,791,True,459.0,459.0,GIFTWRAP,False,False,2022-10-10T22:09:34,DP1010202207504516M.tif,DP1010202207504619M.tif,,,https://www.jcpenney.com/p/sherwood-coffee-table/ppr5008297259?pTmplType=regular&searchTerm=patio+and+outdoor+furniture&geoZip=55057,20251225,patio and outdoor furniture
Safavieh Thessaly Patio Collection 5-pc. Weather Resistant Round Dining Set,ppr5008099342,2.0,1.0,1760.0,1760.0,1760.0,1760.0,ORIGINAL,False,False,available online only,False,False,original,False,True,"['# Pieces In Set: 5', 'Included: 4 Chair(s), 1 Table(s)', 'Features: Weather Resistant, Quick Ship', 'Joinery: Welded Joint, Screwed', 'Seating Capacity: 4']",0.0,0.0,ORIGINAL,False,False,79111660018,USD,safavieh,"[{'colorName': 'Antique White', 'swatchImageId': 'DP0324202115020818S.tif', 'colorizedImageId': 'DP0324202115020808M.tif', 'colorSeqNum': 1, 'skuId': '79111660018', 'defaultSwatch': False, 'skuAltImages': [{'imgId': 'DP0324202115020847M.tif', 'colorSeq': 0}, {'imgId': 'DP0324202115020837M.tif', 'colorSeq': 1}, {'imgId': 'DP0324202115020828M.tif', 'colorSeq': 2}]}, {'colorName': 'Rustic Brown', 'swatchImageId': 'DP0324202115020823S.tif', 'colorizedImageId': 'DP0324202115020813M.tif', 'colorSeqNum': 2, 'skuId': '79111660026', 'defaultSwatch': False, 'skuAltImages': [{'imgId': 'DP0324202115020851M.tif', 'colorSeq': 0}, {'imgId': 'DP0324202115020842M.tif', 'colorSeq': 1}, {'imgId': 'DP0324202115020833M.tif', 'colorSeq': 2}]}, {'colorName': 'Antique Blue', 'swatchImageId': 'DP0902202415052066S.tif', 'colorizedImageId': 'DP0902202415051660M.tif', 'colorSeqNum': 3, 'skuId': '79111660034', 'defaultSwatch': False, 'skuAltImages': [{'imgId': 'DP0902202415051863M.tif', 'colorSeq': 0}, {'imgId': 'DP0902202415052880M.tif', 'colorSeq': 1}, {'imgId': 'DP0902202415052676M.tif', 'colorSeq': 2}]}, {'colorName': 'Antique Green', 'swatchImageId': 'DP0902202415052168S.tif', 'colorizedImageId': 'DP0902202415051762M.tif', 'colorSeqNum': 4, 'skuId': '79111660042', 'defaultSwatch': False, 'skuAltImages': [{'imgId': 'DP0902202415051965M.tif', 'colorSeq': 0}, {'imgId': 'DP0902202415052983M.tif', 'colorSeq': 1}, {'imgId': 'DP0902202415052779M.tif', 'colorSeq': 2}]}]",/p/safavieh-thessaly-patio-collection-5-pc-weather-resistant-round-dining-set/ppr5008099342?pTmplType=regular&searchTerm=patio+and+outdoor+furniture&geoZip=55057,"[{'message': 'Online Only', 'icon': 'mouse'}, {'message': 'Available for Shipping', 'icon': 'check'}]",False,791,True,1320.0,1320.0,RECLINER,False,False,2021-03-26T15:04:17,DP0324202115020808M.tif,DP0324202115020847M.tif,,,https://www.jcpenney.com/p/safavieh-thessaly-patio-collection-5-pc-weather-resistant-round-dining-set/ppr5008099342?pTmplType=regular&searchTerm=patio+and+outdoor+furniture&geoZip=55057,20251225,patio and outdoor furniture
Rocklin 4 Pc Patio  Set,ppr5008099319,1.0,1.0,1670.0,1670.0,1670.0,1670.0,ORIGINAL,False,False,available online only,False,False,original,False,True,"['# Pieces In Set: 4', 'Included: 1 Loveseat(s), 2 Chair(s), 4 Throw Pillow(s), 3 Seat Cushion(s), 1 Table(s), 3 Seat Back Cushion(s)', 'Features: Reversible Cushions, Quick Ship, Weather Resistant, Removable Cushions', 'Joinery: Screwed, Nailed, Glued', 'Seating Capacity: 4']",0.0,0.0,ORIGINAL,False,False,79111440026,USD,safavieh,"[{'colorName': 'Natural Navy', 'swatchImageId': 'DP0324202113005049S.tif', 'colorizedImageId': 'DP0324202113005019M.tif', 'colorSeqNum': 1, 'skuId': '79111440018', 'defaultSwatch': False, 'skuAltImages': [{'imgId': 'DP0324202113005171M.tif', 'colorSeq': 0}, {'imgId': 'DP0324202113005155M.tif', 'colorSeq': 1}, {'imgId': 'DP0324202113005134M.tif', 'colorSeq': 2}]}, {'colorName': 'Natural Yellow', 'swatchImageId': 'DP0324202113005054S.tif', 'colorizedImageId': 'DP0324202113005024M.tif', 'colorSeqNum': 2, 'skuId': '79111440026', 'defaultSwatch': False, 'skuAltImages': [{'imgId': 'DP0324202113005176M.tif', 'colorSeq': 0}, {'imgId': 'DP0324202113005160M.tif', 'colorSeq': 1}, {'imgId': 'DP0324202113005080M.tif', 'colorSeq': 2}]}, {'colorName': 'Black White', 'swatchImageId': 'DP0324202113005040S.tif', 'colorizedImageId': 'DP0324202113005009M.tif', 'colorSeqNum': 3, 'skuId': '79111440034', 'defaultSwatch': False, 'skuAltImages': [{'imgId': 'DP0324202113005166M.tif', 'colorSeq': 0}, {'imgId': 'DP0324202113005144M.tif', 'colorSeq': 1}, {'imgId': 'DP0324202113005128M.tif', 'colorSeq': 2}]}, {'colorName': 'Beige Navy White', 'swatchImageId': 'DP0324202113005035S.tif', 'colorizedImageId': 'DP0324202113005004M.tif', 'colorSeqNum': 4, 'skuId': '79111440042', 'defaultSwatch': False, 'skuAltImages': [{'imgId': 'DP0324202113005097M.tif', 'colorSeq': 0}, {'imgId': 'DP0324202113005112M.tif', 'colorSeq': 1}, {'imgId': 'DP0324202113005139M.tif', 'colorSeq': 2}]}, {'colorName': 'Beige  Black Wht', 'swatchImageId': 'DP0324202113005029S.tif', 'colorizedImageId': 'DP0324202113004998M.tif', 'colorSeqNum': 5, 'skuId': '79111440059', 'defaultSwatch': False, 'skuAltImages': [{'imgId': 'DP0324202113005091M.tif', 'colorSeq': 0}, {'imgId': 'DP0324202113005107M.tif', 'colorSeq': 1}, {'imgId': 'DP0324202113005123M.tif', 'colorSeq': 2}]}, {'colorName': 'Grey  Nvy Wht', 'swatchImageId': 'DP0324202113005045S.tif', 'colorizedImageId': 'DP0324202113005014M.tif', 'colorSeqNum': 6, 'skuId': '79111440067', 'defaultSwatch': False, 'skuAltImages': [{'imgId': 'DP0324202113005102M.tif', 'colorSeq': 0}, {'imgId': 'DP0324202113005118M.tif', 'colorSeq': 1}, {'imgId': 'DP0324202113005149M.tif', 'colorSeq': 2}]}, {'colorName': 'Navy Blue White', 'swatchImageId': 'DP0903202409154936S.tif', 'colorizedImageId': 'DP0903202409154632M.tif', 'colorSeqNum': 7, 'skuId': '79111440125', 'defaultSwatch': False, 'skuAltImages': [{'imgId': 'DP0903202409160156M.tif', 'colorSeq': 0}, {'imgId': 'DP0903202409155038M.tif', 'colorSeq': 1}, {'imgId': 'DP0903202409155851M.tif', 'colorSeq': 2}]}, {'colorName': 'Natural Black', 'swatchImageId': 'DP0903202409154835S.tif', 'colorizedImageId': 'DP0903202409154530M.tif', 'colorSeqNum': 8, 'skuId': '79111440133', 'defaultSwatch': False, 'skuAltImages': [{'imgId': 'DP0903202409155953M.tif', 'colorSeq': 0}, {'imgId': 'DP0903202409155343M.tif', 'colorSeq': 1}, {'imgId': 'DP0903202409160055M.tif', 'colorSeq': 2}]}]",/p/rocklin-4-pc-patio-set/ppr5008099319?pTmplType=regular&searchTerm=patio+and+outdoor+furniture&geoZip=55057,"[{'message': 'Online Only', 'icon': 'mouse'}, {'message': 'Available for Shipping', 'icon': 'check'}]",False,791,True,1252.5,1252.5,RECLINER,False,False,2021-03-24T22:04:07,DP0324202113005019M.tif,DP0324202113005171M.tif,,,https://www.jcpenney.com/p/rocklin-4-pc-patio-set/ppr5008099319?pTmplType=regular&searchTerm=patio+and+outdoor+furniture&geoZip=55057,20251225,patio and outdoor furniture
Safavieh 4-pc. Conversation Set Weather Resistant,ppr5008240299,,,1240.0,1240.0,1240.0,1240.0,ORIGINAL,False,False,available online only,False,False,original,False,True,"['# Pieces In Set: 4', 'Included: 1 Loveseat(s), 2 Chair(s), 3 Seat Cushion(s), 3 Seat Back Cushion(s), 1 Coffee Table(s)', 'Features: Quick Ship, Weather Resistant', 'Joinery: Nailed, Screwed, Welded Joint', 'Seating Capacity: 4']",0.0,0.0,ORIGINAL,False,False,79116770042,USD,safavieh,"[{'colorName': 'Beige White', 'swatchImageId': 'DP0422202207055255S.tif', 'colorizedImageId': 'DP0422202207055239M.tif', 'colorSeqNum': 1, 'skuId': '79116770026', 'defaultSwatch': False, 'skuAltImages': [{'imgId': 'DP0425202207031778M.tif', 'colorSeq': 0}, {'imgId': 'DP0422202207055250M.tif', 'colorSeq': 1}, {'imgId': 'DP0422202207055272M.tif', 'colorSeq': 2}]}, {'colorName': 'Black White', 'swatchImageId': 'DP0422202207055257S.tif', 'colorizedImageId': 'DP0422202207055241M.tif', 'colorSeqNum': 2, 'skuId': '79116770018', 'defaultSwatch': False, 'skuAltImages': [{'imgId': 'DP0422202207055246M.tif', 'colorSeq': 0}, {'imgId': 'DP0422202207055252M.tif', 'colorSeq': 1}, {'imgId': 'DP0422202207055274M.tif', 'colorSeq': 2}]}, {'colorName': 'Natural White', 'swatchImageId': 'DP0422202207055260S.tif', 'colorizedImageId': 'DP0425202207031777M.tif', 'colorSeqNum': 3, 'skuId': '79116770042', 'defaultSwatch': False, 'skuAltImages': [{'imgId': 'DP0422202207055249M.tif', 'colorSeq': 0}, {'imgId': 'DP0422202207055277M.tif', 'colorSeq': 1}, {'imgId': 'DP0422202207055271M.tif', 'colorSeq': 2}]}]",/p/safavieh-4-pc-conversation-set-weather-resistant/ppr5008240299?pTmplType=regular&searchTerm=patio+and+outdoor+furniture&geoZip=55057,"[{'message': 'Online Only', 'icon': 'mouse'}, {'message': 'Available for Shipping', 'icon': 'check'}]",False,791,True,930.0,930.0,RECLINER,False,False,2022-04-22T22:03:33,DP0422202207055239M.tif,DP0425202207031778M.tif,,,https://www.jcpenney.com/p/safavieh-4-pc-conversation-set-weather-resistant/ppr5008240299?pTmplType=regular&searchTerm=patio+and+outdoor+furniture&geoZip=55057,20251225,patio and outdoor furniture
Safavieh Lynwood Patio Collection 4-pc. Conversation Set Weather Resistant,ppr5008099358,,,2100.0,2100.0,2100.0,2100.0,ORIGINAL,False,False,available online only,False,False,original,False,True,"['# Pieces In Set: 4', 'Included: 1 Table(s), 1 Sofa(s), 5 Throw Pillow(s), 3 Seat Cushion(s)', 'Features: Quick Ship, Removable Cushions, Weather Resistant', 'Joinery: Screwed, Glued, Nailed', 'Seating Capacity: 3']",0.0,0.0,ORIGINAL,False,False,79111800018,USD,safavieh,"[{'colorName': 'Natural Beige', 'swatchImageId': 'DP0324202115021378S.tif', 'colorizedImageId': 'DP0324202115021373M.tif', 'colorSeqNum': 1, 'skuId': '79111800018', 'defaultSwatch': False, 'skuAltImages': [{'imgId': 'DP0324202115021392M.tif', 'colorSeq': 0}, {'imgId': 'DP0324202115021383M.tif', 'colorSeq': 1}, {'imgId': 'DP0324202115021397M.tif', 'colorSeq': 2}]}, {'colorName': 'Natural Taupe', 'swatchImageId': 'DP0205202507364399S.tif', 'colorizedImageId': 'DP0902202415062889M.tif', 'colorSeqNum': 2, 'skuId': '79111800026', 'defaultSwatch': False}]",/p/safavieh-lynwood-patio-collection-4-pc-conversation-set-weather-resistant/ppr5008099358?pTmplType=regular&searchTerm=patio+and+outdoor+furniture&geoZip=55057,"[{'message': 'Online Only', 'icon': 'mouse'}, {'message': 'Available for Shipping', 'icon': 'check'}]",False,791,True,1575.0,1575.0,RECLINER,False,False,2021-03-26T15:04:17,DP0324202115021373M.tif,DP0324202115021392M.tif,"[{'name': 'Few Left', 'priority': 1, 'urlParam': 'fewleft'}]",,https://www.jcpenney.com/p/safavieh-lynwood-patio-collection-4-pc-conversation-set-weather-resistant/ppr5008099358?pTmplType=regular&searchTerm=patio+and+outdoor+furniture&geoZip=55057,20251225,patio and outdoor furniture
Safavieh Benjin Patio Collection 4-pc. Conversation Set Weather Resistant,ppr5008099340,,,2000.0,2000.0,2000.0,2000.0,ORIGINAL,False,False,available online only,False,False,original,False,True,"['# Pieces In Set: 4', 'Included: 1 Table(s), 4 Throw Pillow(s), 2 Chair(s), 1 Loveseat(s), 3 Seat Cushion(s)', 'Features: Weather Resistant, Removable Cushions, Quick Ship', 'Joinery: Screwed, Welded Joint', 'Seating Capacity: 4']",0.0,0.0,ORIGINAL,False,False,79111650018,USD,safavieh,"[{'colorName': 'Grey White', 'swatchImageId': 'DP0324202115020765S.tif', 'colorizedImageId': 'DP0324202115020755M.tif', 'colorSeqNum': 1, 'skuId': '79111650018', 'defaultSwatch': False, 'skuAltImages': [{'imgId': 'DP0324202115020784M.tif', 'colorSeq': 0}, {'imgId': 'DP0324202115020804M.tif', 'colorSeq': 1}, {'imgId': 'DP0324202115020794M.tif', 'colorSeq': 2}]}, {'colorName': 'Grey Beige', 'swatchImageId': 'DP0324202115020760S.tif', 'colorizedImageId': 'DP0324202115020750M.tif', 'colorSeqNum': 2, 'skuId': '79111650026', 'defaultSwatch': False, 'skuAltImages': [{'imgId': 'DP0324202115020779M.tif', 'colorSeq': 0}, {'imgId': 'DP0324202115020799M.tif', 'colorSeq': 1}, {'imgId': 'DP0324202115020789M.tif', 'colorSeq': 2}]}]",/p/safavieh-benjin-patio-collection-4-pc-conversation-set-weather-resistant/ppr5008099340?pTmplType=regular&searchTerm=patio+and+outdoor+furniture&geoZip=55057,"[{'message': 'Online Only', 'icon': 'mouse'}, {'message': 'Available for Shipping', 'icon': 'check'}]",False,791,True,1500.0,1500.0,RECLINER,False,False,2021-03-26T15:04:17,DP0324202115020755M.tif,DP0324202115020784M.tif,,,https://www.jcpenney.com/p/safavieh-benjin-patio-collection-4-pc-conversation-set-weather-resistant/ppr5008099340?pTmplType=regular&searchTerm=patio+and+outdoor+furniture&geoZip=55057,20251225,patio and outdoor furniture
Annisa 4-pc. Conversation Set,ppr5008431283,,,2340.0,2340.0,2340.0,2340.0,ORIGINAL,False,False,available online only,False,False,original,False,True,"['# Pieces In Set: 4', 'Included: 1 Loveseat(s), 4 Seat Back Cushion(s), 2 Chair(s), 1 Coffee Table, 3 Seat Cushion(s)', 'Features: Removable Cushions, Quick Ship', 'Manufacturer Warranty: 90 Days Limited', 'Seating Capacity: 4']",0.0,0.0,ORIGINAL,False,False,79129630018,USD,more brands,"[{'colorName': 'Beige', 'swatchImageId': 'DP0209202413063681S.tif', 'colorizedImageId': 'DP0430202407313276M.tif', 'colorSeqNum': 1, 'skuId': '79129630018', 'defaultSwatch': False, 'skuAltImages': [{'imgId': 'DP0430202407313073M.tif', 'colorSeq': 0}, {'imgId': 'DP0430202407313480M.tif', 'colorSeq': 2}, {'imgId': 'DP0430202407313378M.tif', 'colorSeq': 3}]}]",/p/annisa-4-pc-conversation-set/ppr5008431283?pTmplType=regular&searchTerm=patio+and+outdoor+furniture&geoZip=55057,"[{'message': 'Online Only', 'icon': 'mouse'}, {'message': 'Available for Shipping', 'icon': 'check'}]",False,791,True,1755.0,1755.0,RECLINER,False,False,2024-04-26T19:02:16,DP0430202407313276M.tif,DP0430202407313073M.tif,,,https://www.jcpenney.com/p/annisa-4-pc-conversation-set/ppr5008431283?pTmplType=regular&searchTerm=patio+and+outdoor+furniture&geoZip=55057,20251225,patio and outdoor furniture
"Signature Design by Ashley® Brook Ranch 3-pc. Outdoor Sofa Sectional and Bench with Cushions
",ppr5008438078,4.875,8.0,4820.0,4820.0,4820.0,4820.0,ORIGINAL,False,False,available online only,False,False,original,False,True,"['# Pieces In Set: 3', 'Included: 7 Seat Cushion(s), 1 Bench(es), 6 Throw Pillow(s), 7 Seat Back Cushion(s), 1 Sectional(s)', 'Features: Cushioned, Rust Resistant, Uv Protection, Removable Cushions, Fade Resistant, Weather Resistant, Stain Resistant', 'Seating Capacity: 8', 'Sectional Components: Left-Arm Sofa, Right-Arm Sofa']",0.0,0.0,ORIGINAL,True,False,79130240018,USD,signature design by ashley,"[{'colorName': 'Dk Brown', 'swatchImageId': 'DP0313202413022062S.tif', 'colorizedImageId': 'DP0318202407053876M.tif', 'colorSeqNum': 1, 'skuId': '79130240018', 'defaultSwatch': False, 'skuAltImages': [{'imgId': 'DP0318202407053979M.tif', 'colorSeq': 0}, {'imgId': 'DP0318202407054082M.tif', 'colorSeq': 2}, {'imgId': 'DP0318202407053773M.tif', 'colorSeq': 4}]}]",/p/signature-design-by-ashley-brook-ranch-3-pc-outdoor-sofa-sectional-and-bench-with-cushions/ppr5008438078?pTmplType=regular&searchTerm=patio+and+outdoor+furniture&geoZip=55057,"[{'message': 'Online Only', 'icon': 'mouse'}, {'message': 'Available for Shipping', 'icon': 'check'}]",False,791,True,3615.0,3615.0,RECLINER,False,False,2024-03-13T22:04:52,DP0318202407053876M.tif,DP0318202407053979M.tif,,,https://www.jcpenney.com/p/signature-design-by-ashley-brook-ranch-3-pc-outdoor-sofa-sectional-and-bench-with-cushions/ppr5008438078?pTmplType=regular&searchTerm=patio+and+outdoor+furniture&geoZip=55057,20251225,patio and outdoor furniture
Safavieh Laban 3-pc. Bistro Set,ppr5008233294,,,600.0,600.0,600.0,600.0,ORIGINAL,False,False,available online only,False,False,original,False,True,"['# Pieces In Set: 3', 'Included: 2 Chair(s), 2 Seat Cushion(s), 1 Table(s)', 'Features: Quick Ship, Removable Cushions, Weather Resistant', 'Joinery: Welded Joint, Screwed', 'Seating Capacity: 2']",0.0,0.0,ORIGINAL,False,False,79115200018,USD,safavieh,"[{'colorName': 'Brown', 'swatchImageId': 'DP0404202207062687S.tif', 'colorizedImageId': 'DP0404202207062654M.tif', 'colorSeqNum': 1, 'skuId': '79115200026', 'defaultSwatch': False, 'skuAltImages': [{'imgId': 'DP0404202207062706M.tif', 'colorSeq': 0}, {'imgId': 'DP0404202207062663M.tif', 'colorSeq': 1}, {'imgId': 'DP0404202207062670M.tif', 'colorSeq': 2}]}, {'colorName': 'Beige', 'swatchImageId': 'DP0404202207062684S.tif', 'colorizedImageId': 'DP0404202207062651M.tif', 'colorSeqNum': 2, 'skuId': '79115200018', 'defaultSwatch': False, 'skuAltImages': [{'imgId': 'DP0404202207062701M.tif', 'colorSeq': 0}, {'imgId': 'DP0404202207062659M.tif', 'colorSeq': 1}, {'imgId': 'DP0404202207062667M.tif', 'colorSeq': 2}]}]",/p/safavieh-laban-3-pc-bistro-set/ppr5008233294?pTmplType=regular&searchTerm=patio+and+outdoor+furniture&geoZip=55057,"[{'message': 'Online Only', 'icon': 'mouse'}, {'message': 'Available for Shipping', 'icon': 'check'}]",False,791,True,540.0,540.0,GIFTWRAP,False,False,2022-04-04T22:04:23,DP0404202207062654M.tif,DP0404202207062706M.tif,,,https://www.jcpenney.com/p/safavieh-laban-3-pc-bistro-set/ppr5008233294?pTmplType=regular&searchTerm=patio+and+outdoor+furniture&geoZip=55057,20251225,patio and outdoor furniture
Abdul Patio 4-pc. Conversation Set,ppr5008099323,4.0,1.0,1090.0,1090.0,1090.0,1090.0,ORIGINAL,False,False,available online only,False,False,original,False,True,"['# Pieces In Set: 4', 'Included: 1 Loveseat(s), 1 Table(s), 2 Chair(s), 3 Seat Cushion(s)', 'Features: Quick Ship, Weather Resistant, Removable Cushions, Reversible Cushions', 'Joinery: Welded Joint, Screwed', 'Seating Capacity: 4']",0.0,0.0,ORIGINAL,False,False,79111480026,USD,safavieh,"[{'colorName': 'Black Beige', 'swatchImageId': 'DP0526202107015410S.tif', 'colorizedImageId': 'DP0525202113005549M.tif', 'colorSeqNum': 1, 'skuId': '79111480018', 'defaultSwatch': False, 'skuAltImages': [{'imgId': 'DP0324202115015933M.tif', 'colorSeq': 0}, {'imgId': 'DP0324202115015948M.tif', 'colorSeq': 1}, {'imgId': 'DP0525202113005569M.tif', 'colorSeq': 2}]}, {'colorName': 'Grey Grey', 'swatchImageId': 'DP0324202115015918S.tif', 'colorizedImageId': 'DP0324202115015907M.tif', 'colorSeqNum': 2, 'skuId': '79111480026', 'defaultSwatch': False, 'skuAltImages': [{'imgId': 'DP0324202115015938M.tif', 'colorSeq': 0}, {'imgId': 'DP0324202115015952M.tif', 'colorSeq': 1}, {'imgId': 'DP0324202115015957M.tif', 'colorSeq': 2}]}, {'colorName': 'Black Light Grey', 'swatchImageId': 'DP0903202409161378S.tif', 'colorizedImageId': 'DP0903202409161276M.tif', 'colorSeqNum': 3, 'skuId': '79111480059', 'defaultSwatch': False, 'skuAltImages': [{'imgId': 'DP0903202409161887M.tif', 'colorSeq': 0}, {'imgId': 'DP0903202409161786M.tif', 'colorSeq': 1}, {'imgId': 'DP0903202409161989M.tif', 'colorSeq': 2}]}]",/p/abdul-patio-4-pc-conversation-set/ppr5008099323?pTmplType=regular&searchTerm=patio+and+outdoor+furniture&geoZip=55057,"[{'message': 'Online Only', 'icon': 'mouse'}, {'message': 'Available for Shipping', 'icon': 'check'}]",False,791,True,817.5,817.5,RECLINER,False,False,2021-03-24T22:04:27,DP0525202113005549M.tif,DP0324202115015933M.tif,,,https://www.jcpenney.com/p/abdul-patio-4-pc-conversation-set/ppr5008099323?pTmplType=regular&searchTerm=patio+and+outdoor+furniture&geoZip=55057,20251225,patio and outdoor furniture
Safavieh Anaheim Patio Collection 5-pc. Conversation Set Weather Resistant,ppr5008099343,,,2030.0,2030.0,2030.0,2030.0,ORIGINAL,False,False,available online only,False,False,original,False,True,"['# Pieces In Set: 5', 'Included: 4 Chair(s), 4 Seat Back Cushion(s), 4 Seat Cushion(s), 1 Table(s)', 'Features: Quick Ship, Weather Resistant, Removable Cushions', 'Joinery: Screwed, Glued, Nailed', 'Seating Capacity: 4']",0.0,0.0,ORIGINAL,False,False,79111670034,USD,safavieh,"[{'colorName': 'Natural Beige', 'swatchImageId': 'DP0324202115020861S.tif', 'colorizedImageId': 'DP0324202115020856M.tif', 'colorSeqNum': 1, 'skuId': '79111670018', 'defaultSwatch': False, 'skuAltImages': [{'imgId': 'DP0324202115020871M.tif', 'colorSeq': 0}, {'imgId': 'DP0324202115020882M.tif', 'colorSeq': 1}, {'imgId': 'DP0324202115020876M.tif', 'colorSeq': 2}]}, {'colorName': 'Ash Grey Beige', 'swatchImageId': 'DP0902202415053493S.tif', 'colorizedImageId': 'DP0902202415053289M.tif', 'colorSeqNum': 2, 'skuId': '79111670034', 'defaultSwatch': False, 'skuAltImages': [{'imgId': 'DP0902202415053594M.tif', 'colorSeq': 0}, {'imgId': 'DP0902202415053390M.tif', 'colorSeq': 1}, {'imgId': 'DP0902202415053086M.tif', 'colorSeq': 2}]}]",/p/safavieh-anaheim-patio-collection-5-pc-conversation-set-weather-resistant/ppr5008099343?pTmplType=regular&searchTerm=patio+and+outdoor+furniture&geoZip=55057,"[{'message': 'Online Only', 'icon': 'mouse'}, {'message': 'Available for Shipping', 'icon': 'check'}]",False,791,True,1522.5,1522.5,RECLINER,False,False,2021-03-26T15:04:17,DP0324202115020856M.tif,DP0324202115020871M.tif,,,https://www.jcpenney.com/p/safavieh-anaheim-patio-collection-5-pc-conversation-set-weather-resistant/ppr5008099343?pTmplType=regular&searchTerm=patio+and+outdoor+furniture&geoZip=55057,20251225,patio and outdoor furniture
Safavieh Fresno Patio Collection 4-pc. Conversation Set Weather Resistant,ppr5008099333,,,2010.0,2010.0,2010.0,2010.0,ORIGINAL,False,False,available online only,False,False,original,False,True,"['# Pieces In Set: 4', 'Included: 1 Loveseat(s), 1 Table(s), 3 Seat Back Cushion(s), 3 Seat Cushion(s), 2 Chair(s)', 'Features: Weather Resistant, Removable Cushions, Quick Ship', 'Joinery: Screwed, Nailed, Glued', 'Seating Capacity: 4']",0.0,0.0,ORIGINAL,False,False,79111580026,USD,safavieh,"[{'colorName': 'Slate Grey Beige', 'swatchImageId': 'DP0324202115020497S.tif', 'colorizedImageId': 'DP0324202115020487M.tif', 'colorSeqNum': 1, 'skuId': '79111580026', 'defaultSwatch': False, 'skuAltImages': [{'imgId': 'DP0324202115020536M.tif', 'colorSeq': 0}, {'imgId': 'DP0324202115020531M.tif', 'colorSeq': 1}, {'imgId': 'DP0324202115020507M.tif', 'colorSeq': 2}]}, {'colorName': 'Natural Beige', 'swatchImageId': 'DP0324202115020492S.tif', 'colorizedImageId': 'DP0324202115020482M.tif', 'colorSeqNum': 2, 'skuId': '79111580018', 'defaultSwatch': False, 'skuAltImages': [{'imgId': 'DP0324202115020522M.tif', 'colorSeq': 0}, {'imgId': 'DP0324202115020526M.tif', 'colorSeq': 1}, {'imgId': 'DP0324202115020512M.tif', 'colorSeq': 2}]}]",/p/safavieh-fresno-patio-collection-4-pc-conversation-set-weather-resistant/ppr5008099333?pTmplType=regular&searchTerm=patio+and+outdoor+furniture&geoZip=55057,"[{'message': 'Online Only', 'icon': 'mouse'}, {'message': 'Available for Shipping', 'icon': 'check'}]",False,791,True,1507.5,1507.5,RECLINER,False,False,2021-03-24T22:04:30,DP0324202115020487M.tif,DP0324202115020536M.tif,,,https://www.jcpenney.com/p/safavieh-fresno-patio-collection-4-pc-conversation-set-weather-resistant/ppr5008099333?pTmplType=regular&searchTerm=patio+and+outdoor+furniture&geoZip=55057,20251225,patio and outdoor furniture
River Bottom 3-pc. Lounge Set,ppr5008234212,,,2400.0,2400.0,2400.0,2400.0,ORIGINAL,False,False,available online only,False,False,original,False,True,"['# Pieces In Set: 3', 'Included: 2 Chair(s), 2 Chair Pad(s), 1 Chairside Table(s), 2 Seat Back Cushion(s)', 'Features: Cushioned, Quick Ship, Weather Resistant, Armless, Waterproof, Outdoor, 4 Legs', 'Joinery: Cam And Bolt Lock', 'Manufacturer Warranty: 1 Year']",0.0,0.0,ORIGINAL,False,False,79115550018,USD,more brands,"[{'colorName': 'Gray', 'swatchImageId': 'DP0418202209021197S.tif', 'colorizedImageId': 'DP0418202209021187M.tif', 'colorSeqNum': 1, 'skuId': '79115550018', 'defaultSwatch': False, 'skuAltImages': [{'imgId': 'DP0418202209021203M.tif', 'colorSeq': 0}, {'imgId': 'DP0418202209021192M.tif', 'colorSeq': 1}, {'imgId': 'DP0418202209021195M.tif', 'colorSeq': 2}]}, {'colorName': 'Natural Tone', 'swatchImageId': 'DP0418202209021198S.tif', 'colorizedImageId': 'DP0418202209021191M.tif', 'colorSeqNum': 2, 'skuId': '79115550026', 'defaultSwatch': False, 'skuAltImages': [{'imgId': 'DP0418202209021205M.tif', 'colorSeq': 0}, {'imgId': 'DP0418202209021194M.tif', 'colorSeq': 1}, {'imgId': 'DP0418202209021202M.tif', 'colorSeq': 2}]}]",/p/river-bottom-3-pc-lounge-set/ppr5008234212?pTmplType=regular&searchTerm=patio+and+outdoor+furniture&geoZip=55057,"[{'message': 'Online Only', 'icon': 'mouse'}, {'message': 'Available for Shipping', 'icon': 'check'}]",False,791,True,1800.0,1800.0,RECLINER,False,False,2022-04-18T22:04:55,DP0418202209021187M.tif,DP0418202209021203M.tif,,,https://www.jcpenney.com/p/river-bottom-3-pc-lounge-set/ppr5008234212?pTmplType=regular&searchTerm=patio+and+outdoor+furniture&geoZip=55057,20251225,patio and outdoor furniture
Sunnydaze Patio Collection 3-pc. Bistro Set Rust Resistant,ppr5008094729,4.4,10.0,480.0,480.0,480.0,480.0,ORIGINAL,False,False,available online only,False,False,original,False,True,"['# Pieces In Set: 3', 'Included: 1 Table(s), 2 Chair(s)', 'Features: Weather Resistant, Quick Ship, Rust Resistant', 'Joinery: Screwed', 'Manufacturer Warranty: 1 Year']",0.0,0.0,ORIGINAL,False,False,79110200018,USD,more brands,"[{'colorName': 'White', 'swatchImageId': 'DP0406202115010795S.tif', 'colorizedImageId': 'DP0318202107030700M.tif', 'colorSeqNum': 1, 'skuId': '79110200018', 'defaultSwatch': False, 'skuAltImages': [{'imgId': 'DP0318202107030705M.tif', 'colorSeq': 0}, {'imgId': 'DP0318202107030715M.tif', 'colorSeq': 1}, {'imgId': 'DP0318202107030730M.tif', 'colorSeq': 2}]}]",/p/sunnydaze-patio-collection-3-pc-bistro-set-rust-resistant/ppr5008094729?pTmplType=regular&searchTerm=patio+and+outdoor+furniture&geoZip=55057,"[{'message': 'Online Only', 'icon': 'mouse'}, {'message': 'Available for Shipping', 'icon': 'check'}]",False,791,True,,,,False,False,2021-03-19T11:05:27,DP0318202107030700M.tif,DP0318202107030705M.tif,,,https://www.jcpenney.com/p/sunnydaze-patio-collection-3-pc-bistro-set-rust-resistant/ppr5008094729?pTmplType=regular&searchTerm=patio+and+outdoor+furniture&geoZip=55057,20251225,patio and outdoor furniture
Safavieh Del Mar 5-pc. Square Dining Set,ppr5008269851,,,1820.0,1820.0,1820.0,1820.0,ORIGINAL,False,False,available online only,False,False,original,False,True,"['# Pieces In Set: 5', 'Included: 1 Table(s), 4 Seat Cushion(s), 4 Chair(s)', 'Features: Removable Cushions, Water Resistant, Umbrella Hole, Quick Ship', 'Joinery: Glued, Screwed, Nailed', 'Seating Capacity: 4']",0.0,0.0,ORIGINAL,False,False,79115220018,USD,safavieh,"[{'colorName': 'Natural', 'swatchImageId': 'DP0404202207062787S.tif', 'colorizedImageId': 'DP0404202207062770M.tif', 'colorSeqNum': 1, 'skuId': '79115220018', 'defaultSwatch': False, 'skuAltImages': [{'imgId': 'DP0404202207062807M.tif', 'colorSeq': 0}, {'imgId': 'DP0404202207062779M.tif', 'colorSeq': 1}, {'imgId': 'DP0404202207062798M.tif', 'colorSeq': 2}]}, {'colorName': 'Gray', 'swatchImageId': 'DP0404202207062784S.tif', 'colorizedImageId': 'DP0404202207062767M.tif', 'colorSeqNum': 2, 'skuId': '79115220026', 'defaultSwatch': False, 'skuAltImages': [{'imgId': 'DP0404202207062803M.tif', 'colorSeq': 0}, {'imgId': 'DP0404202207062775M.tif', 'colorSeq': 1}, {'imgId': 'DP0404202207062793M.tif', 'colorSeq': 2}]}, {'colorName': 'Dark Gray', 'swatchImageId': 'DP0406202207012797S.tif', 'colorizedImageId': 'DP0406202207012796M.tif', 'colorSeqNum': 3, 'skuId': '79115220034', 'defaultSwatch': False, 'skuAltImages': [{'imgId': 'DP0406202207012801M.tif', 'colorSeq': 0}, {'imgId': 'DP0406202207012799M.tif', 'colorSeq': 1}, {'imgId': 'DP0406202207012797M.tif', 'colorSeq': 2}]}]",/p/safavieh-del-mar-5-pc-square-dining-set/ppr5008269851?pTmplType=regular&searchTerm=patio+and+outdoor+furniture&geoZip=55057,"[{'message': 'Online Only', 'icon': 'mouse'}, {'message': 'Available for Shipping', 'icon': 'check'}]",False,791,True,1365.0,1365.0,RECLINER,False,False,2022-07-20T05:19:21,DP0404202207062770M.tif,DP0404202207062807M.tif,,,https://www.jcpenney.com/p/safavieh-del-mar-5-pc-square-dining-set/ppr5008269851?pTmplType=regular&searchTerm=patio+and+outdoor+furniture&geoZip=55057,20251225,patio and outdoor furniture
Fontana 4-pc. Conversation Set,ppr5008099320,,,1650.0,1650.0,1650.0,1650.0,ORIGINAL,False,False,available online only,False,False,original,False,True,"['# Pieces In Set: 4', 'Included: 2 Chair(s)', 'Features: Quick Ship', 'Joinery: Glued', 'Seating Capacity: 4']",0.0,0.0,ORIGINAL,False,False,79111450075,USD,safavieh,"[{'colorName': 'Natural Navy', 'swatchImageId': 'DP0324202113005247S.tif', 'colorizedImageId': 'DP0324202113005209M.tif', 'colorSeqNum': 1, 'skuId': '79111450026', 'defaultSwatch': False, 'skuAltImages': [{'imgId': 'DP0324202113005384M.tif', 'colorSeq': 0}, {'imgId': 'DP0324202113005346M.tif', 'colorSeq': 1}, {'imgId': 'DP0324202113005295M.tif', 'colorSeq': 2}]}, {'colorName': 'Natural Beige', 'swatchImageId': 'DP0324202113005241S.tif', 'colorizedImageId': 'DP0324202113005203M.tif', 'colorSeqNum': 2, 'skuId': '79111450018', 'defaultSwatch': False, 'skuAltImages': [{'imgId': 'DP0324202113005379M.tif', 'colorSeq': 0}, {'imgId': 'DP0324202113005341M.tif', 'colorSeq': 1}, {'imgId': 'DP0324202113005290M.tif', 'colorSeq': 2}]}, {'colorName': 'Natural Yellow', 'swatchImageId': 'DP0409202117010557S.tif', 'colorizedImageId': 'DP0324202113005214M.tif', 'colorSeqNum': 3, 'skuId': '79111450034', 'defaultSwatch': False, 'skuAltImages': [{'imgId': 'DP0324202113005390M.tif', 'colorSeq': 0}, {'imgId': 'DP0324202113005351M.tif', 'colorSeq': 1}, {'imgId': 'DP0324202113005299M.tif', 'colorSeq': 2}]}, {'colorName': 'Black Beige', 'swatchImageId': 'DP0324202113005231S.tif', 'colorizedImageId': 'DP0324202113005192M.tif', 'colorSeqNum': 4, 'skuId': '79111450042', 'defaultSwatch': False, 'skuAltImages': [{'imgId': 'DP0324202113005395M.tif', 'colorSeq': 0}, {'imgId': 'DP0324202113005368M.tif', 'colorSeq': 1}, {'imgId': 'DP0324202113005336M.tif', 'colorSeq': 2}]}, {'colorName': 'Beige Navy White', 'swatchImageId': 'DP0324202113005226S.tif', 'colorizedImageId': 'DP0324202113005187M.tif', 'colorSeqNum': 5, 'skuId': '79111450059', 'defaultSwatch': False, 'skuAltImages': [{'imgId': 'DP0324202113005310M.tif', 'colorSeq': 0}, {'imgId': 'DP0324202113005326M.tif', 'colorSeq': 1}, {'imgId': 'DP0324202113005362M.tif', 'colorSeq': 2}]}, {'colorName': 'Beige  Black Wht', 'swatchImageId': 'DP0324202113005220S.tif', 'colorizedImageId': 'DP0324202113005181M.tif', 'colorSeqNum': 6, 'skuId': '79111450067', 'defaultSwatch': False, 'skuAltImages': [{'imgId': 'DP0324202113005305M.tif', 'colorSeq': 0}, {'imgId': 'DP0324202113005320M.tif', 'colorSeq': 1}, {'imgId': 'DP0324202113005357M.tif', 'colorSeq': 2}]}, {'colorName': 'Grey Bge Nvywht', 'swatchImageId': 'DP0324202113005236S.tif', 'colorizedImageId': 'DP0324202113005197M.tif', 'colorSeqNum': 7, 'skuId': '79111450075', 'defaultSwatch': False, 'skuAltImages': [{'imgId': 'DP0324202113005315M.tif', 'colorSeq': 0}, {'imgId': 'DP0324202113005331M.tif', 'colorSeq': 1}, {'imgId': 'DP0324202113005373M.tif', 'colorSeq': 2}]}, {'colorName': 'Grey Wash Beige', 'swatchImageId': 'DP0903202409160360S.tif', 'colorizedImageId': 'DP0903202409160258M.tif', 'colorSeqNum': 8, 'skuId': '79111450133', 'defaultSwatch': False, 'skuAltImages': [{'imgId': 'DP0903202409160970M.tif', 'colorSeq': 0}, {'imgId': 'DP0903202409160564M.tif', 'colorSeq': 1}, {'imgId': 'DP0903202409161072M.tif', 'colorSeq': 2}]}]",/p/fontana-4-pc-conversation-set/ppr5008099320?pTmplType=regular&searchTerm=patio+and+outdoor+furniture&geoZip=55057,"[{'message': 'Online Only', 'icon': 'mouse'}, {'message': 'Available for Shipping', 'icon': 'check'}]",False,791,True,1237.5,1237.5,RECLINER,False,False,2021-03-24T22:04:08,DP0324202113005209M.tif,DP0324202113005384M.tif,,,https://www.jcpenney.com/p/fontana-4-pc-conversation-set/ppr5008099320?pTmplType=regular&searchTerm=patio+and+outdoor+furniture&geoZip=55057,20251225,patio and outdoor furniture
Safavieh Wilson 4-pc. Conversation Set Cushioned,ppr5008448293,,,1680.0,1680.0,1680.0,1680.0,ORIGINAL,False,False,available online only,False,False,original,False,True,"['# Pieces In Set: 4', 'Included: 1 Bench(es)', 'Features: Cushioned', 'Joinery: Screwed', 'Seating Capacity: 4']",0.0,0.0,ORIGINAL,False,False,79130990018,USD,safavieh,"[{'colorName': 'Grey', 'swatchImageId': 'DP0423202409191097S.tif', 'colorizedImageId': 'DP0423202409190280M.tif', 'colorSeqNum': 1, 'skuId': '79130990018', 'defaultSwatch': False, 'skuAltImages': [{'imgId': 'DP0423202409191707M.tif', 'colorSeq': 0}, {'imgId': 'DP0423202409191402M.tif', 'colorSeq': 1}, {'imgId': 'DP0423202409190483M.tif', 'colorSeq': 2}]}, {'colorName': 'Grey Light Grey', 'swatchImageId': 'DP0423202409191199S.tif', 'colorizedImageId': 'DP0423202409190382M.tif', 'colorSeqNum': 2, 'skuId': '79130990026', 'defaultSwatch': False, 'skuAltImages': [{'imgId': 'DP0423202409191809M.tif', 'colorSeq': 0}, {'imgId': 'DP0423202409191503M.tif', 'colorSeq': 1}, {'imgId': 'DP0423202409190586M.tif', 'colorSeq': 2}]}]",/p/safavieh-wilson-4-pc-conversation-set-cushioned/ppr5008448293?pTmplType=regular&searchTerm=patio+and+outdoor+furniture&geoZip=55057,"[{'message': 'Online Only', 'icon': 'mouse'}, {'message': 'Available for Shipping', 'icon': 'check'}]",False,791,True,1260.0,1260.0,RECLINER,False,False,2024-04-23T22:03:58,DP0423202409190280M.tif,DP0423202409191707M.tif,,,https://www.jcpenney.com/p/safavieh-wilson-4-pc-conversation-set-cushioned/ppr5008448293?pTmplType=regular&searchTerm=patio+and+outdoor+furniture&geoZip=55057,20251225,patio and outdoor furniture
Safavieh Montclair 10-pc. Conversation Set Cushioned,ppr5008366811,,,1640.0,1640.0,1640.0,1640.0,ORIGINAL,False,False,available online only,False,False,original,False,True,"['# Pieces In Set: 10', 'Included: 2 Chair(s), 1 Table(s), 3 Seat Cushion(s), 1 Bench(es), 3 Seat Back Cushion(s)', 'Features: Cushioned', 'Joinery: Screwed', 'Seating Capacity: 4']",0.0,0.0,ORIGINAL,False,False,79125130026,USD,safavieh,"[{'colorName': 'Ash Grey Beige', 'swatchImageId': 'DP0609202309051675S.tif', 'colorizedImageId': 'DP0609202309050642M.tif', 'colorSeqNum': 1, 'skuId': '79125130018', 'defaultSwatch': False, 'skuAltImages': [{'imgId': 'DP0609202309052087M.tif', 'colorSeq': 0}, {'imgId': 'DP0609202309051468M.tif', 'colorSeq': 1}, {'imgId': 'DP0609202309050848M.tif', 'colorSeq': 2}]}, {'colorName': 'Natural Beige', 'swatchImageId': 'DP0609202309051778S.tif', 'colorizedImageId': 'DP0609202309050745M.tif', 'colorSeqNum': 2, 'skuId': '79125130026', 'defaultSwatch': False, 'skuAltImages': [{'imgId': 'DP0609202309051572M.tif', 'colorSeq': 0}, {'imgId': 'DP0609202309050951M.tif', 'colorSeq': 1}, {'imgId': 'DP0609202309052295M.tif', 'colorSeq': 2}]}]",/p/safavieh-montclair-10-pc-conversation-set-cushioned/ppr5008366811?pTmplType=regular&searchTerm=patio+and+outdoor+furniture&geoZip=55057,"[{'message': 'Online Only', 'icon': 'mouse'}, {'message': 'Available for Shipping', 'icon': 'check'}]",False,791,True,1230.0,1230.0,RECLINER,False,False,2023-06-06T22:03:01,DP0609202309050642M.tif,DP0609202309052087M.tif,,,https://www.jcpenney.com/p/safavieh-montclair-10-pc-conversation-set-cushioned/ppr5008366811?pTmplType=regular&searchTerm=patio+and+outdoor+furniture&geoZip=55057,20251225,patio and outdoor furniture
Ozark Patio Collection 4-pc. Conversation Set,ppr5008099328,,,1650.0,1650.0,1650.0,1650.0,ORIGINAL,False,False,available online only,False,False,original,False,True,"['# Pieces In Set: 4', 'Included: 2 Chair(s)', 'Features: Quick Ship', 'Joinery: Glued', 'Seating Capacity: 4']",0.0,0.0,ORIGINAL,False,False,79111530018,USD,safavieh,"[{'colorName': 'Black Wash', 'swatchImageId': 'DP0324202115020215S.tif', 'colorizedImageId': 'DP0324202115020204M.tif', 'colorSeqNum': 1, 'skuId': '79111530026', 'defaultSwatch': False, 'skuAltImages': [{'imgId': 'DP0324202115020254M.tif', 'colorSeq': 0}, {'imgId': 'DP0324202115020244M.tif', 'colorSeq': 1}, {'imgId': 'DP0324202115020235M.tif', 'colorSeq': 2}]}, {'colorName': 'Grey Wash', 'swatchImageId': 'DP0324202115020220S.tif', 'colorizedImageId': 'DP0324202115020209M.tif', 'colorSeqNum': 2, 'skuId': '79111530018', 'defaultSwatch': False, 'skuAltImages': [{'imgId': 'DP0324202115020260M.tif', 'colorSeq': 0}, {'imgId': 'DP0324202115020249M.tif', 'colorSeq': 1}, {'imgId': 'DP0324202115020239M.tif', 'colorSeq': 2}]}]",/p/ozark-patio-collection-4-pc-conversation-set/ppr5008099328?pTmplType=regular&searchTerm=patio+and+outdoor+furniture&geoZip=55057,"[{'message': 'Online Only', 'icon': 'mouse'}, {'message': 'Available for Shipping', 'icon': 'check'}]",False,791,True,1237.5,1237.5,RECLINER,False,False,2021-03-24T22:04:29,DP0324202115020204M.tif,DP0324202115020254M.tif,,,https://www.jcpenney.com/p/ozark-patio-collection-4-pc-conversation-set/ppr5008099328?pTmplType=regular&searchTerm=patio+and+outdoor+furniture&geoZip=55057,20251225,patio and outdoor furniture
Safavieh Chaston 4-pc. Conversation Set Cushioned,ppr5008448182,,,1800.0,1800.0,1800.0,1800.0,ORIGINAL,False,False,available online only,False,False,original,False,True,"['# Pieces In Set: 4', 'Included: 1 Bench(es), 3 Seat Cushion(s), 2 Chair(s), 3 Seat Back Cushion(s), 1 Table(s), 4 Throw Pillow(s)', 'Features: Cushioned, Quick Ship', 'Joinery: Screwed', 'Seating Capacity: 4']",0.0,0.0,ORIGINAL,False,False,79131350018,USD,safavieh,"[{'colorName': 'Natural Navy', 'swatchImageId': 'DP0428202407053157S.tif', 'colorizedImageId': 'DP0428202407052749M.tif', 'colorSeqNum': 1, 'skuId': '79131350018', 'defaultSwatch': False, 'skuAltImages': [{'imgId': 'DP0428202407053361M.tif', 'colorSeq': 0}, {'imgId': 'DP0428202407052851M.tif', 'colorSeq': 1}, {'imgId': 'DP0428202407052953M.tif', 'colorSeq': 2}]}]",/p/safavieh-chaston-4-pc-conversation-set-cushioned/ppr5008448182?pTmplType=regular&searchTerm=patio+and+outdoor+furniture&geoZip=55057,"[{'message': 'Online Only', 'icon': 'mouse'}, {'message': 'Available for Shipping', 'icon': 'check'}]",False,791,True,1350.0,1350.0,RECLINER,False,False,2024-04-25T22:03:03,DP0428202407052749M.tif,DP0428202407053361M.tif,,,https://www.jcpenney.com/p/safavieh-chaston-4-pc-conversation-set-cushioned/ppr5008448182?pTmplType=regular&searchTerm=patio+and+outdoor+furniture&geoZip=55057,20251225,patio and outdoor furniture
Carson 4-pc Outdoor Conversation Set,ppr5008192078,1.0,1.0,1530.0,1530.0,1530.0,1530.0,ORIGINAL,False,False,available online only,False,False,original,False,True,"['# Pieces In Set: 4', 'Included: 2 Chair(s)', 'Features: Removable Cushions', 'Joinery: Screwed', 'Seating Capacity: 4']",0.0,0.0,ORIGINAL,False,False,79114310018,USD,safavieh,"[{'colorName': 'Grey Wash', 'swatchImageId': 'DP1117202113032214S.tif', 'colorizedImageId': 'DP1117202113032210M.tif', 'colorSeqNum': 1, 'skuId': '79114310018', 'defaultSwatch': False, 'skuAltImages': [{'imgId': 'DP1117202113032218M.tif', 'colorSeq': 0}, {'imgId': 'DP1117202113032206M.tif', 'colorSeq': 1}, {'imgId': 'DP1117202113032202M.tif', 'colorSeq': 2}]}]",/p/carson-4-pc-outdoor-conversation-set/ppr5008192078?pTmplType=regular&searchTerm=patio+and+outdoor+furniture&geoZip=55057,"[{'message': 'Online Only', 'icon': 'mouse'}, {'message': 'Available for Shipping', 'icon': 'check'}]",False,791,True,1147.5,1147.5,RECLINER,False,False,2022-02-09T17:09:18,DP1117202113032210M.tif,DP1117202113032218M.tif,,,https://www.jcpenney.com/p/carson-4-pc-outdoor-conversation-set/ppr5008192078?pTmplType=regular&searchTerm=patio+and+outdoor+furniture&geoZip=55057,20251225,patio and outdoor furniture
Mozaic Company Sunbrella Tufted U-Shape Seat Cushion (Set of 2),ppr5008341984,,,93.99,119.99,158.0,200.0,SALE,False,False,available online only,False,False,original,False,True,"['# Pieces In Set: 2', 'Features: Tufted', 'Chair Fastening: String Ties', 'Finishing Feature: Knife-Edge', 'Use: Outdoor']",0.0,0.0,SALE,False,False,62732360042,USD,more brands,"[{'colorName': 'Canvas Henna', 'swatchImageId': 'DP0203202307131895S.tif', 'colorizedImageId': 'DP0203202307131793M.tif', 'colorSeqNum': 1, 'skuId': '62734370018', 'defaultSwatch': False, 'skuAltImages': [{'imgId': 'DP0203202307132203M.tif', 'colorSeq': 0}, {'imgId': 'DP0203202307132100M.tif', 'colorSeq': 1}, {'imgId': 'DP0203202307131998M.tif', 'colorSeq': 2}]}, {'colorName': 'Canvas Forest Grn', 'swatchImageId': 'DP0202202307131399S.tif', 'colorizedImageId': 'DP0202202307131296M.tif', 'colorSeqNum': 2, 'skuId': '62734120034', 'defaultSwatch': False, 'skuAltImages': [{'imgId': 'DP0203202307133750M.tif', 'colorSeq': 0}, {'imgId': 'DP0203202307133647M.tif', 'colorSeq': 1}, {'imgId': 'DP0203202307133543M.tif', 'colorSeq': 2}]}, {'colorName': 'Canvas Sunflower', 'swatchImageId': 'DP0110202307315075S.tif', 'colorizedImageId': 'DP0110202307314973M.tif', 'colorSeqNum': 3, 'skuId': '62732110026', 'defaultSwatch': False, 'skuAltImages': [{'imgId': 'DP0110202307315383M.tif', 'colorSeq': 0}, {'imgId': 'DP0110202307315280M.tif', 'colorSeq': 1}, {'imgId': 'DP0110202307315178M.tif', 'colorSeq': 2}]}, {'colorName': 'Spectrum Digo', 'swatchImageId': 'DP0110202307313636S.tif', 'colorizedImageId': 'DP0110202307313533M.tif', 'colorSeqNum': 4, 'skuId': '62732080026', 'defaultSwatch': False, 'skuAltImages': [{'imgId': 'DP0110202307313946M.tif', 'colorSeq': 0}, {'imgId': 'DP0110202307313843M.tif', 'colorSeq': 1}, {'imgId': 'DP0110202307313738M.tif', 'colorSeq': 2}]}, {'colorName': 'Henna', 'swatchImageId': 'DP0110202307312199S.tif', 'colorizedImageId': 'DP0110202307312096M.tif', 'colorSeqNum': 5, 'skuId': '62732060026', 'defaultSwatch': False, 'skuAltImages': [{'imgId': 'DP0110202307312506M.tif', 'colorSeq': 0}, {'imgId': 'DP0110202307312403M.tif', 'colorSeq': 1}, {'imgId': 'DP0110202307312301M.tif', 'colorSeq': 2}]}, {'colorName': 'Canvas Black', 'swatchImageId': 'DP0110202307311478S.tif', 'colorizedImageId': 'DP0110202307311376M.tif', 'colorSeqNum': 6, 'skuId': '62732050026', 'defaultSwatch': False, 'skuAltImages': [{'imgId': 'DP0110202307311789M.tif', 'colorSeq': 0}, {'imgId': 'DP0110202307311685M.tif', 'colorSeq': 1}, {'imgId': 'DP0110202307311583M.tif', 'colorSeq': 2}]}, {'colorName': 'Canvas Taupe', 'swatchImageId': 'DP0203202307132513S.tif', 'colorizedImageId': 'DP0203202307132410M.tif', 'colorSeqNum': 7, 'skuId': '62734380018', 'defaultSwatch': False, 'skuAltImages': [{'imgId': 'DP0203202307132821M.tif', 'colorSeq': 0}, {'imgId': 'DP0203202307132718M.tif', 'colorSeq': 1}, {'imgId': 'DP0203202307132615M.tif', 'colorSeq': 2}]}, {'colorName': 'Spectrum Denim', 'swatchImageId': 'DP0110202307321235S.tif', 'colorizedImageId': 'DP0110202307321132M.tif', 'colorSeqNum': 8, 'skuId': '62732360042', 'defaultSwatch': False, 'skuAltImages': [{'imgId': 'DP0110202307321646M.tif', 'colorSeq': 0}, {'imgId': 'DP0110202307321544M.tif', 'colorSeq': 1}, {'imgId': 'DP0110202307321441M.tif', 'colorSeq': 2}]}, {'colorName': 'Canvas Aruba', 'swatchImageId': 'DP0203202307125526S.tif', 'colorizedImageId': 'DP0203202307125422M.tif', 'colorSeqNum': 9, 'skuId': '62734070018', 'defaultSwatch': False, 'skuAltImages': [{'imgId': 'DP0203202307125835M.tif', 'colorSeq': 0}, {'imgId': 'DP0203202307125732M.tif', 'colorSeq': 1}, {'imgId': 'DP0203202307125629M.tif', 'colorSeq': 2}]}, {'colorName': 'Canvas Natural', 'swatchImageId': 'DP0110202307314356S.tif', 'colorizedImageId': 'DP0110202307314253M.tif', 'colorSeqNum': 10, 'skuId': '62732100018', 'defaultSwatch': False, 'skuAltImages': [{'imgId': 'DP0110202307314663M.tif', 'colorSeq': 0}, {'imgId': 'DP0110202307314561M.tif', 'colorSeq': 1}, {'imgId': 'DP0110202307314458M.tif', 'colorSeq': 2}]}]",/p/mozaic-company-sunbrella-tufted-u-shape-seat-cushion-set-of-2/ppr5008341984?pTmplType=regular&searchTerm=patio+and+outdoor+furniture&geoZip=55057,"[{'message': 'Online Only', 'icon': 'mouse'}, {'message': 'Available for Shipping', 'icon': 'check'}]",False,627,True,107.99,84.59,YULETIDE,False,False,2023-03-09T09:46:15,DP0203202307131793M.tif,DP0203202307132203M.tif,,,https://www.jcpenney.com/p/mozaic-company-sunbrella-tufted-u-shape-seat-cushion-set-of-2/ppr5008341984?pTmplType=regular&searchTerm=patio+and+outdoor+furniture&geoZip=55057,20251225,patio and outdoor furniture
Pramla  4-pc. Patio Lounge Chair and Ottoman Set,ppr5008099356,,,2000.0,2000.0,2000.0,2000.0,ORIGINAL,False,False,available online only,False,False,original,False,True,"['# Pieces In Set: 4', 'Included: 4 Seat Cushion(s), 2 Chair(s), 2 Ottoman(s), 4 Throw Pillow(s)', 'Features: Weather Resistant, Quick Ship, Removable Cushions', 'Joinery: Screwed, Welded Joint', 'Seating Capacity: 2']",0.0,0.0,ORIGINAL,False,False,79111780018,USD,safavieh,"[{'colorName': 'Grey', 'swatchImageId': 'DP0324202115021298S.tif', 'colorizedImageId': 'DP0324202115021288M.tif', 'colorSeqNum': 1, 'skuId': '79111780026', 'defaultSwatch': False, 'skuAltImages': [{'imgId': 'DP0324202115021340M.tif', 'colorSeq': 0}, {'imgId': 'DP0324202115021330M.tif', 'colorSeq': 1}, {'imgId': 'DP0324202115021318M.tif', 'colorSeq': 2}]}, {'colorName': 'Black Beige', 'swatchImageId': 'DP0526202107015441S.tif', 'colorizedImageId': 'DP0525202113005741M.tif', 'colorSeqNum': 2, 'skuId': '79111780018', 'defaultSwatch': False, 'skuAltImages': [{'imgId': 'DP0324202115021335M.tif', 'colorSeq': 0}, {'imgId': 'DP0525202113005759M.tif', 'colorSeq': 1}, {'imgId': 'DP0525202113005756M.tif', 'colorSeq': 2}]}, {'colorName': 'Dk Grey White', 'swatchImageId': 'DP0224202209003291S.tif', 'colorizedImageId': 'DP0224202209003266M.tif', 'colorSeqNum': 3, 'skuId': '79111780034', 'defaultSwatch': False, 'skuAltImages': [{'imgId': 'DP0224202209003283M.tif', 'colorSeq': 0}, {'imgId': 'DP0224202209003308M.tif', 'colorSeq': 1}, {'imgId': 'DP0224202209003258M.tif', 'colorSeq': 2}]}, {'colorName': 'Natural White', 'swatchImageId': 'DP0224202209003295S.tif', 'colorizedImageId': 'DP0224202209003270M.tif', 'colorSeqNum': 4, 'skuId': '79111780042', 'defaultSwatch': False, 'skuAltImages': [{'imgId': 'DP0224202209003287M.tif', 'colorSeq': 0}, {'imgId': 'DP0224202209003262M.tif', 'colorSeq': 1}, {'imgId': 'DP0224202209003279M.tif', 'colorSeq': 2}]}, {'colorName': 'Black Light Gray', 'swatchImageId': 'DP0904202407064504S.tif', 'colorizedImageId': 'DP0904202407064098M.tif', 'colorSeqNum': 5, 'skuId': '79111780059', 'defaultSwatch': False, 'skuAltImages': [{'imgId': 'DP0904202407064199M.tif', 'colorSeq': 0}, {'imgId': 'DP0904202407064606M.tif', 'colorSeq': 1}, {'imgId': 'DP0904202407064301M.tif', 'colorSeq': 2}]}]",/p/pramla-4-pc-patio-lounge-chair-and-ottoman-set/ppr5008099356?pTmplType=regular&searchTerm=patio+and+outdoor+furniture&geoZip=55057,"[{'message': 'Online Only', 'icon': 'mouse'}, {'message': 'Available for Shipping', 'icon': 'check'}]",False,791,True,1500.0,1500.0,RECLINER,False,False,2021-03-24T22:04:34,DP0324202115021288M.tif,DP0324202115021340M.tif,,,https://www.jcpenney.com/p/pramla-4-pc-patio-lounge-chair-and-ottoman-set/ppr5008099356?pTmplType=regular&searchTerm=patio+and+outdoor+furniture&geoZip=55057,20251225,patio and outdoor furniture
Safavieh Raldin Patio Collection 4-pc. Conversation Set Weather Resistant,ppr5008099337,,,3060.0,3060.0,3060.0,3060.0,ORIGINAL,False,False,available online only,False,False,original,False,True,"['# Pieces In Set: 4', 'Included: 1 Table(s), 2 Chair(s), 3 Seat Cushion(s), 1 Loveseat(s), 4 Throw Pillow(s)', 'Features: Removable Cushions, Quick Ship, Weather Resistant', 'Joinery: Nailed, Screwed', 'Seating Capacity: 4']",0.0,0.0,ORIGINAL,False,False,79111620059,USD,safavieh,"[{'colorName': 'Beige', 'swatchImageId': 'DP0902202415044503S.tif', 'colorizedImageId': 'DP0902202415043689M.tif', 'colorSeqNum': 1, 'skuId': '79111620042', 'defaultSwatch': False, 'skuAltImages': [{'imgId': 'DP0902202415044097M.tif', 'colorSeq': 0}, {'imgId': 'DP0902202415044300M.tif', 'colorSeq': 1}, {'imgId': 'DP0902202415045928M.tif', 'colorSeq': 2}]}, {'colorName': 'Dark Grey Beige', 'swatchImageId': 'DP0902202415044707S.tif', 'colorizedImageId': 'DP0902202415043892M.tif', 'colorSeqNum': 3, 'skuId': '79111620026', 'defaultSwatch': False, 'skuAltImages': [{'imgId': 'DP0902202415050234M.tif', 'colorSeq': 0}, {'imgId': 'DP0902202415045623M.tif', 'colorSeq': 1}, {'imgId': 'DP0902202415045419M.tif', 'colorSeq': 2}]}, {'colorName': 'Black Beige', 'swatchImageId': 'DP0902202415044606S.tif', 'colorizedImageId': 'DP0902202415043791M.tif', 'colorSeqNum': 4, 'skuId': '79111620034', 'defaultSwatch': False, 'skuAltImages': [{'imgId': 'DP0902202415050132M.tif', 'colorSeq': 0}, {'imgId': 'DP0902202415045521M.tif', 'colorSeq': 1}, {'imgId': 'DP0902202415045318M.tif', 'colorSeq': 2}]}, {'colorName': 'Navy Beige', 'swatchImageId': 'DP0902202415044809S.tif', 'colorizedImageId': 'DP0902202415043995M.tif', 'colorSeqNum': 5, 'skuId': '79111620059', 'defaultSwatch': False, 'skuAltImages': [{'imgId': 'DP0902202415044198M.tif', 'colorSeq': 0}, {'imgId': 'DP0902202415044401M.tif', 'colorSeq': 1}, {'imgId': 'DP0902202415050030M.tif', 'colorSeq': 2}]}]",/p/safavieh-raldin-patio-collection-4-pc-conversation-set-weather-resistant/ppr5008099337?pTmplType=regular&searchTerm=patio+and+outdoor+furniture&geoZip=55057,"[{'message': 'Online Only', 'icon': 'mouse'}, {'message': 'Available for Shipping', 'icon': 'check'}]",False,791,True,2295.0,2295.0,RECLINER,False,False,2021-03-26T15:04:17,DP0902202415043689M.tif,DP0902202415044097M.tif,,,https://www.jcpenney.com/p/safavieh-raldin-patio-collection-4-pc-conversation-set-weather-resistant/ppr5008099337?pTmplType=regular&searchTerm=patio+and+outdoor+furniture&geoZip=55057,20251225,patio and outdoor furniture
Safavieh 5-pc. Conversation Set,ppr5008240294,,,1140.0,1140.0,1140.0,1140.0,ORIGINAL,False,False,available online only,False,False,original,False,True,"['# Pieces In Set: 5', 'Included: 2 Chair(s)', 'Features: Quick Ship', 'Joinery: Glued, Screwed, Nailed', 'Seating Capacity: 2']",0.0,0.0,ORIGINAL,False,False,79116720018,USD,safavieh,"[{'colorName': 'Natural Lt  Brown', 'swatchImageId': 'DP0422202207055077S.tif', 'colorizedImageId': 'DP0422202207055066M.tif', 'colorSeqNum': 1, 'skuId': '79116720018', 'defaultSwatch': False, 'skuAltImages': [{'imgId': 'DP0422202207055082M.tif', 'colorSeq': 0}, {'imgId': 'DP0422202207055069M.tif', 'colorSeq': 1}, {'imgId': 'DP0422202207055089M.tif', 'colorSeq': 2}]}, {'colorName': 'Grey', 'swatchImageId': 'DP0425202207031763S.tif', 'colorizedImageId': 'DP0422202207055064M.tif', 'colorSeqNum': 2, 'skuId': '79116720026', 'defaultSwatch': False, 'skuAltImages': [{'imgId': 'DP0422202207055088M.tif', 'colorSeq': 0}, {'imgId': 'DP0422202207055080M.tif', 'colorSeq': 1}, {'imgId': 'DP0422202207055068M.tif', 'colorSeq': 2}]}, {'colorName': 'Black', 'swatchImageId': 'DP0425202207031761S.tif', 'colorizedImageId': 'DP0422202207055063M.tif', 'colorSeqNum': 3, 'skuId': '79116720034', 'defaultSwatch': False, 'skuAltImages': [{'imgId': 'DP0422202207055086M.tif', 'colorSeq': 0}, {'imgId': 'DP0422202207055078M.tif', 'colorSeq': 1}, {'imgId': 'DP0422202207055071M.tif', 'colorSeq': 2}]}]",/p/safavieh-5-pc-conversation-set/ppr5008240294?pTmplType=regular&searchTerm=patio+and+outdoor+furniture&geoZip=55057,"[{'message': 'Online Only', 'icon': 'mouse'}, {'message': 'Available for Shipping', 'icon': 'check'}]",False,791,True,855.0,855.0,RECLINER,False,False,2022-04-22T22:03:30,DP0422202207055066M.tif,DP0422202207055082M.tif,,,https://www.jcpenney.com/p/safavieh-5-pc-conversation-set/ppr5008240294?pTmplType=regular&searchTerm=patio+and+outdoor+furniture&geoZip=55057,20251225,patio and outdoor furniture
Safavieh Montez 4-pc. Conversation Set Cushioned,ppr5008448174,,,1700.0,1700.0,1700.0,1700.0,ORIGINAL,False,False,available online only,False,False,original,False,True,"['# Pieces In Set: 4', 'Included: 4 Seat Back Cushion(s), 1 Bench(es), 3 Seat Cushion(s), 4 Throw Pillow(s), 1 Table(s), 2 Chair(s)', 'Features: Cushioned, Quick Ship', 'Joinery: Screwed', 'Seating Capacity: 4']",0.0,0.0,ORIGINAL,False,False,79131270018,USD,safavieh,"[{'colorName': 'Black White', 'swatchImageId': 'DP0428202407042126S.tif', 'colorizedImageId': 'DP0428202407041820M.tif', 'colorSeqNum': 1, 'skuId': '79131270018', 'defaultSwatch': False, 'skuAltImages': [{'imgId': 'DP0428202407041922M.tif', 'colorSeq': 0}, {'imgId': 'DP0428202407042329M.tif', 'colorSeq': 1}, {'imgId': 'DP0428202407042227M.tif', 'colorSeq': 2}]}]",/p/safavieh-montez-4-pc-conversation-set-cushioned/ppr5008448174?pTmplType=regular&searchTerm=patio+and+outdoor+furniture&geoZip=55057,"[{'message': 'Online Only', 'icon': 'mouse'}, {'message': 'Available for Shipping', 'icon': 'check'}]",False,791,True,1275.0,1275.0,RECLINER,False,False,2024-04-25T22:03:00,DP0428202407041820M.tif,DP0428202407041922M.tif,,,https://www.jcpenney.com/p/safavieh-montez-4-pc-conversation-set-cushioned/ppr5008448174?pTmplType=regular&searchTerm=patio+and+outdoor+furniture&geoZip=55057,20251225,patio and outdoor furniture
Safavieh Montez 4-pc. Conversation Set Cushioned,ppr5008448169,,,1700.0,1700.0,1700.0,1700.0,ORIGINAL,False,False,available online only,False,False,original,False,True,"['# Pieces In Set: 4', 'Included: 1 Table(s), 4 Throw Pillow(s), 3 Seat Cushion(s), 4 Seat Back Cushion(s), 1 Bench(es)', 'Features: Quick Ship, Cushioned', 'Joinery: Screwed', 'Seating Capacity: 4']",0.0,0.0,ORIGINAL,False,False,79131200018,USD,safavieh,"[{'colorName': 'Gray Beige', 'swatchImageId': 'DP0428202407033443S.tif', 'colorizedImageId': 'DP0428202407033340M.tif', 'colorSeqNum': 1, 'skuId': '79131200018', 'defaultSwatch': False, 'skuAltImages': [{'imgId': 'DP0428202407033849M.tif', 'colorSeq': 0}, {'imgId': 'DP0428202407033748M.tif', 'colorSeq': 1}, {'imgId': 'DP0428202407033646M.tif', 'colorSeq': 2}]}]",/p/safavieh-montez-4-pc-conversation-set-cushioned/ppr5008448169?pTmplType=regular&searchTerm=patio+and+outdoor+furniture&geoZip=55057,"[{'message': 'Online Only', 'icon': 'mouse'}, {'message': 'Available for Shipping', 'icon': 'check'}]",False,791,True,1275.0,1275.0,RECLINER,False,False,2024-04-25T22:02:59,DP0428202407033340M.tif,DP0428202407033849M.tif,,,https://www.jcpenney.com/p/safavieh-montez-4-pc-conversation-set-cushioned/ppr5008448169?pTmplType=regular&searchTerm=patio+and+outdoor+furniture&geoZip=55057,20251225,patio and outdoor furniture
Jabe 4-pc. Conversation Set,ppr5008431284,,,2020.0,2020.0,2020.0,2020.0,ORIGINAL,False,False,available online only,False,False,original,False,True,"['# Pieces In Set: 4', 'Included: 1 Loveseat(s), 3 Seat Cushion(s), 4 Seat Back Cushion(s), 2 Chair(s), 1 Coffee Table', 'Features: Removable Cushions, Quick Ship', 'Manufacturer Warranty: 90 Days Limited', 'Seating Capacity: 4']",0.0,0.0,ORIGINAL,False,False,79129640018,USD,more brands,"[{'colorName': 'Beige', 'swatchImageId': 'DP0209202413064609S.tif', 'colorizedImageId': 'DP0209202413064403M.tif', 'colorSeqNum': 1, 'skuId': '79129640018', 'defaultSwatch': False, 'skuAltImages': [{'imgId': 'DP0209202413064197M.tif', 'colorSeq': 0}, {'imgId': 'DP0209202413064919M.tif', 'colorSeq': 1}, {'imgId': 'DP0209202413064816M.tif', 'colorSeq': 2}]}]",/p/jabe-4-pc-conversation-set/ppr5008431284?pTmplType=regular&searchTerm=patio+and+outdoor+furniture&geoZip=55057,"[{'message': 'Online Only', 'icon': 'mouse'}, {'message': 'Available for Shipping', 'icon': 'check'}]",False,791,True,1515.0,1515.0,RECLINER,False,False,2024-06-03T09:03:32,DP0209202413064403M.tif,DP0209202413064197M.tif,,,https://www.jcpenney.com/p/jabe-4-pc-conversation-set/ppr5008431284?pTmplType=regular&searchTerm=patio+and+outdoor+furniture&geoZip=55057,20251225,patio and outdoor furniture
Grenada 5-pc. Conversation Set,ppr5008376360,,,1720.0,1720.0,1720.0,1720.0,ORIGINAL,False,False,available online only,False,False,original,False,True,"['# Pieces In Set: 5', 'Included: 3 Sofa(s), 1 Ottoman(s), 1 Coffee Table', 'Features: Upholstered, 4 Legs, Quick Ship, Water Resistant', 'Manufacturer Warranty: 90 Days Limited', 'Seating Capacity: 3']",0.0,0.0,ORIGINAL,False,False,79127300018,USD,more brands,"[{'colorName': 'Gray Dark Gray', 'swatchImageId': 'DP0705202307214010S.tif', 'colorizedImageId': 'DP0705202307213598M.tif', 'colorSeqNum': 1, 'skuId': '79127300018', 'defaultSwatch': False, 'skuAltImages': [{'imgId': 'DP0705202307213702M.tif', 'colorSeq': 0}, {'imgId': 'DP0705202307213805M.tif', 'colorSeq': 1}, {'imgId': 'DP0705202307213495M.tif', 'colorSeq': 2}]}]",/p/grenada-5-pc-conversation-set/ppr5008376360?pTmplType=regular&searchTerm=patio+and+outdoor+furniture&geoZip=55057,"[{'message': 'Online Only', 'icon': 'mouse'}, {'message': 'Available for Shipping', 'icon': 'check'}]",False,791,True,1290.0,1290.0,RECLINER,False,False,2023-07-10T07:08:27,DP0705202307213598M.tif,DP0705202307213702M.tif,,,https://www.jcpenney.com/p/grenada-5-pc-conversation-set/ppr5008376360?pTmplType=regular&searchTerm=patio+and+outdoor+furniture&geoZip=55057,20251225,patio and outdoor furniture
Santa 8-pc. Conversation Set,ppr5008376321,,,5500.0,5500.0,5500.0,5500.0,ORIGINAL,False,False,available online only,False,False,original,False,True,"['# Pieces In Set: 8', 'Included: 1 Table(s), 7 Chair(s)', 'Features: Removable Cushions, Water Resistant', 'Manufacturer Warranty: 90 Days Limited', 'Shape: Square']",0.0,0.0,ORIGINAL,False,False,79126990018,USD,more brands,"[{'colorName': 'Light Gray', 'swatchImageId': 'DP0705202307160072S.tif', 'colorizedImageId': 'DP0705202307155969M.tif', 'colorSeqNum': 1, 'skuId': '79126990018', 'defaultSwatch': False, 'skuAltImages': [{'imgId': 'DP0705202307160279M.tif', 'colorSeq': 0}, {'imgId': 'DP0705202307160382M.tif', 'colorSeq': 1}, {'imgId': 'DP0705202307160485M.tif', 'colorSeq': 2}]}]",/p/santa-8-pc-conversation-set/ppr5008376321?pTmplType=regular&searchTerm=patio+and+outdoor+furniture&geoZip=55057,"[{'message': 'Online Only', 'icon': 'mouse'}, {'message': 'Available for Shipping', 'icon': 'check'}]",False,791,True,4125.0,4125.0,RECLINER,False,False,2023-07-10T07:08:28,DP0705202307155969M.tif,DP0705202307160279M.tif,,,https://www.jcpenney.com/p/santa-8-pc-conversation-set/ppr5008376321?pTmplType=regular&searchTerm=patio+and+outdoor+furniture&geoZip=55057,20251225,patio and outdoor furniture
Laurel 4-pc. Conversation Set,ppr5008376308,,,2440.0,2440.0,2440.0,2440.0,ORIGINAL,False,False,available online only,False,False,original,False,True,"['# Pieces In Set: 4', 'Included: 1 Loveseat(s), 2 Chair(s), 1 Table(s)', 'Features: Water Resistant, Removable Cushions', 'Manufacturer Warranty: 90 Days Limited', 'Seating Capacity: 4']",0.0,0.0,ORIGINAL,False,False,79126880018,USD,more brands,"[{'colorName': 'Teak Gray', 'swatchImageId': 'DP0705202307141448S.tif', 'colorizedImageId': 'DP0705202307141345M.tif', 'colorSeqNum': 1, 'skuId': '79126880018', 'defaultSwatch': False, 'skuAltImages': [{'imgId': 'DP0705202307141654M.tif', 'colorSeq': 0}, {'imgId': 'DP0705202307141758M.tif', 'colorSeq': 1}, {'imgId': 'DP0705202307141861M.tif', 'colorSeq': 2}]}]",/p/laurel-4-pc-conversation-set/ppr5008376308?pTmplType=regular&searchTerm=patio+and+outdoor+furniture&geoZip=55057,"[{'message': 'Online Only', 'icon': 'mouse'}, {'message': 'Available for Shipping', 'icon': 'check'}]",False,791,True,1830.0,1830.0,RECLINER,False,False,2023-07-10T07:08:28,DP0705202307141345M.tif,DP0705202307141654M.tif,,,https://www.jcpenney.com/p/laurel-4-pc-conversation-set/ppr5008376308?pTmplType=regular&searchTerm=patio+and+outdoor+furniture&geoZip=55057,20251225,patio and outdoor furniture
Bradbury Patio 4-pc. Conversation Set,ppr5008099332,,,1910.0,1910.0,1910.0,1910.0,ORIGINAL,False,False,available online only,False,False,original,False,True,"['# Pieces In Set: 4', 'Included: 2 Chair(s)', 'Features: Weather Resistant, Removable Cushions, Quick Ship', 'Joinery: Glued', 'Seating Capacity: 4']",0.0,0.0,ORIGINAL,False,False,79111570018,USD,safavieh,"[{'colorName': 'Natural Beige', 'swatchImageId': 'DP0324202115020458S.tif', 'colorizedImageId': 'DP0324202115020453M.tif', 'colorSeqNum': 1, 'skuId': '79111570018', 'defaultSwatch': False, 'skuAltImages': [{'imgId': 'DP0324202115020473M.tif', 'colorSeq': 0}, {'imgId': 'DP0324202115020478M.tif', 'colorSeq': 1}, {'imgId': 'DP0324202115020468M.tif', 'colorSeq': 2}]}]",/p/bradbury-patio-4-pc-conversation-set/ppr5008099332?pTmplType=regular&searchTerm=patio+and+outdoor+furniture&geoZip=55057,"[{'message': 'Online Only', 'icon': 'mouse'}, {'message': 'Available for Shipping', 'icon': 'check'}]",False,791,True,1432.5,1432.5,RECLINER,False,False,2021-03-24T22:04:30,DP0324202115020453M.tif,DP0324202115020473M.tif,,,https://www.jcpenney.com/p/bradbury-patio-4-pc-conversation-set/ppr5008099332?pTmplType=regular&searchTerm=patio+and+outdoor+furniture&geoZip=55057,20251225,patio and outdoor furniture
Ariana Adjustable 2-pc. Lounge Chair,ppr5008328319,,,1320.0,1320.0,1320.0,1320.0,ORIGINAL,False,False,available online only,False,False,original,False,True,"['# Pieces In Set: 2', 'Included: 2 Chair(s), 2 Seat Cushion(s)', 'Features: Quick Ship, 4 Legs, Wear Resistant, Adjustable', 'Manufacturer Warranty: 90 Days', 'Seating Capacity: 2']",0.0,0.0,ORIGINAL,False,False,79121450018,USD,more brands,"[{'colorName': 'Dark Gray', 'swatchImageId': 'DP0204202307062910S.tif', 'colorizedImageId': 'DP0204202307062600M.tif', 'colorSeqNum': 1, 'skuId': '79121450018', 'defaultSwatch': False, 'skuAltImages': [{'imgId': 'DP0204202307062703M.tif', 'colorSeq': 0}, {'imgId': 'DP0204202307062394M.tif', 'colorSeq': 1}, {'imgId': 'DP0204202307062806M.tif', 'colorSeq': 2}]}]",/p/ariana-adjustable-2-pc-lounge-chair/ppr5008328319?pTmplType=regular&searchTerm=patio+and+outdoor+furniture&geoZip=55057,"[{'message': 'Online Only', 'icon': 'mouse'}, {'message': 'Available for Shipping', 'icon': 'check'}]",False,791,True,990.0,990.0,RECLINER,False,False,2023-02-06T07:06:07,DP0204202307062600M.tif,DP0204202307062703M.tif,,,https://www.jcpenney.com/p/ariana-adjustable-2-pc-lounge-chair/ppr5008328319?pTmplType=regular&searchTerm=patio+and+outdoor+furniture&geoZip=55057,20251225,patio and outdoor furniture
Carina Bistro Set,ppr5008330483,1.0,1.0,270.0,270.0,270.0,270.0,ORIGINAL,False,False,available online only,False,False,original,False,True,"['Included: 1 Table(s)', 'Features: Quick Ship, Water Resistant', 'Manufacturer Warranty: 90 Days Limited', 'Seating Capacity: 2', 'Shape: Round']",0.0,0.0,ORIGINAL,False,False,79121490018,USD,more brands,"[{'colorName': 'Teak', 'swatchImageId': 'DP0215202307372796S.tif', 'colorizedImageId': 'DP0215202307372693M.tif', 'colorSeqNum': 1, 'skuId': '79121490018', 'defaultSwatch': False, 'skuAltImages': [{'imgId': 'DP0215202307373003M.tif', 'colorSeq': 0}, {'imgId': 'DP0215202307373313M.tif', 'colorSeq': 1}, {'imgId': 'DP0215202307373106M.tif', 'colorSeq': 2}]}]",/p/carina-bistro-set/ppr5008330483?pTmplType=regular&searchTerm=patio+and+outdoor+furniture&geoZip=55057,"[{'message': 'Online Only', 'icon': 'mouse'}, {'message': 'Available for Shipping', 'icon': 'check'}]",False,791,True,243.0,243.0,GIFTWRAP,False,False,2023-02-15T22:05:02,DP0215202307372693M.tif,DP0215202307373003M.tif,,,https://www.jcpenney.com/p/carina-bistro-set/ppr5008330483?pTmplType=regular&searchTerm=patio+and+outdoor+furniture&geoZip=55057,20251225,patio and outdoor furniture
Hallandale 5-pc. Circle Dining Set,ppr5008367058,,,2990.0,2990.0,2990.0,2990.0,ORIGINAL,False,False,available online only,False,False,original,False,True,"['# Pieces In Set: 5', 'Included: 4 Chair(s), 1 Table(s)', 'Features: Quick Ship, Easy Clean, Easy Care, 4 Legs', 'Manufacturer Warranty: 90 Days Limited', 'Seating Capacity: 4']",0.0,0.0,ORIGINAL,False,False,79125300018,USD,more brands,"[{'colorName': 'Hammered Bronze', 'swatchImageId': 'DP1023202515124088S.tif', 'colorizedImageId': 'DP1023202515123983M.tif', 'colorSeqNum': 1, 'skuId': '79125300018', 'defaultSwatch': False, 'skuAltImages': [{'imgId': 'DP1023202515124506M.tif', 'colorSeq': 0}, {'imgId': 'DP1023202515124402M.tif', 'colorSeq': 1}, {'imgId': 'DP1023202515124192M.tif', 'colorSeq': 2}]}]",/p/hallandale-5-pc-circle-dining-set/ppr5008367058?pTmplType=regular&searchTerm=patio+and+outdoor+furniture&geoZip=55057,"[{'message': 'Online Only', 'icon': 'mouse'}, {'message': 'Available for Shipping', 'icon': 'check'}]",False,791,True,2242.5,2242.5,RECLINER,False,False,2025-10-23T22:05:40,DP1023202515123983M.tif,DP1023202515124506M.tif,"[{'name': 'NEW', 'priority': 1, 'urlParam': 'new'}]",,https://www.jcpenney.com/p/hallandale-5-pc-circle-dining-set/ppr5008367058?pTmplType=regular&searchTerm=patio+and+outdoor+furniture&geoZip=55057,20251225,patio and outdoor furniture
Safavieh Kerson 4-pc. Conversation Set Cushioned,ppr5008448289,,,1730.0,1730.0,1730.0,1730.0,ORIGINAL,False,False,available online only,False,False,original,False,True,"['# Pieces In Set: 4', 'Included: 3 Seat Cushion(s), 1 Bench(es), 1 Table(s), 2 Chair(s), 4 Seat Back Cushion(s)', 'Features: Quick Ship, Cushioned', 'Joinery: Screwed', 'Seating Capacity: 4']",0.0,0.0,ORIGINAL,False,False,79130950026,USD,safavieh,"[{'colorName': 'Grey Beige', 'swatchImageId': 'DP0423202409174934S.tif', 'colorizedImageId': 'DP0423202409173914M.tif', 'colorSeqNum': 1, 'skuId': '79130950018', 'defaultSwatch': False, 'skuAltImages': [{'imgId': 'DP0423202409174323M.tif', 'colorSeq': 0}, {'imgId': 'DP0423202409180056M.tif', 'colorSeq': 1}, {'imgId': 'DP0423202409175750M.tif', 'colorSeq': 2}]}, {'colorName': 'Black Beige', 'swatchImageId': 'DP0423202409174730S.tif', 'colorizedImageId': 'DP0423202409173710M.tif', 'colorSeqNum': 2, 'skuId': '79130950026', 'defaultSwatch': False, 'skuAltImages': [{'imgId': 'DP0423202409174118M.tif', 'colorSeq': 0}, {'imgId': 'DP0423202409175852M.tif', 'colorSeq': 1}, {'imgId': 'DP0423202409175547M.tif', 'colorSeq': 2}]}, {'colorName': 'Grey', 'swatchImageId': 'DP0423202409174832S.tif', 'colorizedImageId': 'DP0423202409173811M.tif', 'colorSeqNum': 3, 'skuId': '79130950034', 'defaultSwatch': False, 'skuAltImages': [{'imgId': 'DP0423202409174016M.tif', 'colorSeq': 0}, {'imgId': 'DP0423202409174221M.tif', 'colorSeq': 1}, {'imgId': 'DP0423202409175954M.tif', 'colorSeq': 2}]}]",/p/safavieh-kerson-4-pc-conversation-set-cushioned/ppr5008448289?pTmplType=regular&searchTerm=patio+and+outdoor+furniture&geoZip=55057,"[{'message': 'Online Only', 'icon': 'mouse'}, {'message': 'Available for Shipping', 'icon': 'check'}]",False,791,True,1297.5,1297.5,RECLINER,False,False,2024-04-23T22:03:57,DP0423202409173914M.tif,DP0423202409174323M.tif,,,https://www.jcpenney.com/p/safavieh-kerson-4-pc-conversation-set-cushioned/ppr5008448289?pTmplType=regular&searchTerm=patio+and+outdoor+furniture&geoZip=55057,20251225,patio and outdoor furniture
Safavieh Del 10-pc. Conversation Set Cushioned,ppr5008366808,,,1640.0,1640.0,1640.0,1640.0,ORIGINAL,False,False,available online only,False,False,original,False,True,"['# Pieces In Set: 10', 'Included: 2 Chair(s), 1 Bench(es), 3 Seat Cushion(s), 3 Seat Back Cushion(s), 1 Table(s)', 'Features: Cushioned', 'Joinery: Screwed', 'Seating Capacity: 4']",0.0,0.0,ORIGINAL,False,False,79125100034,USD,safavieh,"[{'colorName': 'Natural', 'swatchImageId': 'DP0609202309041163S.tif', 'colorizedImageId': 'DP0609202309035614M.tif', 'colorSeqNum': 1, 'skuId': '79125100018', 'defaultSwatch': False, 'skuAltImages': [{'imgId': 'DP0609202309041885M.tif', 'colorSeq': 0}, {'imgId': 'DP0609202309040853M.tif', 'colorSeq': 1}, {'imgId': 'DP0609202309035923M.tif', 'colorSeq': 2}]}, {'colorName': 'Ash Grey', 'swatchImageId': 'DP0609202309040956S.tif', 'colorizedImageId': 'DP0609202309035407M.tif', 'colorSeqNum': 2, 'skuId': '79125100026', 'defaultSwatch': False, 'skuAltImages': [{'imgId': 'DP0609202309041678M.tif', 'colorSeq': 0}, {'imgId': 'DP0609202309040647M.tif', 'colorSeq': 1}, {'imgId': 'DP0609202309035717M.tif', 'colorSeq': 2}]}, {'colorName': 'Dark Slate Grey', 'swatchImageId': 'DP0609202309041059S.tif', 'colorizedImageId': 'DP0609202309035510M.tif', 'colorSeqNum': 3, 'skuId': '79125100034', 'defaultSwatch': False, 'skuAltImages': [{'imgId': 'DP0609202309041781M.tif', 'colorSeq': 0}, {'imgId': 'DP0609202309040750M.tif', 'colorSeq': 1}, {'imgId': 'DP0609202309035820M.tif', 'colorSeq': 2}]}]",/p/safavieh-del-10-pc-conversation-set-cushioned/ppr5008366808?pTmplType=regular&searchTerm=patio+and+outdoor+furniture&geoZip=55057,"[{'message': 'Online Only', 'icon': 'mouse'}, {'message': 'Available for Shipping', 'icon': 'check'}]",False,791,True,1230.0,1230.0,RECLINER,False,False,2023-06-06T22:02:59,DP0609202309035614M.tif,DP0609202309041885M.tif,,,https://www.jcpenney.com/p/safavieh-del-10-pc-conversation-set-cushioned/ppr5008366808?pTmplType=regular&searchTerm=patio+and+outdoor+furniture&geoZip=55057,20251225,patio and outdoor furniture
Safavieh Chaston 4-pc. Conversation Set Cushioned,ppr5008448183,,,1800.0,1800.0,1800.0,1800.0,ORIGINAL,False,False,available online only,False,False,original,False,True,"['# Pieces In Set: 4', 'Included: 3 Seat Back Cushion(s), 1 Table(s), 4 Throw Pillow(s), 3 Seat Cushion(s)', 'Features: Cushioned', 'Joinery: Screwed', 'Seating Capacity: 4']",0.0,0.0,ORIGINAL,False,False,79131360018,USD,safavieh,"[{'colorName': 'Natural Beige', 'swatchImageId': 'DP0428202407054175S.tif', 'colorizedImageId': 'DP0428202407053769M.tif', 'colorSeqNum': 1, 'skuId': '79131360018', 'defaultSwatch': False, 'skuAltImages': [{'imgId': 'DP0428202407054483M.tif', 'colorSeq': 0}, {'imgId': 'DP0428202407054381M.tif', 'colorSeq': 1}, {'imgId': 'DP0428202407053871M.tif', 'colorSeq': 2}]}]",/p/safavieh-chaston-4-pc-conversation-set-cushioned/ppr5008448183?pTmplType=regular&searchTerm=patio+and+outdoor+furniture&geoZip=55057,"[{'message': 'Online Only', 'icon': 'mouse'}, {'message': 'Available for Shipping', 'icon': 'check'}]",False,791,True,1350.0,1350.0,RECLINER,False,False,2024-04-25T22:03:03,DP0428202407053769M.tif,DP0428202407054483M.tif,,,https://www.jcpenney.com/p/safavieh-chaston-4-pc-conversation-set-cushioned/ppr5008448183?pTmplType=regular&searchTerm=patio+and+outdoor+furniture&geoZip=55057,20251225,patio and outdoor furniture
Safavieh Montez 4-pc. Conversation Set Cushioned,ppr5008448172,,,1700.0,1700.0,1700.0,1700.0,ORIGINAL,False,False,available online only,False,False,original,False,True,"['# Pieces In Set: 4', 'Included: 1 Bench(es), 4 Seat Back Cushion(s), 4 Throw Pillow(s), 3 Seat Cushion(s), 1 Table(s)', 'Features: Cushioned, Quick Ship', 'Joinery: Screwed', 'Seating Capacity: 4']",0.0,0.0,ORIGINAL,False,False,79131230018,USD,safavieh,"[{'colorName': 'Natural Navy White', 'swatchImageId': 'DP0428202407040394S.tif', 'colorizedImageId': 'DP0428202407035985M.tif', 'colorSeqNum': 1, 'skuId': '79131230018', 'defaultSwatch': False, 'skuAltImages': [{'imgId': 'DP0428202407040700M.tif', 'colorSeq': 0}, {'imgId': 'DP0428202407040087M.tif', 'colorSeq': 1}, {'imgId': 'DP0428202407040189M.tif', 'colorSeq': 2}]}]",/p/safavieh-montez-4-pc-conversation-set-cushioned/ppr5008448172?pTmplType=regular&searchTerm=patio+and+outdoor+furniture&geoZip=55057,"[{'message': 'Online Only', 'icon': 'mouse'}, {'message': 'Available for Shipping', 'icon': 'check'}]",False,791,True,1275.0,1275.0,RECLINER,False,False,2024-04-25T22:03:00,DP0428202407035985M.tif,DP0428202407040700M.tif,,,https://www.jcpenney.com/p/safavieh-montez-4-pc-conversation-set-cushioned/ppr5008448172?pTmplType=regular&searchTerm=patio+and+outdoor+furniture&geoZip=55057,20251225,patio and outdoor furniture
Grenada 6-pc. Conversation Set,ppr5008376361,,,2320.0,2320.0,2320.0,2320.0,ORIGINAL,False,False,available online only,False,False,original,False,True,"['# Pieces In Set: 6', 'Included: 1 Ottoman(s), 4 Chair(s), 1 Coffee Table', 'Features: Quick Ship, Water Resistant, 4 Legs, Upholstered', 'Manufacturer Warranty: 90 Days Limited', 'Seating Capacity: 4']",0.0,0.0,ORIGINAL,False,False,79127310018,USD,more brands,"[{'colorName': 'Teak Finish Beige', 'swatchImageId': 'DP0705202307214940S.tif', 'colorizedImageId': 'DP0705202307214630M.tif', 'colorSeqNum': 1, 'skuId': '79127310018', 'defaultSwatch': False, 'skuAltImages': [{'imgId': 'DP0705202307214734M.tif', 'colorSeq': 0}, {'imgId': 'DP0705202307214837M.tif', 'colorSeq': 1}, {'imgId': 'DP0705202307215249M.tif', 'colorSeq': 2}]}]",/p/grenada-6-pc-conversation-set/ppr5008376361?pTmplType=regular&searchTerm=patio+and+outdoor+furniture&geoZip=55057,"[{'message': 'Online Only', 'icon': 'mouse'}, {'message': 'Available for Shipping', 'icon': 'check'}]",False,791,True,1740.0,1740.0,RECLINER,False,False,2023-07-10T07:08:28,DP0705202307214630M.tif,DP0705202307214734M.tif,,,https://www.jcpenney.com/p/grenada-6-pc-conversation-set/ppr5008376361?pTmplType=regular&searchTerm=patio+and+outdoor+furniture&geoZip=55057,20251225,patio and outdoor furniture
Grenada 5-pc. Conversation Set,ppr5008376358,,,1660.0,1660.0,1660.0,1660.0,ORIGINAL,False,False,available online only,False,False,original,False,True,"['# Pieces In Set: 5', 'Included: 1 Coffee Table, 3 Sofa(s), 1 Ottoman(s)', 'Features: Water Resistant, Quick Ship, 4 Legs, Upholstered', 'Manufacturer Warranty: 90 Days Limited', 'Seating Capacity: 3']",0.0,0.0,ORIGINAL,False,False,79127290018,USD,more brands,"[{'colorName': 'Teak Finish Beige', 'swatchImageId': 'DP0705202307212979S.tif', 'colorizedImageId': 'DP0705202307212669M.tif', 'colorSeqNum': 1, 'skuId': '79127290018', 'defaultSwatch': False, 'skuAltImages': [{'imgId': 'DP0705202307212773M.tif', 'colorSeq': 0}, {'imgId': 'DP0705202307212876M.tif', 'colorSeq': 1}, {'imgId': 'DP0705202307213289M.tif', 'colorSeq': 2}]}]",/p/grenada-5-pc-conversation-set/ppr5008376358?pTmplType=regular&searchTerm=patio+and+outdoor+furniture&geoZip=55057,"[{'message': 'Online Only', 'icon': 'mouse'}, {'message': 'Available for Shipping', 'icon': 'check'}]",False,791,True,1245.0,1245.0,RECLINER,False,False,2023-07-10T07:08:28,DP0705202307212669M.tif,DP0705202307212773M.tif,,,https://www.jcpenney.com/p/grenada-5-pc-conversation-set/ppr5008376358?pTmplType=regular&searchTerm=patio+and+outdoor+furniture&geoZip=55057,20251225,patio and outdoor furniture
Panama 4-pc. Conversation Set,ppr5008376317,,,1440.0,1440.0,1440.0,1440.0,ORIGINAL,False,False,available online only,False,False,original,False,True,"['# Pieces In Set: 4', 'Included: 2 Chair(s), 1 Table(s), 1 Loveseat(s)', 'Features: Removable Cushions, Water Resistant', 'Manufacturer Warranty: 90 Days Limited', 'Seating Capacity: 4']",0.0,0.0,ORIGINAL,False,False,79126960018,USD,more brands,"[{'colorName': 'Teak Dark Gray', 'swatchImageId': 'DP0705202307153083S.tif', 'colorizedImageId': 'DP0705202307152980M.tif', 'colorSeqNum': 1, 'skuId': '79126960018', 'defaultSwatch': False, 'skuAltImages': [{'imgId': 'DP0705202307153289M.tif', 'colorSeq': 0}, {'imgId': 'DP0705202307153392M.tif', 'colorSeq': 1}, {'imgId': 'DP0705202307153496M.tif', 'colorSeq': 2}]}]",/p/panama-4-pc-conversation-set/ppr5008376317?pTmplType=regular&searchTerm=patio+and+outdoor+furniture&geoZip=55057,"[{'message': 'Online Only', 'icon': 'mouse'}, {'message': 'Available for Shipping', 'icon': 'check'}]",False,791,True,1080.0,1080.0,RECLINER,False,False,2023-07-10T07:08:28,DP0705202307152980M.tif,DP0705202307153289M.tif,,,https://www.jcpenney.com/p/panama-4-pc-conversation-set/ppr5008376317?pTmplType=regular&searchTerm=patio+and+outdoor+furniture&geoZip=55057,20251225,patio and outdoor furniture
Selma Rocking Chair,ppr5008367203,,,330.0,330.0,330.0,330.0,ORIGINAL,False,False,available online only,False,False,original,False,True,"['Included: 1 Chair(s), 1 Seat Cushion(s)', 'Features: Easy To Use, 4 Legs, Easy Clean, Quick Ship, Cushioned', 'Manufacturer Warranty: 90 Days Limited', 'Seating Capacity: 1', 'Tools Required: Screws (included), Allen Wrench (included)']",0.0,0.0,ORIGINAL,False,False,79126380018,USD,more brands,"[{'colorName': 'Teak Cream', 'swatchImageId': 'DP1023202517030131S.tif', 'colorizedImageId': 'DP1023202517030027M.tif', 'colorSeqNum': 1, 'skuId': '79126380018', 'defaultSwatch': False, 'skuAltImages': [{'imgId': 'DP1023202517030547M.tif', 'colorSeq': 0}, {'imgId': 'DP1023202517030444M.tif', 'colorSeq': 1}, {'imgId': 'DP1023202517030236M.tif', 'colorSeq': 2}]}]",/p/selma-rocking-chair/ppr5008367203?pTmplType=regular&searchTerm=patio+and+outdoor+furniture&geoZip=55057,"[{'message': 'Online Only', 'icon': 'mouse'}, {'message': 'Available for Shipping', 'icon': 'check'}]",False,791,True,297.0,297.0,GIFTWRAP,False,False,2025-10-23T22:05:51,DP1023202517030027M.tif,DP1023202517030547M.tif,"[{'name': 'NEW', 'priority': 1, 'urlParam': 'new'}]",,https://www.jcpenney.com/p/selma-rocking-chair/ppr5008367203?pTmplType=regular&searchTerm=patio+and+outdoor+furniture&geoZip=55057,20251225,patio and outdoor furniture
Safavieh Nunzio 11-pc. Conversation Set Cushioned,ppr5008366813,,,1640.0,1640.0,1640.0,1640.0,ORIGINAL,False,False,available online only,False,False,original,False,True,"['# Pieces In Set: 11', 'Included: 2 Chair(s), 1 Bench(es), 3 Seat Cushion(s), 1 Table(s), 4 Seat Back Cushion(s)', 'Features: Cushioned', 'Joinery: Screwed', 'Seating Capacity: 4']",0.0,0.0,ORIGINAL,False,False,79125150026,USD,safavieh,"[{'colorName': 'White Navy', 'swatchImageId': 'DP0609202309063419S.tif', 'colorizedImageId': 'DP0609202309063110M.tif', 'colorSeqNum': 1, 'skuId': '79125150018', 'defaultSwatch': False, 'skuAltImages': [{'imgId': 'DP0609202309063213M.tif', 'colorSeq': 0}, {'imgId': 'DP0609202309063316M.tif', 'colorSeq': 1}, {'imgId': 'DP0609202309063626M.tif', 'colorSeq': 2}]}, {'colorName': 'Navy White', 'swatchImageId': 'DP0615202315311344S.tif', 'colorizedImageId': 'DP1019202307230950M.tif', 'colorSeqNum': 2, 'skuId': '79125150026', 'defaultSwatch': False, 'skuAltImages': [{'imgId': 'DP0615202315311138M.tif', 'colorSeq': 0}, {'imgId': 'DP0615202315311241M.tif', 'colorSeq': 1}, {'imgId': 'DP0615202315311654M.tif', 'colorSeq': 2}]}]",/p/safavieh-nunzio-11-pc-conversation-set-cushioned/ppr5008366813?pTmplType=regular&searchTerm=patio+and+outdoor+furniture&geoZip=55057,"[{'message': 'Online Only', 'icon': 'mouse'}, {'message': 'Available for Shipping', 'icon': 'check'}]",False,791,True,1230.0,1230.0,RECLINER,False,False,2023-06-06T22:03:04,DP0609202309063110M.tif,DP0609202309063213M.tif,,,https://www.jcpenney.com/p/safavieh-nunzio-11-pc-conversation-set-cushioned/ppr5008366813?pTmplType=regular&searchTerm=patio+and+outdoor+furniture&geoZip=55057,20251225,patio and outdoor furniture
Safavieh Chaston 4-pc. Conversation Set Cushioned,ppr5008448180,,,1800.0,1800.0,1800.0,1800.0,ORIGINAL,False,False,available online only,False,False,original,False,True,"['# Pieces In Set: 4', 'Included: 4 Throw Pillow(s), 3 Seat Back Cushion(s), 1 Table(s), 3 Seat Cushion(s), 1 Bench(es)', 'Features: Quick Ship, Cushioned', 'Joinery: Screwed', 'Seating Capacity: 4']",0.0,0.0,ORIGINAL,False,False,79131330018,USD,safavieh,"[{'colorName': 'Nat Black White', 'swatchImageId': 'DP0428202407051120S.tif', 'colorizedImageId': 'DP0428202407050815M.tif', 'colorSeqNum': 1, 'skuId': '79131330018', 'defaultSwatch': False, 'skuAltImages': [{'imgId': 'DP0428202407050917M.tif', 'colorSeq': 0}, {'imgId': 'DP0428202407051527M.tif', 'colorSeq': 1}, {'imgId': 'DP0428202407051425M.tif', 'colorSeq': 2}]}]",/p/safavieh-chaston-4-pc-conversation-set-cushioned/ppr5008448180?pTmplType=regular&searchTerm=patio+and+outdoor+furniture&geoZip=55057,"[{'message': 'Online Only', 'icon': 'mouse'}, {'message': 'Available for Shipping', 'icon': 'check'}]",False,791,True,1350.0,1350.0,RECLINER,False,False,2024-04-25T22:03:01,DP0428202407050815M.tif,DP0428202407050917M.tif,,,https://www.jcpenney.com/p/safavieh-chaston-4-pc-conversation-set-cushioned/ppr5008448180?pTmplType=regular&searchTerm=patio+and+outdoor+furniture&geoZip=55057,20251225,patio and outdoor furniture
Rossville 11-pc. Conversation Set,ppr5008431282,,,2240.0,2240.0,2240.0,2240.0,ORIGINAL,False,False,available online only,False,False,original,False,True,"['# Pieces In Set: 11', 'Included: 4 Seat Back Cushion(s), 3 Seat Cushion(s), 2 Chair(s), 1 Loveseat(s), 1 Coffee Table', 'Features: Water Resistant, Quick Ship, Removable Cushions', 'Manufacturer Warranty: 90 Days Limited', 'Seating Capacity: 4']",0.0,0.0,ORIGINAL,False,False,79129620018,USD,more brands,"[{'colorName': 'Beige', 'swatchImageId': 'DP0209202413062754S.tif', 'colorizedImageId': 'DP0220202407103692M.tif', 'colorSeqNum': 1, 'skuId': '79129620018', 'defaultSwatch': False, 'skuAltImages': [{'imgId': 'DP0220202407103486M.tif', 'colorSeq': 0}, {'imgId': 'DP0209202413063062M.tif', 'colorSeq': 2}, {'imgId': 'DP0220202407103589M.tif', 'colorSeq': 3}]}]",/p/rossville-11-pc-conversation-set/ppr5008431282?pTmplType=regular&searchTerm=patio+and+outdoor+furniture&geoZip=55057,"[{'message': 'Online Only', 'icon': 'mouse'}, {'message': 'Available for Shipping', 'icon': 'check'}]",False,791,True,1680.0,1680.0,RECLINER,False,False,2024-02-09T22:03:28,DP0220202407103692M.tif,DP0220202407103486M.tif,,,https://www.jcpenney.com/p/rossville-11-pc-conversation-set/ppr5008431282?pTmplType=regular&searchTerm=patio+and+outdoor+furniture&geoZip=55057,20251225,patio and outdoor furniture
Genser 4-pc. Conversation Set,ppr5008431274,,,2600.0,2600.0,2600.0,2600.0,ORIGINAL,False,False,available online only,False,False,original,False,True,"['# Pieces In Set: 4', 'Included: 2 Chair(s)', 'Features: Quick Ship', 'Manufacturer Warranty: 90 Days Limited', 'Seating Capacity: 4']",0.0,0.0,ORIGINAL,False,False,79129540018,USD,more brands,"[{'colorName': 'Beige', 'swatchImageId': 'DP0209202413051547S.tif', 'colorizedImageId': 'DP0209202413051341M.tif', 'colorSeqNum': 1, 'skuId': '79129540018', 'defaultSwatch': False, 'skuAltImages': [{'imgId': 'DP0209202413051136M.tif', 'colorSeq': 0}, {'imgId': 'DP0209202413051856M.tif', 'colorSeq': 1}, {'imgId': 'DP0209202413051753M.tif', 'colorSeq': 2}]}]",/p/genser-4-pc-conversation-set/ppr5008431274?pTmplType=regular&searchTerm=patio+and+outdoor+furniture&geoZip=55057,"[{'message': 'Online Only', 'icon': 'mouse'}, {'message': 'Available for Shipping', 'icon': 'check'}]",False,791,True,1950.0,1950.0,RECLINER,False,False,2024-03-12T07:02:54,DP0209202413051341M.tif,DP0209202413051136M.tif,,,https://www.jcpenney.com/p/genser-4-pc-conversation-set/ppr5008431274?pTmplType=regular&searchTerm=patio+and+outdoor+furniture&geoZip=55057,20251225,patio and outdoor furniture
Cape 4-pc. Conversation Set,ppr5008431264,,,3300.0,3300.0,3300.0,3300.0,ORIGINAL,False,False,available online only,False,False,original,False,True,"['# Pieces In Set: 4', 'Included: 5 Seat Back Cushion(s), 2 Chair(s), 1 Table(s), 1 Sofa(s), 5 Seat Cushion(s)', 'Features: Quick Ship, Removable Cushions, Water Resistant', 'Manufacturer Warranty: 90 Days Limited', 'Seating Capacity: 4']",0.0,0.0,ORIGINAL,False,False,79129440018,USD,more brands,"[{'colorName': 'Black', 'swatchImageId': 'DP0209202413034695S.tif', 'colorizedImageId': 'DP0209202413034490M.tif', 'colorSeqNum': 1, 'skuId': '79129440018', 'defaultSwatch': False, 'skuAltImages': [{'imgId': 'DP0209202413034285M.tif', 'colorSeq': 0}, {'imgId': 'DP0209202413034899M.tif', 'colorSeq': 1}, {'imgId': 'DP0209202413034797M.tif', 'colorSeq': 2}]}]",/p/cape-4-pc-conversation-set/ppr5008431264?pTmplType=regular&searchTerm=patio+and+outdoor+furniture&geoZip=55057,"[{'message': 'Online Only', 'icon': 'mouse'}, {'message': 'Available for Shipping', 'icon': 'check'}]",False,791,True,2475.0,2475.0,RECLINER,False,False,2024-02-09T22:03:22,DP0209202413034490M.tif,DP0209202413034285M.tif,,,https://www.jcpenney.com/p/cape-4-pc-conversation-set/ppr5008431264?pTmplType=regular&searchTerm=patio+and+outdoor+furniture&geoZip=55057,20251225,patio and outdoor furniture
Kono 3-pc. Conversation Set,ppr5008376364,,,1280.0,1280.0,1280.0,1280.0,ORIGINAL,False,False,available online only,False,False,original,False,True,"['# Pieces In Set: 3', 'Included: 2 Chair(s)', 'Features: 4 Legs', 'Manufacturer Warranty: 90 Days Limited', 'Seating Capacity: 2']",0.0,0.0,ORIGINAL,False,False,79127340018,USD,more brands,"[{'colorName': 'Black', 'swatchImageId': 'DP0705202307221932S.tif', 'colorizedImageId': 'DP0705202307221622M.tif', 'colorSeqNum': 1, 'skuId': '79127340018', 'defaultSwatch': False, 'skuAltImages': [{'imgId': 'DP0705202307221726M.tif', 'colorSeq': 0}, {'imgId': 'DP0705202307222242M.tif', 'colorSeq': 1}, {'imgId': 'DP0705202307221829M.tif', 'colorSeq': 2}]}]",/p/kono-3-pc-conversation-set/ppr5008376364?pTmplType=regular&searchTerm=patio+and+outdoor+furniture&geoZip=55057,"[{'message': 'Online Only', 'icon': 'mouse'}, {'message': 'Available for Shipping', 'icon': 'check'}]",False,791,True,960.0,960.0,RECLINER,False,False,2023-07-10T07:08:28,DP0705202307221622M.tif,DP0705202307221726M.tif,,,https://www.jcpenney.com/p/kono-3-pc-conversation-set/ppr5008376364?pTmplType=regular&searchTerm=patio+and+outdoor+furniture&geoZip=55057,20251225,patio and outdoor furniture
Cape 4-pc. Conversation Set,ppr5008376300,,,4040.0,4040.0,4040.0,4040.0,ORIGINAL,False,False,available online only,False,False,original,False,True,"['# Pieces In Set: 4', 'Included: 2 Chair(s), 1 Table(s), 1 Sofa(s)', 'Features: Removable Cushions, Water Resistant', 'Manufacturer Warranty: 90 Days Limited', 'Seating Capacity: 5']",0.0,0.0,ORIGINAL,False,False,79126810018,USD,more brands,"[{'colorName': 'Khaki', 'swatchImageId': 'DP0705202307131051S.tif', 'colorizedImageId': 'DP0705202307130948M.tif', 'colorSeqNum': 1, 'skuId': '79126810018', 'defaultSwatch': False, 'skuAltImages': [{'imgId': 'DP1020202309051549M.tif', 'colorSeq': 0}, {'imgId': 'DP1020202309051653M.tif', 'colorSeq': 2}, {'imgId': 'DP1020202309051756M.tif', 'colorSeq': 4}]}]",/p/cape-4-pc-conversation-set/ppr5008376300?pTmplType=regular&searchTerm=patio+and+outdoor+furniture&geoZip=55057,"[{'message': 'Online Only', 'icon': 'mouse'}, {'message': 'Available for Shipping', 'icon': 'check'}]",False,791,True,3030.0,3030.0,RECLINER,False,False,2023-07-10T07:08:26,DP0705202307130948M.tif,DP1020202309051549M.tif,,,https://www.jcpenney.com/p/cape-4-pc-conversation-set/ppr5008376300?pTmplType=regular&searchTerm=patio+and+outdoor+furniture&geoZip=55057,20251225,patio and outdoor furniture
Corliving Lake Front Glider,ppr5008132533,5.0,1.0,600.0,600.0,600.0,600.0,ORIGINAL,False,False,available online only,False,False,original,False,True,"['Included: 1 Bench(es)', 'Features: Water Resistant, Rocking, Uv Protection, Quick Ship', 'Joinery: Glued', 'Manufacturer Warranty: 6 Month', 'Seating Capacity: 2']",0.0,0.0,ORIGINAL,False,False,79114050018,USD,more brands,"[{'colorName': 'Dark Green', 'swatchImageId': 'DP0614202107015749S.tif', 'colorizedImageId': 'DP0614202107015745M.tif', 'colorSeqNum': 1, 'skuId': '79114050018', 'defaultSwatch': False, 'skuAltImages': [{'imgId': 'DP0614202107015764M.tif', 'colorSeq': 0}, {'imgId': 'DP0614202107015776M.tif', 'colorSeq': 1}, {'imgId': 'DP0614202107015768M.tif', 'colorSeq': 2}]}]",/p/corliving-lake-front-glider/ppr5008132533?pTmplType=regular&searchTerm=patio+and+outdoor+furniture&geoZip=55057,"[{'message': 'Online Only', 'icon': 'mouse'}, {'message': 'Available for Shipping', 'icon': 'check'}]",False,791,True,540.0,540.0,GIFTWRAP,False,False,2021-06-28T11:38:02,DP0614202107015745M.tif,DP0614202107015764M.tif,,,https://www.jcpenney.com/p/corliving-lake-front-glider/ppr5008132533?pTmplType=regular&searchTerm=patio+and+outdoor+furniture&geoZip=55057,20251225,patio and outdoor furniture
Sunnydaze Patio Collection Rocking Chair,ppr5008094724,3.5,4.0,280.0,280.0,280.0,280.0,ORIGINAL,False,False,available online only,False,False,original,False,True,"['Included: 1 Chair(s)', 'Features: Rocking, Weather Resistant, Quick Ship, Rust Resistant', 'Joinery: Screwed', 'Manufacturer Warranty: 1 Year', 'Seating Capacity: 1']",0.0,0.0,ORIGINAL,False,False,79109970018,USD,more brands,"[{'colorName': 'Black', 'swatchImageId': 'DP0623202115010056S.tif', 'colorizedImageId': 'DP1022202517023546M.tif', 'colorSeqNum': 1, 'skuId': '79109970018', 'defaultSwatch': False, 'skuAltImages': [{'imgId': 'DP1022202517024067M.tif', 'colorSeq': 0}, {'imgId': 'DP1022202517023964M.tif', 'colorSeq': 1}, {'imgId': 'DP1022202517023754M.tif', 'colorSeq': 2}]}]",/p/sunnydaze-patio-collection-rocking-chair/ppr5008094724?pTmplType=regular&searchTerm=patio+and+outdoor+furniture&geoZip=55057,"[{'message': 'Online Only', 'icon': 'mouse'}, {'message': 'Available for Shipping', 'icon': 'check'}]",False,791,True,,,,False,False,2021-03-25T13:03:47,DP1022202517023546M.tif,DP1022202517024067M.tif,"[{'name': 'Few Left', 'priority': 1, 'urlParam': 'fewleft'}]",,https://www.jcpenney.com/p/sunnydaze-patio-collection-rocking-chair/ppr5008094724?pTmplType=regular&searchTerm=patio+and+outdoor+furniture&geoZip=55057,20251225,patio and outdoor furniture
Safavieh Alda 15-pc. Conversation Set Cushioned,ppr5008366805,,,1680.0,1680.0,1680.0,1680.0,ORIGINAL,False,False,available online only,False,False,original,False,True,"['# Pieces In Set: 15', 'Included: 4 Throw Pillow(s), 1 Table(s), 3 Seat Cushion(s), 4 Seat Back Cushion(s), 2 Chair(s), 1 Bench(es)', 'Features: Cushioned', 'Joinery: Screwed', 'Seating Capacity: 4']",0.0,0.0,ORIGINAL,False,False,79125070059,USD,safavieh,"[{'colorName': 'Black', 'swatchImageId': 'DP0609202309024999S.tif', 'colorizedImageId': 'DP0609202309021489M.tif', 'colorSeqNum': 1, 'skuId': '79125070075', 'defaultSwatch': False, 'skuAltImages': [{'imgId': 'DP0609202309024071M.tif', 'colorSeq': 0}, {'imgId': 'DP0609202309024483M.tif', 'colorSeq': 1}, {'imgId': 'DP0609202309031375M.tif', 'colorSeq': 2}]}, {'colorName': 'Natural', 'swatchImageId': 'DP0609202309025308S.tif', 'colorizedImageId': 'DP0609202309021798M.tif', 'colorSeqNum': 2, 'skuId': '79125070018', 'defaultSwatch': False, 'skuAltImages': [{'imgId': 'DP0609202309031685M.tif', 'colorSeq': 0}, {'imgId': 'DP0609202309031167M.tif', 'colorSeq': 1}, {'imgId': 'DP0609202309030547M.tif', 'colorSeq': 2}]}, {'colorName': 'Grey', 'swatchImageId': 'DP0609202309025101S.tif', 'colorizedImageId': 'DP0609202309021592M.tif', 'colorSeqNum': 3, 'skuId': '79125070026', 'defaultSwatch': False, 'skuAltImages': [{'imgId': 'DP0609202309031478M.tif', 'colorSeq': 0}, {'imgId': 'DP0609202309031064M.tif', 'colorSeq': 1}, {'imgId': 'DP0609202309030341M.tif', 'colorSeq': 2}]}, {'colorName': 'Natural Striped', 'swatchImageId': 'DP0609202309025515S.tif', 'colorizedImageId': 'DP0609202309022005M.tif', 'colorSeqNum': 4, 'skuId': '79125070034', 'defaultSwatch': False, 'skuAltImages': [{'imgId': 'DP0609202309031891M.tif', 'colorSeq': 0}, {'imgId': 'DP0609202309030753M.tif', 'colorSeq': 1}, {'imgId': 'DP0609202309022831M.tif', 'colorSeq': 2}]}, {'colorName': 'White', 'swatchImageId': 'DP0609202309025721S.tif', 'colorizedImageId': 'DP0609202309022211M.tif', 'colorSeqNum': 5, 'skuId': '79125070042', 'defaultSwatch': False, 'skuAltImages': [{'imgId': 'DP0609202309023967M.tif', 'colorSeq': 0}, {'imgId': 'DP0609202309024895M.tif', 'colorSeq': 1}, {'imgId': 'DP0609202309032098M.tif', 'colorSeq': 2}]}, {'colorName': 'Natural Navy', 'swatchImageId': 'DP0609202309025411S.tif', 'colorizedImageId': 'DP0609202309021902M.tif', 'colorSeqNum': 6, 'skuId': '79125070059', 'defaultSwatch': False, 'skuAltImages': [{'imgId': 'DP0609202309024277M.tif', 'colorSeq': 0}, {'imgId': 'DP0609202309024689M.tif', 'colorSeq': 1}, {'imgId': 'DP0609202309031788M.tif', 'colorSeq': 2}]}, {'colorName': 'Navy Striped', 'swatchImageId': 'DP0609202309025618S.tif', 'colorizedImageId': 'DP0609202309022108M.tif', 'colorSeqNum': 7, 'skuId': '79125070067', 'defaultSwatch': False, 'skuAltImages': [{'imgId': 'DP0609202309024380M.tif', 'colorSeq': 0}, {'imgId': 'DP0609202309024792M.tif', 'colorSeq': 1}, {'imgId': 'DP0609202309031995M.tif', 'colorSeq': 2}]}, {'colorName': 'Grey Striped', 'swatchImageId': 'DP0609202309025205S.tif', 'colorizedImageId': 'DP0609202309021695M.tif', 'colorSeqNum': 8, 'skuId': '79125070083', 'defaultSwatch': False, 'skuAltImages': [{'imgId': 'DP0609202309024174M.tif', 'colorSeq': 0}, {'imgId': 'DP0609202309024586M.tif', 'colorSeq': 1}, {'imgId': 'DP0609202309031581M.tif', 'colorSeq': 2}]}]",/p/safavieh-alda-15-pc-conversation-set-cushioned/ppr5008366805?pTmplType=regular&searchTerm=patio+and+outdoor+furniture&geoZip=55057,"[{'message': 'Online Only', 'icon': 'mouse'}, {'message': 'Available for Shipping', 'icon': 'check'}]",False,791,True,1260.0,1260.0,RECLINER,False,False,2023-06-06T22:02:56,DP0609202309021489M.tif,DP0609202309024071M.tif,,,https://www.jcpenney.com/p/safavieh-alda-15-pc-conversation-set-cushioned/ppr5008366805?pTmplType=regular&searchTerm=patio+and+outdoor+furniture&geoZip=55057,20251225,patio and outdoor furniture
Safavieh Belmi 4-pc. Conversation Set Cushioned,ppr5008448187,,,1570.0,1570.0,1570.0,1570.0,ORIGINAL,False,False,available online only,False,False,original,False,True,"['# Pieces In Set: 4', 'Included: 3 Seat Cushion(s), 2 Chair(s), 1 Table(s), 1 Bench(es), 4 Seat Back Cushion(s)', 'Features: Quick Ship, Cushioned', 'Joinery: Screwed', 'Seating Capacity: 4']",0.0,0.0,ORIGINAL,False,False,79130920018,USD,safavieh,"[{'colorName': 'Grey Beige', 'swatchImageId': 'DP0423202409165016S.tif', 'colorizedImageId': 'DP0423202409163992M.tif', 'colorSeqNum': 1, 'skuId': '79130920018', 'defaultSwatch': False, 'skuAltImages': [{'imgId': 'DP0423202409165628M.tif', 'colorSeq': 0}, {'imgId': 'DP0423202409165322M.tif', 'colorSeq': 1}, {'imgId': 'DP0423202409164299M.tif', 'colorSeq': 2}]}, {'colorName': 'Black Beige', 'swatchImageId': 'DP0423202409164810S.tif', 'colorizedImageId': 'DP0423202409163789M.tif', 'colorSeqNum': 2, 'skuId': '79130920026', 'defaultSwatch': False, 'skuAltImages': [{'imgId': 'DP0423202409164094M.tif', 'colorSeq': 0}, {'imgId': 'DP0423202409164401M.tif', 'colorSeq': 1}, {'imgId': 'DP0423202409165730M.tif', 'colorSeq': 2}]}, {'colorName': 'Grey', 'swatchImageId': 'DP0423202409164913S.tif', 'colorizedImageId': 'DP0423202409163891M.tif', 'colorSeqNum': 3, 'skuId': '79130920034', 'defaultSwatch': False, 'skuAltImages': [{'imgId': 'DP0423202409164197M.tif', 'colorSeq': 0}, {'imgId': 'DP0423202409164504M.tif', 'colorSeq': 1}, {'imgId': 'DP0423202409170035M.tif', 'colorSeq': 2}]}]",/p/safavieh-belmi-4-pc-conversation-set-cushioned/ppr5008448187?pTmplType=regular&searchTerm=patio+and+outdoor+furniture&geoZip=55057,"[{'message': 'Online Only', 'icon': 'mouse'}, {'message': 'Available for Shipping', 'icon': 'check'}]",False,791,True,1177.5,1177.5,RECLINER,False,False,2024-04-23T22:03:56,DP0423202409163992M.tif,DP0423202409165628M.tif,,,https://www.jcpenney.com/p/safavieh-belmi-4-pc-conversation-set-cushioned/ppr5008448187?pTmplType=regular&searchTerm=patio+and+outdoor+furniture&geoZip=55057,20251225,patio and outdoor furniture
Safavieh Deacon 4-pc. Conversation Set Cushioned,ppr5008448185,,,1590.0,1590.0,1590.0,1590.0,ORIGINAL,False,False,available online only,False,False,original,False,True,"['# Pieces In Set: 4', 'Included: 1 Table(s), 3 Seat Cushion(s), 2 Chair(s), 1 Bench(es), 4 Seat Back Cushion(s), 4 Throw Pillow(s)', 'Features: Cushioned', 'Joinery: Screwed', 'Seating Capacity: 4']",0.0,0.0,ORIGINAL,False,False,79130890034,USD,safavieh,"[{'colorName': 'Natural White Navy', 'swatchImageId': 'DP0423202409154383S.tif', 'colorizedImageId': 'DP0423202409151626M.tif', 'colorSeqNum': 3, 'skuId': '79130890034', 'defaultSwatch': False, 'skuAltImages': [{'imgId': 'DP0423202409160830M.tif', 'colorSeq': 0}, {'imgId': 'DP0423202409155198M.tif', 'colorSeq': 1}, {'imgId': 'DP0423202409152236M.tif', 'colorSeq': 2}]}, {'colorName': 'Black Beige', 'swatchImageId': 'DP0423202409153771S.tif', 'colorizedImageId': 'DP0423202409151016M.tif', 'colorSeqNum': 4, 'skuId': '79130890042', 'defaultSwatch': False, 'skuAltImages': [{'imgId': 'DP0423202409160422M.tif', 'colorSeq': 0}, {'imgId': 'DP0423202409154892M.tif', 'colorSeq': 1}, {'imgId': 'DP0423202409151829M.tif', 'colorSeq': 2}]}, {'colorName': 'Grey Beige', 'swatchImageId': 'DP0423202409153874S.tif', 'colorizedImageId': 'DP0423202409151119M.tif', 'colorSeqNum': 5, 'skuId': '79130890059', 'defaultSwatch': False, 'skuAltImages': [{'imgId': 'DP0428202407023941M.tif', 'colorSeq': 0}, {'imgId': 'DP0423202409151931M.tif', 'colorSeq': 1}, {'imgId': 'DP0423202409152440M.tif', 'colorSeq': 2}]}]",/p/safavieh-deacon-4-pc-conversation-set-cushioned/ppr5008448185?pTmplType=regular&searchTerm=patio+and+outdoor+furniture&geoZip=55057&selectedSKUId=79130890034,"[{'message': 'Online Only', 'icon': 'mouse'}, {'message': 'Available for Shipping', 'icon': 'check'}]",False,791,True,1192.5,1192.5,RECLINER,False,True,2024-04-23T22:03:53,DP0423202409151626M.tif,DP0423202409160830M.tif,,,https://www.jcpenney.com/p/safavieh-deacon-4-pc-conversation-set-cushioned/ppr5008448185?pTmplType=regular&searchTerm=patio+and+outdoor+furniture&geoZip=55057&selectedSKUId=79130890034,20251225,patio and outdoor furniture
Bandele Patio 4-pc Conversation Set,ppr5008099325,,,1120.0,1120.0,1120.0,1120.0,ORIGINAL,False,False,available online only,False,False,original,False,True,"['# Pieces In Set: 4', 'Included: 2 Chair(s)', 'Features: Quick Ship', 'Joinery: Screwed', 'Seating Capacity: 4']",0.0,0.0,ORIGINAL,False,False,79111500018,USD,safavieh,"[{'colorName': 'Black Beige', 'swatchImageId': 'DP0526202107015417S.tif', 'colorizedImageId': 'DP0525202113005597M.tif', 'colorSeqNum': 1, 'skuId': '79111500018', 'defaultSwatch': False, 'skuAltImages': [{'imgId': 'DP0324202115020054M.tif', 'colorSeq': 0}, {'imgId': 'DP0525202113005616M.tif', 'colorSeq': 1}, {'imgId': 'DP0525202113005613M.tif', 'colorSeq': 2}]}, {'colorName': 'Grey Beige', 'swatchImageId': 'DP0324202115020039S.tif', 'colorizedImageId': 'DP0324202115020029M.tif', 'colorSeqNum': 2, 'skuId': '79111500026', 'defaultSwatch': False, 'skuAltImages': [{'imgId': 'DP0324202115020059M.tif', 'colorSeq': 0}, {'imgId': 'DP0324202115020069M.tif', 'colorSeq': 1}, {'imgId': 'DP0324202115020080M.tif', 'colorSeq': 2}]}, {'colorName': 'Black Light Grey', 'swatchImageId': 'DP0903202407285889S.tif', 'colorizedImageId': 'DP0903202407285788M.tif', 'colorSeqNum': 3, 'skuId': '79111500059', 'defaultSwatch': False, 'skuAltImages': [{'imgId': 'DP0903202407290603M.tif', 'colorSeq': 0}, {'imgId': 'DP0903202407290094M.tif', 'colorSeq': 1}, {'imgId': 'DP0903202407290298M.tif', 'colorSeq': 2}]}]",/p/bandele-patio-4-pc-conversation-set/ppr5008099325?pTmplType=regular&searchTerm=patio+and+outdoor+furniture&geoZip=55057,"[{'message': 'Online Only', 'icon': 'mouse'}, {'message': 'Available for Shipping', 'icon': 'check'}]",False,791,True,840.0,840.0,RECLINER,False,False,2021-03-24T22:04:28,DP0525202113005597M.tif,DP0324202115020054M.tif,,,https://www.jcpenney.com/p/bandele-patio-4-pc-conversation-set/ppr5008099325?pTmplType=regular&searchTerm=patio+and+outdoor+furniture&geoZip=55057,20251225,patio and outdoor furniture
Safavieh Elsbeth 4-pc. Conversation Set Cushioned,ppr5008448294,,,1620.0,1620.0,1620.0,1620.0,ORIGINAL,False,False,available online only,False,False,original,False,True,"['# Pieces In Set: 4', 'Included: 3 Seat Cushion(s), 2 Chair(s), 1 Table(s), 4 Seat Back Cushion(s), 1 Loveseat(s)', 'Features: Cushioned, Quick Ship', 'Joinery: Screwed', 'Seating Capacity: 4']",0.0,0.0,ORIGINAL,False,False,79131000018,USD,safavieh,"[{'colorName': 'Black Grey', 'swatchImageId': 'DP0428202407024654S.tif', 'colorizedImageId': 'DP0428202407024247M.tif', 'colorSeqNum': 1, 'skuId': '79131000018', 'defaultSwatch': False, 'skuAltImages': [{'imgId': 'DP0428202407024960M.tif', 'colorSeq': 0}, {'imgId': 'DP0428202407024858M.tif', 'colorSeq': 1}, {'imgId': 'DP0428202407024348M.tif', 'colorSeq': 2}]}, {'colorName': 'Grey Rope Grey', 'swatchImageId': 'DP0423202409193234S.tif', 'colorizedImageId': 'DP0423202409192419M.tif', 'colorSeqNum': 2, 'skuId': '79131000026', 'defaultSwatch': False, 'skuAltImages': [{'imgId': 'DP0423202411115451M.tif', 'colorSeq': 0}, {'imgId': 'DP0423202409192622M.tif', 'colorSeq': 1}, {'imgId': 'DP0423202409192826M.tif', 'colorSeq': 2}]}]",/p/safavieh-elsbeth-4-pc-conversation-set-cushioned/ppr5008448294?pTmplType=regular&searchTerm=patio+and+outdoor+furniture&geoZip=55057,"[{'message': 'Online Only', 'icon': 'mouse'}, {'message': 'Available for Shipping', 'icon': 'check'}]",False,791,True,1215.0,1215.0,RECLINER,False,False,2024-04-23T22:03:58,DP0428202407024247M.tif,DP0428202407024960M.tif,,,https://www.jcpenney.com/p/safavieh-elsbeth-4-pc-conversation-set-cushioned/ppr5008448294?pTmplType=regular&searchTerm=patio+and+outdoor+furniture&geoZip=55057,20251225,patio and outdoor furniture
Safavieh 4-pc. Conversation Set Weather Resistant,ppr5008240297,,,2270.0,2270.0,2270.0,2270.0,ORIGINAL,False,False,available online only,False,False,original,False,True,"['# Pieces In Set: 4', 'Included: 3 Seat Cushion(s), 1 Coffee Table(s), 2 Chair(s), 1 Loveseat(s)', 'Features: Quick Ship, Weather Resistant', 'Joinery: Screwed, Nailed, Welded Joint', 'Seating Capacity: 4']",0.0,0.0,ORIGINAL,False,False,79116750026,USD,safavieh,"[{'colorName': 'Grey White', 'swatchImageId': 'DP0425202207031775S.tif', 'colorizedImageId': 'DP0422202207055160M.tif', 'colorSeqNum': 1, 'skuId': '79116750018', 'defaultSwatch': False, 'skuAltImages': [{'imgId': 'DP0422202207055177M.tif', 'colorSeq': 0}, {'imgId': 'DP0422202207055174M.tif', 'colorSeq': 1}, {'imgId': 'DP0422202207055163M.tif', 'colorSeq': 2}]}, {'colorName': 'Grey Gold Legs', 'swatchImageId': 'DP0425202207031774S.tif', 'colorizedImageId': 'DP0422202207055158M.tif', 'colorSeqNum': 2, 'skuId': '79116750026', 'defaultSwatch': False, 'skuAltImages': [{'imgId': 'DP0422202207055175M.tif', 'colorSeq': 0}, {'imgId': 'DP0422202207055172M.tif', 'colorSeq': 1}, {'imgId': 'DP0422202207055161M.tif', 'colorSeq': 2}]}]",/p/safavieh-4-pc-conversation-set-weather-resistant/ppr5008240297?pTmplType=regular&searchTerm=patio+and+outdoor+furniture&geoZip=55057,"[{'message': 'Online Only', 'icon': 'mouse'}, {'message': 'Available for Shipping', 'icon': 'check'}]",False,791,True,1702.5,1702.5,RECLINER,False,False,2022-04-22T22:03:31,DP0422202207055160M.tif,DP0422202207055177M.tif,,,https://www.jcpenney.com/p/safavieh-4-pc-conversation-set-weather-resistant/ppr5008240297?pTmplType=regular&searchTerm=patio+and+outdoor+furniture&geoZip=55057,20251225,patio and outdoor furniture
Safavieh Hendor 4-pc. Conversation Set Cushioned,ppr5008448291,,,1470.0,1470.0,1470.0,1470.0,ORIGINAL,False,False,available online only,False,False,original,False,True,"['# Pieces In Set: 4', 'Included: 1 Bench(es), 2 Chair(s), 1 Table(s), 4 Seat Back Cushion(s), 3 Seat Cushion(s)', 'Features: Quick Ship, Cushioned', 'Joinery: Screwed', 'Seating Capacity: 4']",0.0,0.0,ORIGINAL,False,False,79130970018,USD,safavieh,"[{'colorName': 'Black Grey', 'swatchImageId': 'DP0423202409183427S.tif', 'colorizedImageId': 'DP0423202409183122M.tif', 'colorSeqNum': 1, 'skuId': '79130970018', 'defaultSwatch': False, 'skuAltImages': [{'imgId': 'DP0423202409183223M.tif', 'colorSeq': 0}, {'imgId': 'DP0423202409183733M.tif', 'colorSeq': 1}, {'imgId': 'DP0423202409183631M.tif', 'colorSeq': 2}]}]",/p/safavieh-hendor-4-pc-conversation-set-cushioned/ppr5008448291?pTmplType=regular&searchTerm=patio+and+outdoor+furniture&geoZip=55057,"[{'message': 'Online Only', 'icon': 'mouse'}, {'message': 'Available for Shipping', 'icon': 'check'}]",False,791,True,1102.5,1102.5,RECLINER,False,False,2024-04-23T22:03:58,DP0423202409183122M.tif,DP0423202409183223M.tif,,,https://www.jcpenney.com/p/safavieh-hendor-4-pc-conversation-set-cushioned/ppr5008448291?pTmplType=regular&searchTerm=patio+and+outdoor+furniture&geoZip=55057,20251225,patio and outdoor furniture
Safavieh Montez 4-pc. Conversation Set Cushioned,ppr5008448177,,,1700.0,1700.0,1700.0,1700.0,ORIGINAL,False,False,available online only,False,False,original,False,True,"['# Pieces In Set: 4', 'Included: 2 Chair(s), 4 Throw Pillow(s), 3 Seat Cushion(s), 4 Seat Back Cushion(s), 1 Bench(es), 1 Table(s)', 'Features: Cushioned, Quick Ship', 'Joinery: Screwed', 'Seating Capacity: 4']",0.0,0.0,ORIGINAL,False,False,79131300018,USD,safavieh,"[{'colorName': 'Natural Navy', 'swatchImageId': 'DP0428202407044674S.tif', 'colorizedImageId': 'DP0428202407044368M.tif', 'colorSeqNum': 1, 'skuId': '79131300018', 'defaultSwatch': False, 'skuAltImages': [{'imgId': 'DP0428202407044470M.tif', 'colorSeq': 0}, {'imgId': 'DP0428202407044979M.tif', 'colorSeq': 1}, {'imgId': 'DP0428202407044878M.tif', 'colorSeq': 2}]}]",/p/safavieh-montez-4-pc-conversation-set-cushioned/ppr5008448177?pTmplType=regular&searchTerm=patio+and+outdoor+furniture&geoZip=55057,"[{'message': 'Online Only', 'icon': 'mouse'}, {'message': 'Available for Shipping', 'icon': 'check'}]",False,791,True,1275.0,1275.0,RECLINER,False,False,2024-04-25T22:03:01,DP0428202407044368M.tif,DP0428202407044470M.tif,,,https://www.jcpenney.com/p/safavieh-montez-4-pc-conversation-set-cushioned/ppr5008448177?pTmplType=regular&searchTerm=patio+and+outdoor+furniture&geoZip=55057,20251225,patio and outdoor furniture
Safavieh Montez 4-pc. Conversation Set Cushioned,ppr5008448173,,,1700.0,1700.0,1700.0,1700.0,ORIGINAL,False,False,available online only,False,False,original,False,True,"['# Pieces In Set: 4', 'Included: 4 Seat Back Cushion(s), 3 Seat Cushion(s), 2 Chair(s), 4 Throw Pillow(s), 1 Bench(es), 1 Table(s)', 'Features: Quick Ship, Cushioned', 'Joinery: Screwed', 'Seating Capacity: 4']",0.0,0.0,ORIGINAL,False,False,79131240018,USD,safavieh,"[{'colorName': 'Natural Beige', 'swatchImageId': 'DP0428202407041310S.tif', 'colorizedImageId': 'DP0428202407041006M.tif', 'colorSeqNum': 1, 'skuId': '79131240018', 'defaultSwatch': False, 'skuAltImages': [{'imgId': 'DP0428202407041108M.tif', 'colorSeq': 0}, {'imgId': 'DP0428202407041514M.tif', 'colorSeq': 1}, {'imgId': 'DP0428202407041412M.tif', 'colorSeq': 2}]}]",/p/safavieh-montez-4-pc-conversation-set-cushioned/ppr5008448173?pTmplType=regular&searchTerm=patio+and+outdoor+furniture&geoZip=55057,"[{'message': 'Online Only', 'icon': 'mouse'}, {'message': 'Available for Shipping', 'icon': 'check'}]",False,791,True,1275.0,1275.0,RECLINER,False,False,2024-04-25T22:03:00,DP0428202407041006M.tif,DP0428202407041108M.tif,,,https://www.jcpenney.com/p/safavieh-montez-4-pc-conversation-set-cushioned/ppr5008448173?pTmplType=regular&searchTerm=patio+and+outdoor+furniture&geoZip=55057,20251225,patio and outdoor furniture
Safavieh Montez 4-pc. Conversation Set Cushioned,ppr5008448170,,,1700.0,1700.0,1700.0,1700.0,ORIGINAL,False,False,available online only,False,False,original,False,True,"['# Pieces In Set: 4', 'Included: 3 Seat Cushion(s), 2 Chair(s), 4 Throw Pillow(s), 1 Table(s), 1 Bench(es), 4 Seat Back Cushion(s)', 'Features: Quick Ship, Cushioned', 'Joinery: Screwed', 'Seating Capacity: 4']",0.0,0.0,ORIGINAL,False,False,79131210018,USD,safavieh,"[{'colorName': 'Natural Beige', 'swatchImageId': 'DP0428202407034255S.tif', 'colorizedImageId': 'DP0428202407034154M.tif', 'colorSeqNum': 1, 'skuId': '79131210018', 'defaultSwatch': False, 'skuAltImages': [{'imgId': 'DP0428202407034662M.tif', 'colorSeq': 0}, {'imgId': 'DP0428202407034561M.tif', 'colorSeq': 1}, {'imgId': 'DP0428202407034459M.tif', 'colorSeq': 2}]}]",/p/safavieh-montez-4-pc-conversation-set-cushioned/ppr5008448170?pTmplType=regular&searchTerm=patio+and+outdoor+furniture&geoZip=55057,"[{'message': 'Online Only', 'icon': 'mouse'}, {'message': 'Available for Shipping', 'icon': 'check'}]",False,791,True,1275.0,1275.0,RECLINER,False,False,2024-04-25T22:02:59,DP0428202407034154M.tif,DP0428202407034662M.tif,,,https://www.jcpenney.com/p/safavieh-montez-4-pc-conversation-set-cushioned/ppr5008448170?pTmplType=regular&searchTerm=patio+and+outdoor+furniture&geoZip=55057,20251225,patio and outdoor furniture
Sherwood 4-pc. Conversation Set,ppr5008431275,,,2100.0,2100.0,2100.0,2100.0,ORIGINAL,False,False,available online only,False,False,original,False,True,"['# Pieces In Set: 4', 'Included: 2 Chair(s)', 'Features: Quick Ship', 'Manufacturer Warranty: 90 Days Limited', 'Seating Capacity: 4']",0.0,0.0,ORIGINAL,False,False,79129550018,USD,more brands,"[{'colorName': 'White', 'swatchImageId': 'DP0209202413052474S.tif', 'colorizedImageId': 'DP0430202407312768M.tif', 'colorSeqNum': 1, 'skuId': '79129550018', 'defaultSwatch': False, 'skuAltImages': [{'imgId': 'DP0502202407023809M.tif', 'colorSeq': 0}, {'imgId': 'DP0430202407312972M.tif', 'colorSeq': 2}, {'imgId': 'DP0430202407312870M.tif', 'colorSeq': 3}]}]",/p/sherwood-4-pc-conversation-set/ppr5008431275?pTmplType=regular&searchTerm=patio+and+outdoor+furniture&geoZip=55057,"[{'message': 'Online Only', 'icon': 'mouse'}, {'message': 'Available for Shipping', 'icon': 'check'}]",False,791,True,1575.0,1575.0,RECLINER,False,False,2024-04-26T17:02:28,DP0430202407312768M.tif,DP0502202407023809M.tif,,,https://www.jcpenney.com/p/sherwood-4-pc-conversation-set/ppr5008431275?pTmplType=regular&searchTerm=patio+and+outdoor+furniture&geoZip=55057,20251225,patio and outdoor furniture
Perla 7-pc. Conversation Set,ppr5008431267,,,3100.0,3100.0,3100.0,3100.0,ORIGINAL,False,False,available online only,False,False,original,False,True,"['# Pieces In Set: 7', 'Included: 10 Seat Back Cushion(s), 10 Seat Cushion(s), 6 Chair(s), 1 Table(s)', 'Features: Water Resistant, Quick Ship, Removable Cushions', 'Manufacturer Warranty: 90 Days Limited', 'Seating Capacity: 6']",0.0,0.0,ORIGINAL,False,False,79129470018,USD,more brands,"[{'colorName': 'White', 'swatchImageId': 'DP0209202413041165S.tif', 'colorizedImageId': 'DP0209202413040959M.tif', 'colorSeqNum': 1, 'skuId': '79129470018', 'defaultSwatch': False, 'skuAltImages': [{'imgId': 'DP0220202407101533M.tif', 'colorSeq': 0}, {'imgId': 'DP0220202407101739M.tif', 'colorSeq': 2}, {'imgId': 'DP0220202407101636M.tif', 'colorSeq': 3}]}]",/p/perla-7-pc-conversation-set/ppr5008431267?pTmplType=regular&searchTerm=patio+and+outdoor+furniture&geoZip=55057,"[{'message': 'Online Only', 'icon': 'mouse'}, {'message': 'Available for Shipping', 'icon': 'check'}]",False,791,True,2325.0,2325.0,RECLINER,False,False,2024-02-09T22:03:23,DP0209202413040959M.tif,DP0220202407101533M.tif,,,https://www.jcpenney.com/p/perla-7-pc-conversation-set/ppr5008431267?pTmplType=regular&searchTerm=patio+and+outdoor+furniture&geoZip=55057,20251225,patio and outdoor furniture
Carolina 20-pc. Conversation Set,ppr5008431261,,,3595.0,3595.0,3595.0,3595.0,ORIGINAL,False,False,available online only,False,False,original,False,True,"['# Pieces In Set: 20', 'Included: 6 Seat Cushion(s), 2 Coffee Table(s), 4 Chair(s), 2 Loveseat(s), 6 Seat Back Cushion(s)', 'Features: Removable Cushions, Water Resistant, Quick Ship', 'Manufacturer Warranty: 90 Days Limited', 'Seating Capacity: 8']",0.0,0.0,ORIGINAL,False,False,79129410018,USD,more brands,"[{'colorName': 'Cream', 'swatchImageId': 'DP0209202413032123S.tif', 'colorizedImageId': 'DP0220202407100916M.tif', 'colorSeqNum': 1, 'skuId': '79129410018', 'defaultSwatch': False, 'skuAltImages': [{'imgId': 'DP0209202413032535M.tif', 'colorSeq': 0}, {'imgId': 'DP0209202413032432M.tif', 'colorSeq': 1}, {'imgId': 'DP0209202413032329M.tif', 'colorSeq': 2}]}]",/p/carolina-20-pc-conversation-set/ppr5008431261?pTmplType=regular&searchTerm=patio+and+outdoor+furniture&geoZip=55057,"[{'message': 'Online Only', 'icon': 'mouse'}, {'message': 'Available for Shipping', 'icon': 'check'}]",False,791,True,2696.25,2696.25,RECLINER,False,False,2024-02-09T22:03:22,DP0220202407100916M.tif,DP0209202413032535M.tif,,,https://www.jcpenney.com/p/carolina-20-pc-conversation-set/ppr5008431261?pTmplType=regular&searchTerm=patio+and+outdoor+furniture&geoZip=55057,20251225,patio and outdoor furniture
Leah 3-pc. Conversation Set,ppr5008336621,,,960.0,960.0,960.0,960.0,ORIGINAL,False,False,available online only,False,False,original,False,True,"['# Pieces In Set: 3', 'Included: 1 Table(s), 2 Chair(s)', 'Features: Quick Ship, Upholstered, 4 Legs', 'Seating Capacity: 2', 'Shape: Square']",0.0,0.0,ORIGINAL,False,False,79122250026,USD,more brands,"[{'colorName': 'Blue', 'swatchImageId': 'DP0314202309253748S.tif', 'colorizedImageId': 'DP0314202309253334M.tif', 'colorSeqNum': 1, 'skuId': '79122250026', 'defaultSwatch': False, 'skuAltImages': [{'imgId': 'DP0314202309253438M.tif', 'colorSeq': 0}, {'imgId': 'DP0314202309253955M.tif', 'colorSeq': 1}, {'imgId': 'DP0314202309253541M.tif', 'colorSeq': 2}]}]",/p/leah-3-pc-conversation-set/ppr5008336621?pTmplType=regular&searchTerm=patio+and+outdoor+furniture&geoZip=55057,"[{'message': 'Online Only', 'icon': 'mouse'}, {'message': 'Available for Shipping', 'icon': 'check'}]",False,791,True,720.0,720.0,RECLINER,False,False,2023-03-14T22:10:02,DP0314202309253334M.tif,DP0314202309253438M.tif,,,https://www.jcpenney.com/p/leah-3-pc-conversation-set/ppr5008336621?pTmplType=regular&searchTerm=patio+and+outdoor+furniture&geoZip=55057,20251225,patio and outdoor furniture
Cordoba 4-pc. Conversation Set,ppr5008336615,,,1635.0,1635.0,1635.0,1635.0,ORIGINAL,False,False,available online only,False,False,original,False,True,"['# Pieces In Set: 4', 'Included: 2 Chair(s), 1 Table(s), 1 Loveseat(s)', 'Features: Upholstered, 4 Legs, Quick Ship', 'Seating Capacity: 4', 'Shape: Rectangle']",0.0,0.0,ORIGINAL,False,False,79122190018,USD,more brands,"[{'colorName': 'Gray', 'swatchImageId': 'DP0314202309243526S.tif', 'colorizedImageId': 'DP0314202309243109M.tif', 'colorSeqNum': 1, 'skuId': '79122190018', 'defaultSwatch': False, 'skuAltImages': [{'imgId': 'DP0314202309243213M.tif', 'colorSeq': 0}, {'imgId': 'DP0314202309243317M.tif', 'colorSeq': 1}, {'imgId': 'DP0314202309242902M.tif', 'colorSeq': 2}]}]",/p/cordoba-4-pc-conversation-set/ppr5008336615?pTmplType=regular&searchTerm=patio+and+outdoor+furniture&geoZip=55057,"[{'message': 'Online Only', 'icon': 'mouse'}, {'message': 'Available for Shipping', 'icon': 'check'}]",False,791,True,1226.25,1226.25,RECLINER,False,False,2023-03-14T22:10:00,DP0314202309243109M.tif,DP0314202309243213M.tif,,,https://www.jcpenney.com/p/cordoba-4-pc-conversation-set/ppr5008336615?pTmplType=regular&searchTerm=patio+and+outdoor+furniture&geoZip=55057,20251225,patio and outdoor furniture
Selma 3-pc. Conversation Set,ppr5008297269,,,1040.0,1040.0,1040.0,1040.0,ORIGINAL,False,False,available online only,False,False,original,False,True,"['# Pieces In Set: 3', 'Features: 4 Legs', 'Manufacturer Warranty: 90 Days', 'Seating Capacity: 2', 'Shape: Square']",0.0,0.0,ORIGINAL,False,False,79120870018,USD,more brands,"[{'colorName': 'Teak Cream', 'swatchImageId': 'DP1010202207521599S.tif', 'colorizedImageId': 'DP1010202207521289M.tif', 'colorSeqNum': 1, 'skuId': '79120870018', 'defaultSwatch': False, 'skuAltImages': [{'imgId': 'DP1010202207521392M.tif', 'colorSeq': 0}, {'imgId': 'DP1010202207521083M.tif', 'colorSeq': 1}, {'imgId': 'DP1010202207521496M.tif', 'colorSeq': 2}]}]",/p/selma-3-pc-conversation-set/ppr5008297269?pTmplType=regular&searchTerm=patio+and+outdoor+furniture&geoZip=55057,"[{'message': 'Online Only', 'icon': 'mouse'}, {'message': 'Available for Shipping', 'icon': 'check'}]",False,791,True,780.0,780.0,RECLINER,False,False,2022-10-10T22:09:34,DP1010202207521289M.tif,DP1010202207521392M.tif,,,https://www.jcpenney.com/p/selma-3-pc-conversation-set/ppr5008297269?pTmplType=regular&searchTerm=patio+and+outdoor+furniture&geoZip=55057,20251225,patio and outdoor furniture
Temecula 2-pc. Club Chair,ppr5008330498,,,665.0,665.0,665.0,665.0,ORIGINAL,False,False,available online only,False,False,original,False,True,"['# Pieces In Set: 2', 'Included: 2 Chair(s)', 'Features: Quick Ship, Water Resistant', 'Manufacturer Warranty: 90 Days Limited', 'Seating Capacity: 2']",0.0,0.0,ORIGINAL,False,False,79121640018,USD,more brands,"[{'colorName': 'Brown  Cream', 'swatchImageId': 'DP0215202309141721S.tif', 'colorizedImageId': 'DP0215202309141619M.tif', 'colorSeqNum': 1, 'skuId': '79121640018', 'defaultSwatch': False, 'skuAltImages': [{'imgId': 'DP0215202309142031M.tif', 'colorSeq': 0}, {'imgId': 'DP0215202309142133M.tif', 'colorSeq': 1}, {'imgId': 'DP0215202309142236M.tif', 'colorSeq': 2}]}]",/p/temecula-2-pc-club-chair/ppr5008330498?pTmplType=regular&searchTerm=patio+and+outdoor+furniture&geoZip=55057,"[{'message': 'Online Only', 'icon': 'mouse'}, {'message': 'Available for Shipping', 'icon': 'check'}]",False,791,True,598.5,598.5,GIFTWRAP,False,False,2023-02-15T22:06:00,DP0215202309141619M.tif,DP0215202309142031M.tif,,,https://www.jcpenney.com/p/temecula-2-pc-club-chair/ppr5008330498?pTmplType=regular&searchTerm=patio+and+outdoor+furniture&geoZip=55057,20251225,patio and outdoor furniture
Safavieh Conan Weather Resistant Cement Side Table,ppr5008216491,,,440.0,440.0,440.0,440.0,ORIGINAL,False,False,available online only,False,False,original,False,True,"['Included: 1 Table(s)', 'Features: Quick Ship, Weather Resistant', 'Shape: Square', 'Maximum Weight Limit: 100 Lbs', 'Table Measurements: 18.11 Height/Inches, 14.96 Length/Inches, 14.96 Width/Inches']",0.0,0.0,ORIGINAL,False,False,79115050034,USD,safavieh,"[{'colorName': 'Dark Grey', 'swatchImageId': 'DP0209202207035684S.tif', 'colorizedImageId': 'DP0209202207035619M.tif', 'colorSeqNum': 1, 'skuId': '79115050018', 'defaultSwatch': False, 'skuAltImages': [{'imgId': 'DP0209202207035640M.tif', 'colorSeq': 0}, {'imgId': 'DP0209202207035662M.tif', 'colorSeq': 1}, {'imgId': 'DP0209202207035598M.tif', 'colorSeq': 2}]}, {'colorName': 'Ivory', 'swatchImageId': 'DP0209202207035691S.tif', 'colorizedImageId': 'DP0209202207035626M.tif', 'colorSeqNum': 2, 'skuId': '79115050026', 'defaultSwatch': False, 'skuAltImages': [{'imgId': 'DP0209202207035647M.tif', 'colorSeq': 0}, {'imgId': 'DP0209202207035669M.tif', 'colorSeq': 1}, {'imgId': 'DP0209202207035605M.tif', 'colorSeq': 2}]}, {'colorName': 'Black', 'swatchImageId': 'DP0209202207035677S.tif', 'colorizedImageId': 'DP0209202207035612M.tif', 'colorSeqNum': 3, 'skuId': '79115050034', 'defaultSwatch': False, 'skuAltImages': [{'imgId': 'DP0209202207035633M.tif', 'colorSeq': 0}, {'imgId': 'DP0209202207035655M.tif', 'colorSeq': 1}, {'imgId': 'DP0209202207035591M.tif', 'colorSeq': 2}]}]",/p/safavieh-conan-weather-resistant-cement-side-table/ppr5008216491?pTmplType=regular&searchTerm=patio+and+outdoor+furniture&geoZip=55057,"[{'message': 'Online Only', 'icon': 'mouse'}, {'message': 'Available for Shipping', 'icon': 'check'}]",False,791,True,396.0,396.0,GIFTWRAP,False,False,2022-02-09T22:03:21,DP0209202207035619M.tif,DP0209202207035640M.tif,,,https://www.jcpenney.com/p/safavieh-conan-weather-resistant-cement-side-table/ppr5008216491?pTmplType=regular&searchTerm=patio+and+outdoor+furniture&geoZip=55057,20251225,patio and outdoor furniture
Petra Iron Side Table,ppr5008297264,,,160.0,160.0,160.0,160.0,ORIGINAL,False,False,available online only,False,False,original,False,True,"['Features: 4 Legs', 'Manufacturer Warranty: 90 Days', 'Shape: Square', 'Tools Required: Screws (included), Allen Wrench (included)', 'Table Measurements: 18.25 Height/Inches, 18 Width/Inches, 18 Length/Inches']",0.0,0.0,ORIGINAL,False,False,79120820018,USD,more brands,"[{'colorName': 'Black', 'swatchImageId': 'DP1010202207513163S.tif', 'colorizedImageId': 'DP1010202207512852M.tif', 'colorSeqNum': 1, 'skuId': '79120820018', 'defaultSwatch': False, 'skuAltImages': [{'imgId': 'DP1010202207512955M.tif', 'colorSeq': 0}, {'imgId': 'DP1010202207513060M.tif', 'colorSeq': 1}, {'imgId': 'DP1010202207513369M.tif', 'colorSeq': 2}]}]",/p/petra-iron-side-table/ppr5008297264?pTmplType=regular&searchTerm=patio+and+outdoor+furniture&geoZip=55057,"[{'message': 'Online Only', 'icon': 'mouse'}, {'message': 'Available for Shipping', 'icon': 'check'}]",False,791,True,144.0,144.0,GIFTWRAP,False,False,2022-10-10T22:09:34,DP1010202207512852M.tif,DP1010202207512955M.tif,,,https://www.jcpenney.com/p/petra-iron-side-table/ppr5008297264?pTmplType=regular&searchTerm=patio+and+outdoor+furniture&geoZip=55057,20251225,patio and outdoor furniture
Creekside Collection Adirondack Outdoor And Coffee Table,ppr5008187224,,,214.0,214.0,214.0,214.0,ORIGINAL,False,False,available online only,False,False,original,False,True,"['Features: Indoor/Outdoor, Quick Ship', 'Joinery: Screwed, Butt Joint', 'Manufacturer Warranty: 1 Year', 'Shape: Oval', 'Tools Required: Allen Wrench (included), Screws (included)']",0.0,0.0,ORIGINAL,False,False,79114250042,USD,more brands,"[{'colorName': 'Blue', 'swatchImageId': 'DP1130202107014443S.tif', 'colorizedImageId': 'DP1130202107014377M.tif', 'colorSeqNum': 1, 'skuId': '79114250018', 'defaultSwatch': False, 'skuAltImages': [{'imgId': 'DP1130202107014393M.tif', 'colorSeq': 0}, {'imgId': 'DP1130202107014411M.tif', 'colorSeq': 1}, {'imgId': 'DP1130202107014427M.tif', 'colorSeq': 2}]}, {'colorName': 'Red', 'swatchImageId': 'DP1130202107014446S.tif', 'colorizedImageId': 'DP1130202107014381M.tif', 'colorSeqNum': 2, 'skuId': '79114250026', 'defaultSwatch': False, 'skuAltImages': [{'imgId': 'DP1130202107014397M.tif', 'colorSeq': 0}, {'imgId': 'DP1130202107014415M.tif', 'colorSeq': 1}, {'imgId': 'DP1130202107014431M.tif', 'colorSeq': 2}]}, {'colorName': 'White', 'swatchImageId': 'DP1130202107014450S.tif', 'colorizedImageId': 'DP1130202107014385M.tif', 'colorSeqNum': 3, 'skuId': '79114250034', 'defaultSwatch': False, 'skuAltImages': [{'imgId': 'DP1130202107014402M.tif', 'colorSeq': 0}, {'imgId': 'DP1130202107014419M.tif', 'colorSeq': 1}, {'imgId': 'DP1130202107014435M.tif', 'colorSeq': 2}]}, {'colorName': 'Acorn', 'swatchImageId': 'DP1130202107014439S.tif', 'colorizedImageId': 'DP1130202107014373M.tif', 'colorSeqNum': 4, 'skuId': '79114250042', 'defaultSwatch': False, 'skuAltImages': [{'imgId': 'DP1130202107014389M.tif', 'colorSeq': 0}, {'imgId': 'DP1130202107014407M.tif', 'colorSeq': 1}, {'imgId': 'DP1130202107014423M.tif', 'colorSeq': 2}]}]",/p/creekside-collection-adirondack-outdoor-and-coffee-table/ppr5008187224?pTmplType=regular&searchTerm=patio+and+outdoor+furniture&geoZip=55057,"[{'message': 'Online Only', 'icon': 'mouse'}, {'message': 'Available for Shipping', 'icon': 'check'}]",False,791,True,192.6,192.6,GIFTWRAP,False,False,2022-01-13T21:03:35,DP1130202107014377M.tif,DP1130202107014393M.tif,,,https://www.jcpenney.com/p/creekside-collection-adirondack-outdoor-and-coffee-table/ppr5008187224?pTmplType=regular&searchTerm=patio+and+outdoor+furniture&geoZip=55057,20251225,patio and outdoor furniture
Safavieh Kiraya Papasan Chair,ppr5008349106,,,770.0,770.0,770.0,770.0,ORIGINAL,False,False,available online only,False,False,original,False,True,"['Included: 1 Seat Cushion(s), 1 Chair(s)', 'Features: Rocking', 'Joinery: Screwed', 'Seating Capacity: 1', 'Tools Required: Screws (included)']",0.0,0.0,ORIGINAL,False,False,79123460018,USD,safavieh,"[{'colorName': 'Brown Grey', 'swatchImageId': 'DP0405202311150021S.tif', 'colorizedImageId': 'DP0405202311145606M.tif', 'colorSeqNum': 1, 'skuId': '79123460018', 'defaultSwatch': False, 'skuAltImages': [{'imgId': 'DP0405202311145711M.tif', 'colorSeq': 0}, {'imgId': 'DP0405202311145814M.tif', 'colorSeq': 1}, {'imgId': 'DP0405202311150229M.tif', 'colorSeq': 2}]}]",/p/safavieh-kiraya-papasan-chair/ppr5008349106?pTmplType=regular&searchTerm=patio+and+outdoor+furniture&geoZip=55057,"[{'message': 'Online Only', 'icon': 'mouse'}, {'message': 'Available for Shipping', 'icon': 'check'}]",False,791,True,577.5,577.5,RECLINER,False,False,2023-04-05T22:05:47,DP0405202311145606M.tif,DP0405202311145711M.tif,,,https://www.jcpenney.com/p/safavieh-kiraya-papasan-chair/ppr5008349106?pTmplType=regular&searchTerm=patio+and+outdoor+furniture&geoZip=55057,20251225,patio and outdoor furniture
Dominion Casual 3-pc. Bistro Set,ppr5008234188,,,2200.0,2200.0,2200.0,2200.0,ORIGINAL,False,False,available online only,False,False,original,False,True,"['# Pieces In Set: 3', 'Included: 2 Chair(s), 2 Seat Back Cushion(s), 1 Coffee Table(s)', 'Features: Storage, Outdoor, Quick Ship, Waterproof, Weather Resistant, Cushioned, 4 Legs', 'Manufacturer Warranty: 1 Year', 'Seating Capacity: 2']",0.0,0.0,ORIGINAL,False,False,79115310026,USD,more brands,"[{'colorName': 'Natural Tone', 'swatchImageId': 'DP0418202215010295S.tif', 'colorizedImageId': 'DP0418202215010284M.tif', 'colorSeqNum': 1, 'skuId': '79115310026', 'defaultSwatch': False, 'skuAltImages': [{'imgId': 'DP0418202215010303M.tif', 'colorSeq': 0}, {'imgId': 'DP0418202215010288M.tif', 'colorSeq': 1}, {'imgId': 'DP0418202215010306M.tif', 'colorSeq': 2}]}]",/p/dominion-casual-3-pc-bistro-set/ppr5008234188?pTmplType=regular&searchTerm=patio+and+outdoor+furniture&geoZip=55057,"[{'message': 'Online Only', 'icon': 'mouse'}, {'message': 'Available for Shipping', 'icon': 'check'}]",False,791,True,1650.0,1650.0,RECLINER,False,False,2022-04-18T22:06:14,DP0418202215010284M.tif,DP0418202215010303M.tif,,,https://www.jcpenney.com/p/dominion-casual-3-pc-bistro-set/ppr5008234188?pTmplType=regular&searchTerm=patio+and+outdoor+furniture&geoZip=55057,20251225,patio and outdoor furniture
Safavieh Valton Collection Weather Resistant Concrete Side Table,ppr5008094083,,,510.0,510.0,510.0,510.0,ORIGINAL,False,False,available online only,False,False,original,False,True,"['Included: 1 Table(s)', 'Features: Weather Resistant, Quick Ship', 'Joinery: Nailed, Glued, Screwed', 'Shape: Round', 'Maximum Weight Limit: 30 Lbs']",0.0,0.0,ORIGINAL,False,False,79109630026,USD,safavieh,"[{'colorName': 'Natural Black', 'swatchImageId': 'DP0310202111020892S.tif', 'colorizedImageId': 'DP0310202111020884M.tif', 'colorSeqNum': 1, 'skuId': '79109630018', 'defaultSwatch': False, 'skuAltImages': [{'imgId': 'DP0310202111020906M.tif', 'colorSeq': 0}, {'imgId': 'DP0310202111020914M.tif', 'colorSeq': 1}, {'imgId': 'DP0310202111020923M.tif', 'colorSeq': 2}]}, {'colorName': 'Natural Light Grey', 'swatchImageId': 'DP0310202111020896S.tif', 'colorizedImageId': 'DP0310202111020888M.tif', 'colorSeqNum': 2, 'skuId': '79109630026', 'defaultSwatch': False, 'skuAltImages': [{'imgId': 'DP0310202111020910M.tif', 'colorSeq': 0}, {'imgId': 'DP0310202111020917M.tif', 'colorSeq': 1}, {'imgId': 'DP0310202107032673M.tif', 'colorSeq': 2}]}]",/p/safavieh-valton-collection-weather-resistant-concrete-side-table/ppr5008094083?pTmplType=regular&searchTerm=patio+and+outdoor+furniture&geoZip=55057,"[{'message': 'Online Only', 'icon': 'mouse'}, {'message': 'Available for Shipping', 'icon': 'check'}]",False,791,True,459.0,459.0,GIFTWRAP,False,False,2021-03-10T22:04:06,DP0310202111020884M.tif,DP0310202111020906M.tif,,,https://www.jcpenney.com/p/safavieh-valton-collection-weather-resistant-concrete-side-table/ppr5008094083?pTmplType=regular&searchTerm=patio+and+outdoor+furniture&geoZip=55057,20251225,patio and outdoor furniture
Safavieh Beson 7-pc. Cushioned Rectangular Dining Set,ppr5008445654,,,2400.0,2400.0,2400.0,2400.0,ORIGINAL,False,False,available online only,False,False,original,False,True,"['# Pieces In Set: 7', 'Included: 6 Seat Cushion(s), 1 Table(s), 6 Chair(s)', 'Features: Cushioned, Quick Ship', 'Joinery: Screwed', 'Seating Capacity: 6']",0.0,0.0,ORIGINAL,False,False,79130660018,USD,safavieh,"[{'colorName': 'Natural White', 'swatchImageId': 'DP0423202407113283S.tif', 'colorizedImageId': 'DP0423202407112672M.tif', 'colorSeqNum': 1, 'skuId': '79130660018', 'defaultSwatch': False, 'skuAltImages': [{'imgId': 'DP0423202407112977M.tif', 'colorSeq': 0}, {'imgId': 'DP0423202407114202M.tif', 'colorSeq': 1}, {'imgId': 'DP0423202407113894M.tif', 'colorSeq': 2}]}, {'colorName': 'Natural Navy', 'swatchImageId': 'DP0423202407113181S.tif', 'colorizedImageId': 'DP0423202407112570M.tif', 'colorSeqNum': 2, 'skuId': '79130660026', 'defaultSwatch': False, 'skuAltImages': [{'imgId': 'DP0423202407112875M.tif', 'colorSeq': 0}, {'imgId': 'DP0423202407114099M.tif', 'colorSeq': 1}, {'imgId': 'DP0423202407113793M.tif', 'colorSeq': 2}]}, {'colorName': 'Natural Beige', 'swatchImageId': 'DP0423202407113080S.tif', 'colorizedImageId': 'DP0423202407112468M.tif', 'colorSeqNum': 3, 'skuId': '79130660034', 'defaultSwatch': False, 'skuAltImages': [{'imgId': 'DP0423202407112773M.tif', 'colorSeq': 0}, {'imgId': 'DP0423202407113996M.tif', 'colorSeq': 1}, {'imgId': 'DP0423202407113691M.tif', 'colorSeq': 2}]}]",/p/safavieh-beson-7-pc-cushioned-rectangular-dining-set/ppr5008445654?pTmplType=regular&searchTerm=patio+and+outdoor+furniture&geoZip=55057,"[{'message': 'Online Only', 'icon': 'mouse'}, {'message': 'Available for Shipping', 'icon': 'check'}]",False,791,True,1800.0,1800.0,RECLINER,False,False,2024-04-23T22:02:56,DP0423202407112672M.tif,DP0423202407112977M.tif,,,https://www.jcpenney.com/p/safavieh-beson-7-pc-cushioned-rectangular-dining-set/ppr5008445654?pTmplType=regular&searchTerm=patio+and+outdoor+furniture&geoZip=55057,20251225,patio and outdoor furniture
Safavieh Ferla Patio Collection 3-pc. Bistro Set,ppr5008095970,,,1050.0,1050.0,1050.0,1050.0,ORIGINAL,False,False,available online only,False,False,original,False,True,"['# Pieces In Set: 3', 'Included: 2 Chair(s), 2 Seat Cushion(s), 1 Table(s)', 'Features: Quick Ship, Weather Resistant, Removable Cushions', 'Joinery: Screwed, Nailed', 'Seating Capacity: 2']",0.0,0.0,ORIGINAL,False,False,79110990018,USD,safavieh,"[{'colorName': 'Natural Beige', 'swatchImageId': 'DP0317202107031683S.tif', 'colorizedImageId': 'DP0317202107031678M.tif', 'colorSeqNum': 1, 'skuId': '79110990018', 'defaultSwatch': False, 'skuAltImages': [{'imgId': 'DP0316202107031623M.tif', 'colorSeq': 0}, {'imgId': 'DP0316202107031627M.tif', 'colorSeq': 1}, {'imgId': 'DP0316202107031631M.tif', 'colorSeq': 6}]}, {'colorName': 'Natural Navy', 'swatchImageId': 'DP0903202409151580S.tif', 'colorizedImageId': 'DP0903202409151478M.tif', 'colorSeqNum': 2, 'skuId': '79110990026', 'defaultSwatch': False, 'skuAltImages': [{'imgId': 'DP0903202409151784M.tif', 'colorSeq': 0}, {'imgId': 'DP0903202409151987M.tif', 'colorSeq': 1}, {'imgId': 'DP0903202409152192M.tif', 'colorSeq': 2}]}]",/p/safavieh-ferla-patio-collection-3-pc-bistro-set/ppr5008095970?pTmplType=regular&searchTerm=patio+and+outdoor+furniture&geoZip=55057,"[{'message': 'Online Only', 'icon': 'mouse'}, {'message': 'Available for Shipping', 'icon': 'check'}]",False,791,True,787.5,787.5,RECLINER,False,False,2021-03-16T22:02:47,DP0317202107031678M.tif,DP0316202107031623M.tif,,,https://www.jcpenney.com/p/safavieh-ferla-patio-collection-3-pc-bistro-set/ppr5008095970?pTmplType=regular&searchTerm=patio+and+outdoor+furniture&geoZip=55057,20251225,patio and outdoor furniture
Safavieh Torsla 4-pc. Conversation Set Cushioned,ppr5008448290,,,1730.0,1730.0,1730.0,1730.0,ORIGINAL,False,False,available online only,False,False,original,False,True,"['# Pieces In Set: 4', 'Included: 3 Seat Cushion(s), 1 Table(s)', 'Features: Quick Ship, Cushioned', 'Joinery: Screwed', 'Seating Capacity: 4']",0.0,0.0,ORIGINAL,False,False,79130960018,USD,safavieh,"[{'colorName': 'Grey Beige', 'swatchImageId': 'DP0423202409181895S.tif', 'colorizedImageId': 'DP0423202409180976M.tif', 'colorSeqNum': 1, 'skuId': '79130960018', 'defaultSwatch': False, 'skuAltImages': [{'imgId': 'DP0423202409181283M.tif', 'colorSeq': 0}, {'imgId': 'DP0423202409182815M.tif', 'colorSeq': 1}, {'imgId': 'DP0423202409182510M.tif', 'colorSeq': 2}]}, {'colorName': 'Black Beige', 'swatchImageId': 'DP0423202409181690S.tif', 'colorizedImageId': 'DP0423202409180771M.tif', 'colorSeqNum': 2, 'skuId': '79130960026', 'defaultSwatch': False, 'skuAltImages': [{'imgId': 'DP0423202409181078M.tif', 'colorSeq': 0}, {'imgId': 'DP0423202409182612M.tif', 'colorSeq': 1}, {'imgId': 'DP0423202409182306M.tif', 'colorSeq': 2}]}, {'colorName': 'Grey', 'swatchImageId': 'DP0423202409181792S.tif', 'colorizedImageId': 'DP0423202409180874M.tif', 'colorSeqNum': 3, 'skuId': '79130960034', 'defaultSwatch': False, 'skuAltImages': [{'imgId': 'DP0423202409181180M.tif', 'colorSeq': 0}, {'imgId': 'DP0423202409182713M.tif', 'colorSeq': 1}, {'imgId': 'DP0423202409182407M.tif', 'colorSeq': 2}]}]",/p/safavieh-torsla-4-pc-conversation-set-cushioned/ppr5008448290?pTmplType=regular&searchTerm=patio+and+outdoor+furniture&geoZip=55057,"[{'message': 'Online Only', 'icon': 'mouse'}, {'message': 'Available for Shipping', 'icon': 'check'}]",False,791,True,1297.5,1297.5,RECLINER,False,False,2024-04-23T22:03:58,DP0423202409180976M.tif,DP0423202409181283M.tif,,,https://www.jcpenney.com/p/safavieh-torsla-4-pc-conversation-set-cushioned/ppr5008448290?pTmplType=regular&searchTerm=patio+and+outdoor+furniture&geoZip=55057,20251225,patio and outdoor furniture
Safavieh Nason 4-pc. Conversation Set Cushioned,ppr5008448167,,,1960.0,1960.0,1960.0,1960.0,ORIGINAL,False,False,available online only,False,False,original,False,True,"['# Pieces In Set: 4', 'Included: 1 Bench(es)', 'Features: Cushioned', 'Joinery: Screwed', 'Seating Capacity: 4']",0.0,0.0,ORIGINAL,False,False,79131030059,USD,safavieh,"[{'colorName': 'White Navy', 'swatchImageId': 'DP0428202407031303S.tif', 'colorizedImageId': 'DP0428202407030693M.tif', 'colorSeqNum': 1, 'skuId': '79131030034', 'defaultSwatch': False, 'skuAltImages': [{'imgId': 'DP0428202407030997M.tif', 'colorSeq': 0}, {'imgId': 'DP0428202407032119M.tif', 'colorSeq': 1}, {'imgId': 'DP0428202407031813M.tif', 'colorSeq': 2}]}, {'colorName': 'White Black', 'swatchImageId': 'DP0428202407031201S.tif', 'colorizedImageId': 'DP0428202407030591M.tif', 'colorSeqNum': 2, 'skuId': '79131030042', 'defaultSwatch': False, 'skuAltImages': [{'imgId': 'DP0428202407030896M.tif', 'colorSeq': 0}, {'imgId': 'DP0428202407032017M.tif', 'colorSeq': 1}, {'imgId': 'DP0428202407031712M.tif', 'colorSeq': 2}]}, {'colorName': 'White Teal', 'swatchImageId': 'DP0428202407031404S.tif', 'colorizedImageId': 'DP0428202407030794M.tif', 'colorSeqNum': 3, 'skuId': '79131030059', 'defaultSwatch': False, 'skuAltImages': [{'imgId': 'DP0428202407031099M.tif', 'colorSeq': 0}, {'imgId': 'DP0428202407032221M.tif', 'colorSeq': 1}, {'imgId': 'DP0428202407031915M.tif', 'colorSeq': 2}]}]",/p/safavieh-nason-4-pc-conversation-set-cushioned/ppr5008448167?pTmplType=regular&searchTerm=patio+and+outdoor+furniture&geoZip=55057,"[{'message': 'Online Only', 'icon': 'mouse'}, {'message': 'Available for Shipping', 'icon': 'check'}]",False,791,True,1470.0,1470.0,RECLINER,False,False,2024-04-25T22:02:58,DP0428202407030693M.tif,DP0428202407030997M.tif,,,https://www.jcpenney.com/p/safavieh-nason-4-pc-conversation-set-cushioned/ppr5008448167?pTmplType=regular&searchTerm=patio+and+outdoor+furniture&geoZip=55057,20251225,patio and outdoor furniture
Safavieh 4-pc. Conversation Set Weather Resistant,ppr5008240298,,,1330.0,1330.0,1330.0,1330.0,ORIGINAL,False,False,available online only,False,False,original,False,True,"['# Pieces In Set: 4', 'Included: 3 Seat Cushion(s), 3 Seat Back Cushion(s), 1 Loveseat(s), 2 Chair(s), 1 Coffee Table(s)', 'Features: Weather Resistant, Quick Ship', 'Joinery: Nailed, Screwed, Welded Joint', 'Seating Capacity: 4']",0.0,0.0,ORIGINAL,False,False,79116760018,USD,safavieh,"[{'colorName': 'Black White', 'swatchImageId': 'DP0422202207055210S.tif', 'colorizedImageId': 'DP0422202207055191M.tif', 'colorSeqNum': 1, 'skuId': '79116760018', 'defaultSwatch': False, 'skuAltImages': [{'imgId': 'DP0422202207055199M.tif', 'colorSeq': 0}, {'imgId': 'DP0422202207055203M.tif', 'colorSeq': 1}, {'imgId': 'DP0422202207055225M.tif', 'colorSeq': 2}]}, {'colorName': 'Beige White', 'swatchImageId': 'DP0422202207055208S.tif', 'colorizedImageId': 'DP0422202207055189M.tif', 'colorSeqNum': 2, 'skuId': '79116760026', 'defaultSwatch': False, 'skuAltImages': [{'imgId': 'DP0422202207055197M.tif', 'colorSeq': 0}, {'imgId': 'DP0422202207055224M.tif', 'colorSeq': 1}, {'imgId': 'DP0422202207055219M.tif', 'colorSeq': 2}]}, {'colorName': 'Brown White', 'swatchImageId': 'DP0422202207055211S.tif', 'colorizedImageId': 'DP0422202207055193M.tif', 'colorSeqNum': 3, 'skuId': '79116760034', 'defaultSwatch': False, 'skuAltImages': [{'imgId': 'DP0422202207055200M.tif', 'colorSeq': 0}, {'imgId': 'DP0422202207055205M.tif', 'colorSeq': 1}, {'imgId': 'DP0422202207055227M.tif', 'colorSeq': 2}]}]",/p/safavieh-4-pc-conversation-set-weather-resistant/ppr5008240298?pTmplType=regular&searchTerm=patio+and+outdoor+furniture&geoZip=55057,"[{'message': 'Online Only', 'icon': 'mouse'}, {'message': 'Available for Shipping', 'icon': 'check'}]",False,791,True,997.5,997.5,RECLINER,False,False,2022-04-22T22:03:32,DP0422202207055191M.tif,DP0422202207055199M.tif,,,https://www.jcpenney.com/p/safavieh-4-pc-conversation-set-weather-resistant/ppr5008240298?pTmplType=regular&searchTerm=patio+and+outdoor+furniture&geoZip=55057,20251225,patio and outdoor furniture
Safavieh Piscataway 12-pc. Conversation Set Cushioned,ppr5008366814,,,1880.0,1880.0,1880.0,1880.0,ORIGINAL,False,False,available online only,False,False,original,False,True,"['# Pieces In Set: 12', 'Included: 1 Table(s), 4 Seat Cushion(s), 4 Seat Back Cushion(s), 2 Chair(s), 1 Bench(es)', 'Features: Cushioned', 'Joinery: Screwed', 'Seating Capacity: 4']",0.0,0.0,ORIGINAL,False,False,79125160018,USD,safavieh,"[{'colorName': 'Black Grey', 'swatchImageId': 'DP0609202309064246S.tif', 'colorizedImageId': 'DP0609202309064039M.tif', 'colorSeqNum': 1, 'skuId': '79125160018', 'defaultSwatch': False, 'skuAltImages': [{'imgId': 'DP0609202309063935M.tif', 'colorSeq': 0}, {'imgId': 'DP0609202309063729M.tif', 'colorSeq': 1}]}, {'colorName': 'Brown Beige', 'swatchImageId': 'DP0609202309064349S.tif', 'colorizedImageId': 'DP0609202309064142M.tif', 'colorSeqNum': 2, 'skuId': '79125160026', 'defaultSwatch': False, 'skuAltImages': [{'imgId': 'DP0609202309063832M.tif', 'colorSeq': 0}]}]",/p/safavieh-piscataway-12-pc-conversation-set-cushioned/ppr5008366814?pTmplType=regular&searchTerm=patio+and+outdoor+furniture&geoZip=55057,"[{'message': 'Online Only', 'icon': 'mouse'}, {'message': 'Available for Shipping', 'icon': 'check'}]",False,791,True,1410.0,1410.0,RECLINER,False,False,2023-06-06T22:03:04,DP0609202309064039M.tif,DP0609202309063935M.tif,,,https://www.jcpenney.com/p/safavieh-piscataway-12-pc-conversation-set-cushioned/ppr5008366814?pTmplType=regular&searchTerm=patio+and+outdoor+furniture&geoZip=55057,20251225,patio and outdoor furniture
Safavieh Colfax 13-pc. Conversation Set Cushioned,ppr5008366807,,,1640.0,1640.0,1640.0,1640.0,ORIGINAL,False,False,available online only,False,False,original,False,True,"['# Pieces In Set: 13', 'Included: 4 Seat Cushion(s), 4 Chair(s), 1 Table(s), 4 Seat Back Cushion(s)', 'Features: Cushioned', 'Joinery: Screwed', 'Seating Capacity: 4']",0.0,0.0,ORIGINAL,False,False,79125090018,USD,safavieh,"[{'colorName': 'Beige', 'swatchImageId': 'DP0609202309035201S.tif', 'colorizedImageId': 'DP0609202309034787M.tif', 'colorSeqNum': 1, 'skuId': '79125090018', 'defaultSwatch': False, 'skuAltImages': [{'imgId': 'DP0609202309034994M.tif', 'colorSeq': 0}, {'imgId': 'DP0609202309034374M.tif', 'colorSeq': 1}, {'imgId': 'DP0609202309035304M.tif', 'colorSeq': 2}]}, {'colorName': 'Ash Grey', 'swatchImageId': 'DP0609202309035098S.tif', 'colorizedImageId': 'DP0609202309034684M.tif', 'colorSeqNum': 2, 'skuId': '79125090026', 'defaultSwatch': False, 'skuAltImages': [{'imgId': 'DP0609202309034891M.tif', 'colorSeq': 0}, {'imgId': 'DP0609202309034271M.tif', 'colorSeq': 1}, {'imgId': 'DP0609202309034478M.tif', 'colorSeq': 2}]}]",/p/safavieh-colfax-13-pc-conversation-set-cushioned/ppr5008366807?pTmplType=regular&searchTerm=patio+and+outdoor+furniture&geoZip=55057,"[{'message': 'Online Only', 'icon': 'mouse'}, {'message': 'Available for Shipping', 'icon': 'check'}]",False,791,True,1230.0,1230.0,RECLINER,False,False,2023-06-06T22:02:59,DP0609202309034787M.tif,DP0609202309034994M.tif,,,https://www.jcpenney.com/p/safavieh-colfax-13-pc-conversation-set-cushioned/ppr5008366807?pTmplType=regular&searchTerm=patio+and+outdoor+furniture&geoZip=55057,20251225,patio and outdoor furniture
Safavieh Chaston 4-pc. Conversation Set Cushioned,ppr5008448184,,,1800.0,1800.0,1800.0,1800.0,ORIGINAL,False,False,available online only,False,False,original,False,True,"['# Pieces In Set: 4', 'Included: 1 Table(s), 4 Throw Pillow(s), 3 Seat Back Cushion(s), 1 Bench(es), 3 Seat Cushion(s)', 'Features: Cushioned, Quick Ship', 'Joinery: Screwed', 'Seating Capacity: 4']",0.0,0.0,ORIGINAL,False,False,79131370018,USD,safavieh,"[{'colorName': 'Black Beige', 'swatchImageId': 'DP0428202407055197S.tif', 'colorizedImageId': 'DP0428202407054789M.tif', 'colorSeqNum': 1, 'skuId': '79131370018', 'defaultSwatch': False, 'skuAltImages': [{'imgId': 'DP0428202407055400M.tif', 'colorSeq': 0}, {'imgId': 'DP0428202407055298M.tif', 'colorSeq': 1}, {'imgId': 'DP0428202407054890M.tif', 'colorSeq': 2}]}]",/p/safavieh-chaston-4-pc-conversation-set-cushioned/ppr5008448184?pTmplType=regular&searchTerm=patio+and+outdoor+furniture&geoZip=55057,"[{'message': 'Online Only', 'icon': 'mouse'}, {'message': 'Available for Shipping', 'icon': 'check'}]",False,791,True,1350.0,1350.0,RECLINER,False,False,2024-04-25T22:03:03,DP0428202407054789M.tif,DP0428202407055400M.tif,,,https://www.jcpenney.com/p/safavieh-chaston-4-pc-conversation-set-cushioned/ppr5008448184?pTmplType=regular&searchTerm=patio+and+outdoor+furniture&geoZip=55057,20251225,patio and outdoor furniture
Safavieh Chaston 4-pc. Conversation Set Cushioned,ppr5008448179,,,1800.0,1800.0,1800.0,1800.0,ORIGINAL,False,False,available online only,False,False,original,False,True,"['# Pieces In Set: 4', 'Included: 3 Seat Cushion(s), 1 Bench(es), 2 Chair(s), 4 Throw Pillow(s), 3 Seat Back Cushion(s), 1 Table(s)', 'Features: Cushioned, Quick Ship', 'Joinery: Screwed', 'Seating Capacity: 4']",0.0,0.0,ORIGINAL,False,False,79131320018,USD,safavieh,"[{'colorName': 'Gray White Blue', 'swatchImageId': 'DP0428202407050203S.tif', 'colorizedImageId': 'DP0428202407050101M.tif', 'colorSeqNum': 1, 'skuId': '79131320018', 'defaultSwatch': False, 'skuAltImages': [{'imgId': 'DP0428202407050509M.tif', 'colorSeq': 0}, {'imgId': 'DP0428202407050407M.tif', 'colorSeq': 1}, {'imgId': 'DP0428202407050000M.tif', 'colorSeq': 2}]}]",/p/safavieh-chaston-4-pc-conversation-set-cushioned/ppr5008448179?pTmplType=regular&searchTerm=patio+and+outdoor+furniture&geoZip=55057,"[{'message': 'Online Only', 'icon': 'mouse'}, {'message': 'Available for Shipping', 'icon': 'check'}]",False,791,True,1350.0,1350.0,RECLINER,False,False,2024-04-25T22:03:01,DP0428202407050101M.tif,DP0428202407050509M.tif,,,https://www.jcpenney.com/p/safavieh-chaston-4-pc-conversation-set-cushioned/ppr5008448179?pTmplType=regular&searchTerm=patio+and+outdoor+furniture&geoZip=55057,20251225,patio and outdoor furniture
Sherwood 4-pc. Conversation Set Weather Resistant,ppr5008431462,,,2170.0,2170.0,2170.0,2170.0,ORIGINAL,False,False,available online only,False,False,original,False,True,"['# Pieces In Set: 4', 'Included: 3 Seat Cushion(s), 3 Loveseat(s), 4 Seat Back Cushion(s), 1 Coffee Table(s)', 'Features: Weather Resistant, Removable Cushions, Quick Ship', 'Manufacturer Warranty: 90 Days Limited', 'Seating Capacity: 4']",0.0,0.0,ORIGINAL,False,False,79130000018,USD,more brands,"[{'colorName': 'Dark Gray', 'swatchImageId': 'DP0209202413081572S.tif', 'colorizedImageId': 'DP0326202407041062M.tif', 'colorSeqNum': 1, 'skuId': '79130000018', 'defaultSwatch': False, 'skuAltImages': [{'imgId': 'DP0326202407041164M.tif', 'colorSeq': 0}, {'imgId': 'DP0326202407040858M.tif', 'colorSeq': 2}, {'imgId': 'DP0326202407041266M.tif', 'colorSeq': 4}]}]",/p/sherwood-4-pc-conversation-set-weather-resistant/ppr5008431462?pTmplType=regular&searchTerm=patio+and+outdoor+furniture&geoZip=55057,"[{'message': 'Online Only', 'icon': 'mouse'}, {'message': 'Available for Shipping', 'icon': 'check'}]",False,791,True,1627.5,1627.5,RECLINER,False,False,2024-03-21T07:29:42,DP0326202407041062M.tif,DP0326202407041164M.tif,,,https://www.jcpenney.com/p/sherwood-4-pc-conversation-set-weather-resistant/ppr5008431462?pTmplType=regular&searchTerm=patio+and+outdoor+furniture&geoZip=55057,20251225,patio and outdoor furniture
Walker Edison 6-pc. Conversation Set,ppr5008399896,,,2170.0,2170.0,2170.0,2170.0,ORIGINAL,False,False,available online only,False,False,original,False,True,"['# Pieces In Set: 6', 'Included: 2 Seat Back Cushion(s), 1 Chair(s), 1 Chairside Table(s), 2 Seat Cushion(s)', 'Features: Quick Ship', 'Joinery: Screwed', 'Manufacturer Warranty: 90 Days Limited']",0.0,0.0,ORIGINAL,False,False,79128200018,USD,walker edison,"[{'colorName': 'Brown', 'swatchImageId': 'DP1010202315072300S.tif', 'colorizedImageId': 'DP1010202315071887M.tif', 'colorSeqNum': 1, 'skuId': '79128200018', 'defaultSwatch': False, 'skuAltImages': [{'imgId': 'DP1010202315072094M.tif', 'colorSeq': 0}, {'imgId': 'DP1010202315071784M.tif', 'colorSeq': 1}]}]",/p/walker-edison-6-pc-conversation-set/ppr5008399896?pTmplType=regular&searchTerm=patio+and+outdoor+furniture&geoZip=55057,"[{'message': 'Online Only', 'icon': 'mouse'}, {'message': 'Available for Shipping', 'icon': 'check'}]",False,791,True,1627.5,1627.5,RECLINER,False,False,2023-11-09T17:05:35,DP1010202315071887M.tif,DP1010202315072094M.tif,,,https://www.jcpenney.com/p/walker-edison-6-pc-conversation-set/ppr5008399896?pTmplType=regular&searchTerm=patio+and+outdoor+furniture&geoZip=55057,20251225,patio and outdoor furniture
Alcove 5-pc. Conversation Set,ppr5008376348,,,1940.0,1940.0,1940.0,1940.0,ORIGINAL,False,False,available online only,False,False,original,False,True,"['# Pieces In Set: 5', 'Included: 1 Ottoman(s), 3 Chair(s), 1 Table(s)', 'Features: Quick Ship, Water Resistant, Upholstered, 4 Legs', 'Manufacturer Warranty: 90 Days Limited', 'Seating Capacity: 3']",0.0,0.0,ORIGINAL,False,False,79127190018,USD,more brands,"[{'colorName': 'Dark Gray', 'swatchImageId': 'DP0705202307195901S.tif', 'colorizedImageId': 'DP0705202307195695M.tif', 'colorSeqNum': 1, 'skuId': '79127190018', 'defaultSwatch': False, 'skuAltImages': [{'imgId': 'DP0705202307195798M.tif', 'colorSeq': 0}, {'imgId': 'DP0705202307195592M.tif', 'colorSeq': 1}, {'imgId': 'DP0705202307195489M.tif', 'colorSeq': 2}]}]",/p/alcove-5-pc-conversation-set/ppr5008376348?pTmplType=regular&searchTerm=patio+and+outdoor+furniture&geoZip=55057,"[{'message': 'Online Only', 'icon': 'mouse'}, {'message': 'Available for Shipping', 'icon': 'check'}]",False,791,True,1455.0,1455.0,RECLINER,False,False,2023-07-10T07:08:27,DP0705202307195695M.tif,DP0705202307195798M.tif,"[{'name': 'Few Left', 'priority': 1, 'urlParam': 'fewleft'}]",,https://www.jcpenney.com/p/alcove-5-pc-conversation-set/ppr5008376348?pTmplType=regular&searchTerm=patio+and+outdoor+furniture&geoZip=55057,20251225,patio and outdoor furniture
Cape 5-pc. Conversation Set,ppr5008376299,,,5890.0,5890.0,5890.0,5890.0,ORIGINAL,False,False,available online only,False,False,original,False,True,"['# Pieces In Set: 5', 'Included: 2 Loveseat(s), 1 Table(s), 2 Chair(s)', 'Features: Water Resistant, Removable Cushions', 'Manufacturer Warranty: 90 Days Limited', 'Seating Capacity: 8']",0.0,0.0,ORIGINAL,False,False,79126800018,USD,more brands,"[{'colorName': 'Khaki Silver', 'swatchImageId': 'DP0705202307130845S.tif', 'colorizedImageId': 'DP0705202307125814M.tif', 'colorSeqNum': 1, 'skuId': '79126800018', 'defaultSwatch': False, 'skuAltImages': [{'imgId': 'DP0705202307130123M.tif', 'colorSeq': 0}, {'imgId': 'DP0705202307130226M.tif', 'colorSeq': 1}, {'imgId': 'DP0705202307130329M.tif', 'colorSeq': 2}]}]",/p/cape-5-pc-conversation-set/ppr5008376299?pTmplType=regular&searchTerm=patio+and+outdoor+furniture&geoZip=55057,"[{'message': 'Online Only', 'icon': 'mouse'}, {'message': 'Available for Shipping', 'icon': 'check'}]",False,791,True,4417.5,4417.5,RECLINER,False,False,2023-07-10T07:08:28,DP0705202307125814M.tif,DP0705202307130123M.tif,,,https://www.jcpenney.com/p/cape-5-pc-conversation-set/ppr5008376299?pTmplType=regular&searchTerm=patio+and+outdoor+furniture&geoZip=55057,20251225,patio and outdoor furniture
Safavieh Shawmont 7-pc. Conversation Set Cushioned,ppr5008366815,,,1380.0,1380.0,1380.0,1380.0,ORIGINAL,False,False,available online only,False,False,original,False,True,"['# Pieces In Set: 7', 'Included: 1 Bench(es)', 'Features: Cushioned', 'Joinery: Screwed', 'Seating Capacity: 4']",0.0,0.0,ORIGINAL,False,False,79125170018,USD,safavieh,"[{'colorName': 'Grey Beige', 'swatchImageId': 'DP0609202309064659S.tif', 'colorizedImageId': 'DP0609202309064453M.tif', 'colorSeqNum': 1, 'skuId': '79125170018', 'defaultSwatch': False, 'skuAltImages': [{'imgId': 'DP0609202309064556M.tif', 'colorSeq': 0}]}]",/p/safavieh-shawmont-7-pc-conversation-set-cushioned/ppr5008366815?pTmplType=regular&searchTerm=patio+and+outdoor+furniture&geoZip=55057,"[{'message': 'Online Only', 'icon': 'mouse'}, {'message': 'Available for Shipping', 'icon': 'check'}]",False,791,True,1035.0,1035.0,RECLINER,False,False,2023-06-06T22:03:04,DP0609202309064453M.tif,DP0609202309064556M.tif,,,https://www.jcpenney.com/p/safavieh-shawmont-7-pc-conversation-set-cushioned/ppr5008366815?pTmplType=regular&searchTerm=patio+and+outdoor+furniture&geoZip=55057,20251225,patio and outdoor furniture
Lardner Patio Collection 3-pc. Conversation Set,ppr5008099334,,,1800.0,1800.0,1800.0,1800.0,ORIGINAL,False,False,available online only,False,False,original,False,True,"['# Pieces In Set: 3', 'Included: 1 Table(s), 2 Seat Cushion(s), 4 Seat Back Cushion(s), 2 Loveseat(s)', 'Features: Weather Resistant, Removable Cushions, Quick Ship', 'Joinery: Screwed, Nailed', 'Seating Capacity: 4']",0.0,0.0,ORIGINAL,False,False,79111590018,USD,safavieh,"[{'colorName': 'Slate Grey Beige', 'swatchImageId': 'DP0324202115020566S.tif', 'colorizedImageId': 'DP0324202115020545M.tif', 'colorSeqNum': 1, 'skuId': '79111590018', 'defaultSwatch': False, 'skuAltImages': [{'imgId': 'DP0324202115020556M.tif', 'colorSeq': 0}, {'imgId': 'DP0324202115020594M.tif', 'colorSeq': 1}, {'imgId': 'DP0324202115020585M.tif', 'colorSeq': 2}]}]",/p/lardner-patio-collection-3-pc-conversation-set/ppr5008099334?pTmplType=regular&searchTerm=patio+and+outdoor+furniture&geoZip=55057,"[{'message': 'Online Only', 'icon': 'mouse'}, {'message': 'Available for Shipping', 'icon': 'check'}]",False,791,True,1350.0,1350.0,RECLINER,False,False,2021-03-24T22:04:30,DP0324202115020545M.tif,DP0324202115020556M.tif,,,https://www.jcpenney.com/p/lardner-patio-collection-3-pc-conversation-set/ppr5008099334?pTmplType=regular&searchTerm=patio+and+outdoor+furniture&geoZip=55057,20251225,patio and outdoor furniture
Linum Home Textiles Personalized Chaise Lounge Cover With Side Pocket Chair Protector,ppr5008614048,,,104.99,104.99,150.0,150.0,SALE,False,False,available online only,False,False,original,False,True,"['Features: Washable, Pocket', 'Measurements: 32 Width/Inches, 102 Length/Inches', 'Base Material: 100% Cotton', 'Fiber Content: 100% Cotton', 'Care: Tumble Dry, Machine Wash, Do Not Bleach']",0.0,0.0,SALE,False,False,70909230125,USD,more brands,"[{'colorName': 'White Navy Z', 'swatchImageId': 'DP1003202507151905S.tif', 'colorizedImageId': 'DP1003202507145189M.tif', 'colorSeqNum': 1, 'skuId': '70909290042', 'defaultSwatch': False, 'skuAltImages': [{'imgId': 'DP1003202507142366M.tif', 'colorSeq': 0}]}, {'colorName': 'White Navy G', 'swatchImageId': 'DP1003202507145919S.tif', 'colorizedImageId': 'DP1003202507143202M.tif', 'colorSeqNum': 2, 'skuId': '70909290018', 'defaultSwatch': False, 'skuAltImages': [{'imgId': 'DP1003202507140380M.tif', 'colorSeq': 0}]}, {'colorName': 'White Navy H', 'swatchImageId': 'DP1003202507150025S.tif', 'colorizedImageId': 'DP1003202507143307M.tif', 'colorSeqNum': 3, 'skuId': '70909290026', 'defaultSwatch': False, 'skuAltImages': [{'imgId': 'DP1003202507140485M.tif', 'colorSeq': 0}]}, {'colorName': 'White Navy I', 'swatchImageId': 'DP1003202507150133S.tif', 'colorizedImageId': 'DP1003202507143412M.tif', 'colorSeqNum': 4, 'skuId': '70909290034', 'defaultSwatch': False, 'skuAltImages': [{'imgId': 'DP1003202507140589M.tif', 'colorSeq': 0}]}, {'colorName': 'White Navy K', 'swatchImageId': 'DP1003202507150341S.tif', 'colorizedImageId': 'DP1003202507143622M.tif', 'colorSeqNum': 5, 'skuId': '70909290059', 'defaultSwatch': False, 'skuAltImages': [{'imgId': 'DP1003202507140799M.tif', 'colorSeq': 0}]}, {'colorName': 'White Navy L', 'swatchImageId': 'DP1003202507150446S.tif', 'colorizedImageId': 'DP1003202507143726M.tif', 'colorSeqNum': 6, 'skuId': '70909290067', 'defaultSwatch': False, 'skuAltImages': [{'imgId': 'DP1003202507140904M.tif', 'colorSeq': 0}]}, {'colorName': 'White Navy M', 'swatchImageId': 'DP1003202507150550S.tif', 'colorizedImageId': 'DP1003202507143831M.tif', 'colorSeqNum': 7, 'skuId': '70909290075', 'defaultSwatch': False, 'skuAltImages': [{'imgId': 'DP1003202507141009M.tif', 'colorSeq': 0}]}, {'colorName': 'White Navy N', 'swatchImageId': 'DP1003202507150655S.tif', 'colorizedImageId': 'DP1003202507143936M.tif', 'colorSeqNum': 8, 'skuId': '70909290083', 'defaultSwatch': False, 'skuAltImages': [{'imgId': 'DP1003202507141114M.tif', 'colorSeq': 0}]}, {'colorName': 'White Navy O', 'swatchImageId': 'DP1003202507150759S.tif', 'colorizedImageId': 'DP1003202507144040M.tif', 'colorSeqNum': 9, 'skuId': '70909290091', 'defaultSwatch': False, 'skuAltImages': [{'imgId': 'DP1003202507141217M.tif', 'colorSeq': 0}]}, {'colorName': 'White Navy P', 'swatchImageId': 'DP1003202507150863S.tif', 'colorizedImageId': 'DP1003202507144145M.tif', 'colorSeqNum': 10, 'skuId': '70909290109', 'defaultSwatch': False, 'skuAltImages': [{'imgId': 'DP1003202507141322M.tif', 'colorSeq': 0}]}, {'colorName': 'White Navy Q', 'swatchImageId': 'DP1003202507150967S.tif', 'colorizedImageId': 'DP1003202507144249M.tif', 'colorSeqNum': 11, 'skuId': '70909290117', 'defaultSwatch': False, 'skuAltImages': [{'imgId': 'DP1003202507141427M.tif', 'colorSeq': 0}]}, {'colorName': 'White Navy R', 'swatchImageId': 'DP1003202507151072S.tif', 'colorizedImageId': 'DP1003202507144353M.tif', 'colorSeqNum': 12, 'skuId': '70909290125', 'defaultSwatch': False, 'skuAltImages': [{'imgId': 'DP1003202507141531M.tif', 'colorSeq': 0}]}, {'colorName': 'White Navy S', 'swatchImageId': 'DP1003202507151176S.tif', 'colorizedImageId': 'DP1003202507144457M.tif', 'colorSeqNum': 13, 'skuId': '70909290133', 'defaultSwatch': False, 'skuAltImages': [{'imgId': 'DP1003202507141635M.tif', 'colorSeq': 0}]}, {'colorName': 'White Navy T', 'swatchImageId': 'DP1003202507151280S.tif', 'colorizedImageId': 'DP1003202507144562M.tif', 'colorSeqNum': 14, 'skuId': '70909290141', 'defaultSwatch': False, 'skuAltImages': [{'imgId': 'DP1003202507141739M.tif', 'colorSeq': 0}]}, {'colorName': 'White Navy U', 'swatchImageId': 'DP1003202507151384S.tif', 'colorizedImageId': 'DP1003202507144667M.tif', 'colorSeqNum': 15, 'skuId': '70909290158', 'defaultSwatch': False, 'skuAltImages': [{'imgId': 'DP1003202507141844M.tif', 'colorSeq': 0}]}, {'colorName': 'White Navy V', 'swatchImageId': 'DP1003202507151489S.tif', 'colorizedImageId': 'DP1003202507144772M.tif', 'colorSeqNum': 16, 'skuId': '70909290166', 'defaultSwatch': False, 'skuAltImages': [{'imgId': 'DP1003202507141948M.tif', 'colorSeq': 0}]}, {'colorName': 'White Navy W', 'swatchImageId': 'DP1003202507151593S.tif', 'colorizedImageId': 'DP1003202507144876M.tif', 'colorSeqNum': 17, 'skuId': '70909290174', 'defaultSwatch': False, 'skuAltImages': [{'imgId': 'DP1003202507142052M.tif', 'colorSeq': 0}]}, {'colorName': 'White Navy X', 'swatchImageId': 'DP1003202507151697S.tif', 'colorizedImageId': 'DP1003202507144979M.tif', 'colorSeqNum': 18, 'skuId': '70909290182', 'defaultSwatch': False, 'skuAltImages': [{'imgId': 'DP1003202507142157M.tif', 'colorSeq': 0}]}, {'colorName': 'White Navy Y', 'swatchImageId': 'DP1003202507151801S.tif', 'colorizedImageId': 'DP1003202507145084M.tif', 'colorSeqNum': 19, 'skuId': '70909290190', 'defaultSwatch': False, 'skuAltImages': [{'imgId': 'DP1003202507142262M.tif', 'colorSeq': 0}]}, {'colorName': 'White Navy F', 'swatchImageId': 'DP1003202507145814S.tif', 'colorizedImageId': 'DP1003202507143098M.tif', 'colorSeqNum': 20, 'skuId': '70909290208', 'defaultSwatch': False, 'skuAltImages': [{'imgId': 'DP1003202507140276M.tif', 'colorSeq': 0}]}, {'colorName': 'White Navy E', 'swatchImageId': 'DP1003202507145710S.tif', 'colorizedImageId': 'DP1003202507142993M.tif', 'colorSeqNum': 21, 'skuId': '70909290216', 'defaultSwatch': False, 'skuAltImages': [{'imgId': 'DP1003202507140171M.tif', 'colorSeq': 0}]}, {'colorName': 'White Navy D', 'swatchImageId': 'DP1003202507145606S.tif', 'colorizedImageId': 'DP1003202507142889M.tif', 'colorSeqNum': 22, 'skuId': '70909290224', 'defaultSwatch': False, 'skuAltImages': [{'imgId': 'DP1003202507140067M.tif', 'colorSeq': 0}]}, {'colorName': 'White Navy C', 'swatchImageId': 'DP1003202507145502S.tif', 'colorizedImageId': 'DP1003202507142784M.tif', 'colorSeqNum': 23, 'skuId': '70909290232', 'defaultSwatch': False, 'skuAltImages': [{'imgId': 'DP1003202507135963M.tif', 'colorSeq': 0}]}, {'colorName': 'White Navy B', 'swatchImageId': 'DP1003202507145397S.tif', 'colorizedImageId': 'DP1003202507142679M.tif', 'colorSeqNum': 24, 'skuId': '70909290240', 'defaultSwatch': False, 'skuAltImages': [{'imgId': 'DP1003202507135859M.tif', 'colorSeq': 0}]}, {'colorName': 'White Navy A', 'swatchImageId': 'DP1003202507145293S.tif', 'colorizedImageId': 'DP1003202507142574M.tif', 'colorSeqNum': 25, 'skuId': '70909290257', 'defaultSwatch': False, 'skuAltImages': [{'imgId': 'DP1003202507142469M.tif', 'colorSeq': 0}, {'imgId': 'DP1003202507135755M.tif', 'colorSeq': 1}]}, {'colorName': 'White Navy J', 'swatchImageId': 'DP1003202507150237S.tif', 'colorizedImageId': 'DP1003202507143517M.tif', 'colorSeqNum': 26, 'skuId': '70909290265', 'defaultSwatch': False, 'skuAltImages': [{'imgId': 'DP1003202507140694M.tif', 'colorSeq': 0}]}, {'colorName': 'White Silver Z', 'swatchImageId': 'DP1003202507094881S.tif', 'colorizedImageId': 'DP1003202507092167M.tif', 'colorSeqNum': 27, 'skuId': '70909230018', 'defaultSwatch': False, 'skuAltImages': [{'imgId': 'DP1003202507085346M.tif', 'colorSeq': 0}]}, {'colorName': 'White Silver Y', 'swatchImageId': 'DP1003202507094777S.tif', 'colorizedImageId': 'DP1003202507092063M.tif', 'colorSeqNum': 28, 'skuId': '70909230026', 'defaultSwatch': False, 'skuAltImages': [{'imgId': 'DP1003202507085242M.tif', 'colorSeq': 0}]}, {'colorName': 'White Silver A', 'swatchImageId': 'DP1003202507092272S.tif', 'colorizedImageId': 'DP1003202507085555M.tif', 'colorSeqNum': 29, 'skuId': '70909230034', 'defaultSwatch': False, 'skuAltImages': [{'imgId': 'DP1003202507085451M.tif', 'colorSeq': 0}, {'imgId': 'DP1003202507082734M.tif', 'colorSeq': 1}]}, {'colorName': 'White Silver C', 'swatchImageId': 'DP1003202507092479S.tif', 'colorizedImageId': 'DP1003202507085764M.tif', 'colorSeqNum': 30, 'skuId': '70909230059', 'defaultSwatch': False, 'skuAltImages': [{'imgId': 'DP1003202507082943M.tif', 'colorSeq': 0}]}, {'colorName': 'White Silver D', 'swatchImageId': 'DP1003202507092584S.tif', 'colorizedImageId': 'DP1003202507085869M.tif', 'colorSeqNum': 31, 'skuId': '70909230067', 'defaultSwatch': False, 'skuAltImages': [{'imgId': 'DP1003202507083048M.tif', 'colorSeq': 0}]}, {'colorName': 'White Silver E', 'swatchImageId': 'DP1003202507092689S.tif', 'colorizedImageId': 'DP1003202507085974M.tif', 'colorSeqNum': 32, 'skuId': '70909230075', 'defaultSwatch': False, 'skuAltImages': [{'imgId': 'DP1003202507083152M.tif', 'colorSeq': 0}]}, {'colorName': 'White Silver F', 'swatchImageId': 'DP1003202507092793S.tif', 'colorizedImageId': 'DP1003202507090078M.tif', 'colorSeqNum': 33, 'skuId': '70909230083', 'defaultSwatch': False, 'skuAltImages': [{'imgId': 'DP1003202507083257M.tif', 'colorSeq': 0}]}, {'colorName': 'White Silver G', 'swatchImageId': 'DP1003202507092898S.tif', 'colorizedImageId': 'DP1003202507090183M.tif', 'colorSeqNum': 34, 'skuId': '70909230091', 'defaultSwatch': False, 'skuAltImages': [{'imgId': 'DP1003202507083361M.tif', 'colorSeq': 0}]}, {'colorName': 'White Silver H', 'swatchImageId': 'DP1003202507093003S.tif', 'colorizedImageId': 'DP1003202507090288M.tif', 'colorSeqNum': 35, 'skuId': '70909230109', 'defaultSwatch': False, 'skuAltImages': [{'imgId': 'DP1003202507083465M.tif', 'colorSeq': 0}]}, {'colorName': 'White Silver I', 'swatchImageId': 'DP1003202507093107S.tif', 'colorizedImageId': 'DP1003202507090392M.tif', 'colorSeqNum': 36, 'skuId': '70909230117', 'defaultSwatch': False, 'skuAltImages': [{'imgId': 'DP1003202507083570M.tif', 'colorSeq': 0}]}, {'colorName': 'White Silver J', 'swatchImageId': 'DP1003202507093211S.tif', 'colorizedImageId': 'DP1003202507090497M.tif', 'colorSeqNum': 37, 'skuId': '70909230125', 'defaultSwatch': False, 'skuAltImages': [{'imgId': 'DP1003202507083675M.tif', 'colorSeq': 0}]}, {'colorName': 'White Silver K', 'swatchImageId': 'DP1003202507093316S.tif', 'colorizedImageId': 'DP1003202507090601M.tif', 'colorSeqNum': 38, 'skuId': '70909230133', 'defaultSwatch': False, 'skuAltImages': [{'imgId': 'DP1003202507083778M.tif', 'colorSeq': 0}]}, {'colorName': 'White Silver X', 'swatchImageId': 'DP1003202507094672S.tif', 'colorizedImageId': 'DP1003202507091959M.tif', 'colorSeqNum': 39, 'skuId': '70909230141', 'defaultSwatch': False, 'skuAltImages': [{'imgId': 'DP1003202507085138M.tif', 'colorSeq': 0}]}, {'colorName': 'White Silver W', 'swatchImageId': 'DP1003202507094567S.tif', 'colorizedImageId': 'DP1003202507091855M.tif', 'colorSeqNum': 40, 'skuId': '70909230158', 'defaultSwatch': False, 'skuAltImages': [{'imgId': 'DP1003202507085033M.tif', 'colorSeq': 0}]}, {'colorName': 'White Silver V', 'swatchImageId': 'DP1003202507094463S.tif', 'colorizedImageId': 'DP1003202507091750M.tif', 'colorSeqNum': 41, 'skuId': '70909230166', 'defaultSwatch': False, 'skuAltImages': [{'imgId': 'DP1003202507084928M.tif', 'colorSeq': 0}]}, {'colorName': 'White Silver U', 'swatchImageId': 'DP1003202507094360S.tif', 'colorizedImageId': 'DP1003202507091645M.tif', 'colorSeqNum': 42, 'skuId': '70909230174', 'defaultSwatch': False, 'skuAltImages': [{'imgId': 'DP1003202507084822M.tif', 'colorSeq': 0}]}, {'colorName': 'White Silver T', 'swatchImageId': 'DP1003202507094254S.tif', 'colorizedImageId': 'DP1003202507091541M.tif', 'colorSeqNum': 43, 'skuId': '70909230182', 'defaultSwatch': False, 'skuAltImages': [{'imgId': 'DP1003202507084718M.tif', 'colorSeq': 0}]}, {'colorName': 'White Silver S', 'swatchImageId': 'DP1003202507094149S.tif', 'colorizedImageId': 'DP1003202507091436M.tif', 'colorSeqNum': 44, 'skuId': '70909230190', 'defaultSwatch': False, 'skuAltImages': [{'imgId': 'DP1003202507084613M.tif', 'colorSeq': 0}]}, {'colorName': 'White Silver R', 'swatchImageId': 'DP1003202507094045S.tif', 'colorizedImageId': 'DP1003202507091333M.tif', 'colorSeqNum': 45, 'skuId': '70909230208', 'defaultSwatch': False, 'skuAltImages': [{'imgId': 'DP1003202507084509M.tif', 'colorSeq': 0}]}, {'colorName': 'White Silver Q', 'swatchImageId': 'DP1003202507093941S.tif', 'colorizedImageId': 'DP1003202507091228M.tif', 'colorSeqNum': 46, 'skuId': '70909230216', 'defaultSwatch': False, 'skuAltImages': [{'imgId': 'DP1003202507084404M.tif', 'colorSeq': 0}]}, {'colorName': 'White Silver P', 'swatchImageId': 'DP1003202507093837S.tif', 'colorizedImageId': 'DP1003202507091123M.tif', 'colorSeqNum': 47, 'skuId': '70909230224', 'defaultSwatch': False, 'skuAltImages': [{'imgId': 'DP1003202507084300M.tif', 'colorSeq': 0}]}, {'colorName': 'White Silver O', 'swatchImageId': 'DP1003202507093733S.tif', 'colorizedImageId': 'DP1003202507091018M.tif', 'colorSeqNum': 48, 'skuId': '70909230232', 'defaultSwatch': False, 'skuAltImages': [{'imgId': 'DP1003202507084196M.tif', 'colorSeq': 0}]}, {'colorName': 'White Silver N', 'swatchImageId': 'DP1003202507093628S.tif', 'colorizedImageId': 'DP1003202507090914M.tif', 'colorSeqNum': 49, 'skuId': '70909230240', 'defaultSwatch': False, 'skuAltImages': [{'imgId': 'DP1003202507084091M.tif', 'colorSeq': 0}]}, {'colorName': 'White Silver M', 'swatchImageId': 'DP1003202507093524S.tif', 'colorizedImageId': 'DP1003202507090810M.tif', 'colorSeqNum': 50, 'skuId': '70909230257', 'defaultSwatch': False, 'skuAltImages': [{'imgId': 'DP1003202507083987M.tif', 'colorSeq': 0}]}, {'colorName': 'White Silver L', 'swatchImageId': 'DP1003202507093419S.tif', 'colorizedImageId': 'DP1003202507090706M.tif', 'colorSeqNum': 51, 'skuId': '70909230265', 'defaultSwatch': False, 'skuAltImages': [{'imgId': 'DP1003202507083883M.tif', 'colorSeq': 0}]}, {'colorName': 'Aqua White F', 'swatchImageId': 'DP1003202507082210S.tif', 'colorizedImageId': 'DP1003202507081167M.tif', 'colorSeqNum': 52, 'skuId': '70909220018', 'defaultSwatch': False, 'skuAltImages': [{'imgId': 'DP1003202507080015M.tif', 'colorSeq': 0}]}, {'colorName': 'Aqua White E', 'swatchImageId': 'DP1003202507082105S.tif', 'colorizedImageId': 'DP1003202507081062M.tif', 'colorSeqNum': 53, 'skuId': '70909220026', 'defaultSwatch': False, 'skuAltImages': [{'imgId': 'DP1003202507075910M.tif', 'colorSeq': 0}]}, {'colorName': 'Aqua White D', 'swatchImageId': 'DP1003202507082001S.tif', 'colorizedImageId': 'DP1003202507080958M.tif', 'colorSeqNum': 54, 'skuId': '70909220034', 'defaultSwatch': False, 'skuAltImages': [{'imgId': 'DP1003202507075803M.tif', 'colorSeq': 0}]}, {'colorName': 'Aqua White C', 'swatchImageId': 'DP1003202507081897S.tif', 'colorizedImageId': 'DP1003202507080853M.tif', 'colorSeqNum': 55, 'skuId': '70909220042', 'defaultSwatch': False, 'skuAltImages': [{'imgId': 'DP1003202507075698M.tif', 'colorSeq': 0}]}, {'colorName': 'Aqua White B', 'swatchImageId': 'DP1003202507081793S.tif', 'colorizedImageId': 'DP1003202507080748M.tif', 'colorSeqNum': 56, 'skuId': '70909220059', 'defaultSwatch': False, 'skuAltImages': [{'imgId': 'DP1003202507075593M.tif', 'colorSeq': 0}]}, {'colorName': 'Aqua White A', 'swatchImageId': 'DP1003202507081688S.tif', 'colorizedImageId': 'DP1003202507080644M.tif', 'colorSeqNum': 57, 'skuId': '70909220067', 'defaultSwatch': False, 'skuAltImages': [{'imgId': 'DP1003202507080539M.tif', 'colorSeq': 0}, {'imgId': 'DP1003202507075488M.tif', 'colorSeq': 1}]}, {'colorName': 'Aqua White H', 'swatchImageId': 'DP1003202507082419S.tif', 'colorizedImageId': 'DP1003202507081376M.tif', 'colorSeqNum': 58, 'skuId': '70909220075', 'defaultSwatch': False, 'skuAltImages': [{'imgId': 'DP1003202507080225M.tif', 'colorSeq': 0}]}, {'colorName': 'Aqua White G', 'swatchImageId': 'DP1003202507082314S.tif', 'colorizedImageId': 'DP1003202507081272M.tif', 'colorSeqNum': 59, 'skuId': '70909220083', 'defaultSwatch': False, 'skuAltImages': [{'imgId': 'DP1003202507080120M.tif', 'colorSeq': 0}]}, {'colorName': 'Aqua White I', 'swatchImageId': 'DP1003202507082524S.tif', 'colorizedImageId': 'DP1003202507081481M.tif', 'colorSeqNum': 60, 'skuId': '70909220091', 'defaultSwatch': False, 'skuAltImages': [{'imgId': 'DP1003202507080330M.tif', 'colorSeq': 0}]}, {'colorName': 'Aqua White J', 'swatchImageId': 'DP1003202507082629S.tif', 'colorizedImageId': 'DP1003202507081585M.tif', 'colorSeqNum': 61, 'skuId': '70909220109', 'defaultSwatch': False, 'skuAltImages': [{'imgId': 'DP1003202507080434M.tif', 'colorSeq': 0}]}, {'colorName': 'Aqua White P', 'swatchImageId': 'DP1003202507115728S.tif', 'colorizedImageId': 'DP1003202507114683M.tif', 'colorSeqNum': 62, 'skuId': '70909260018', 'defaultSwatch': False, 'skuAltImages': [{'imgId': 'DP1003202507113640M.tif', 'colorSeq': 0}]}, {'colorName': 'Aqua White O', 'swatchImageId': 'DP1003202507115623S.tif', 'colorizedImageId': 'DP1003202507114579M.tif', 'colorSeqNum': 63, 'skuId': '70909260026', 'defaultSwatch': False, 'skuAltImages': [{'imgId': 'DP1003202507113536M.tif', 'colorSeq': 0}]}, {'colorName': 'Aqua White N', 'swatchImageId': 'DP1003202507115520S.tif', 'colorizedImageId': 'DP1003202507114474M.tif', 'colorSeqNum': 64, 'skuId': '70909260034', 'defaultSwatch': False, 'skuAltImages': [{'imgId': 'DP1003202507113432M.tif', 'colorSeq': 0}]}, {'colorName': 'Aqua White M', 'swatchImageId': 'DP1003202507115415S.tif', 'colorizedImageId': 'DP1003202507114370M.tif', 'colorSeqNum': 65, 'skuId': '70909260042', 'defaultSwatch': False, 'skuAltImages': [{'imgId': 'DP1003202507113328M.tif', 'colorSeq': 0}]}, {'colorName': 'Aqua White T', 'swatchImageId': 'DP1003202507120147S.tif', 'colorizedImageId': 'DP1003202507115101M.tif', 'colorSeqNum': 66, 'skuId': '70909260059', 'defaultSwatch': False, 'skuAltImages': [{'imgId': 'DP1003202507114058M.tif', 'colorSeq': 0}]}, {'colorName': 'Aqua White K', 'swatchImageId': 'DP1003202507115205S.tif', 'colorizedImageId': 'DP1003202507114162M.tif', 'colorSeqNum': 67, 'skuId': '70909260067', 'defaultSwatch': False, 'skuAltImages': [{'imgId': 'DP1003202507113119M.tif', 'colorSeq': 0}]}, {'colorName': 'Aqua White Q', 'swatchImageId': 'DP1003202507115833S.tif', 'colorizedImageId': 'DP1003202507114788M.tif', 'colorSeqNum': 68, 'skuId': '70909260075', 'defaultSwatch': False, 'skuAltImages': [{'imgId': 'DP1003202507113745M.tif', 'colorSeq': 0}]}, {'colorName': 'Aqua White R', 'swatchImageId': 'DP1003202507115938S.tif', 'colorizedImageId': 'DP1003202507114892M.tif', 'colorSeqNum': 69, 'skuId': '70909260083', 'defaultSwatch': False, 'skuAltImages': [{'imgId': 'DP1003202507113849M.tif', 'colorSeq': 0}]}, {'colorName': 'Aqua White S', 'swatchImageId': 'DP1003202507120042S.tif', 'colorizedImageId': 'DP1003202507114997M.tif', 'colorSeqNum': 70, 'skuId': '70909260091', 'defaultSwatch': False, 'skuAltImages': [{'imgId': 'DP1003202507113953M.tif', 'colorSeq': 0}]}, {'colorName': 'Aqua White L', 'swatchImageId': 'DP1003202507115310S.tif', 'colorizedImageId': 'DP1003202507114266M.tif', 'colorSeqNum': 71, 'skuId': '70909260109', 'defaultSwatch': False, 'skuAltImages': [{'imgId': 'DP1003202507113223M.tif', 'colorSeq': 0}]}, {'colorName': 'Aqua White V', 'swatchImageId': 'DP1003202507165613S.tif', 'colorizedImageId': 'DP1003202507164987M.tif', 'colorSeqNum': 72, 'skuId': '70909310018', 'defaultSwatch': False, 'skuAltImages': [{'imgId': 'DP1003202507164362M.tif', 'colorSeq': 0}]}, {'colorName': 'Aqua White U', 'swatchImageId': 'DP1003202507165509S.tif', 'colorizedImageId': 'DP1003202507164882M.tif', 'colorSeqNum': 73, 'skuId': '70909310026', 'defaultSwatch': False, 'skuAltImages': [{'imgId': 'DP1003202507164257M.tif', 'colorSeq': 0}]}, {'colorName': 'Aqua White Y', 'swatchImageId': 'DP1003202507165926S.tif', 'colorizedImageId': 'DP1003202507165301M.tif', 'colorSeqNum': 74, 'skuId': '70909310034', 'defaultSwatch': False, 'skuAltImages': [{'imgId': 'DP1003202507164673M.tif', 'colorSeq': 0}]}, {'colorName': 'Aqua White X', 'swatchImageId': 'DP1003202507165822S.tif', 'colorizedImageId': 'DP1003202507165196M.tif', 'colorSeqNum': 75, 'skuId': '70909310042', 'defaultSwatch': False, 'skuAltImages': [{'imgId': 'DP1003202507164570M.tif', 'colorSeq': 0}]}, {'colorName': 'Aqua White W', 'swatchImageId': 'DP1003202507165718S.tif', 'colorizedImageId': 'DP1003202507165092M.tif', 'colorSeqNum': 76, 'skuId': '70909310059', 'defaultSwatch': False, 'skuAltImages': [{'imgId': 'DP1003202507164466M.tif', 'colorSeq': 0}]}, {'colorName': 'Aqua White Z', 'swatchImageId': 'DP1003202507170031S.tif', 'colorizedImageId': 'DP1003202507165404M.tif', 'colorSeqNum': 77, 'skuId': '70909310067', 'defaultSwatch': False, 'skuAltImages': [{'imgId': 'DP1003202507164778M.tif', 'colorSeq': 0}]}, {'colorName': 'Gray White Y', 'swatchImageId': 'DP1003202507164048S.tif', 'colorizedImageId': 'DP1003202507161336M.tif', 'colorSeqNum': 78, 'skuId': '70909300018', 'defaultSwatch': False, 'skuAltImages': [{'imgId': 'DP1003202507154513M.tif', 'colorSeq': 0}]}, {'colorName': 'Gray White Z', 'swatchImageId': 'DP1003202507164152S.tif', 'colorizedImageId': 'DP1003202507161441M.tif', 'colorSeqNum': 79, 'skuId': '70909300026', 'defaultSwatch': False, 'skuAltImages': [{'imgId': 'DP1003202507154617M.tif', 'colorSeq': 0}]}, {'colorName': 'Gray White X', 'swatchImageId': 'DP1003202507163943S.tif', 'colorizedImageId': 'DP1003202507161231M.tif', 'colorSeqNum': 80, 'skuId': '70909300034', 'defaultSwatch': False, 'skuAltImages': [{'imgId': 'DP1003202507154409M.tif', 'colorSeq': 0}]}, {'colorName': 'Gray White W', 'swatchImageId': 'DP1003202507163838S.tif', 'colorizedImageId': 'DP1003202507161127M.tif', 'colorSeqNum': 81, 'skuId': '70909300042', 'defaultSwatch': False, 'skuAltImages': [{'imgId': 'DP1003202507154304M.tif', 'colorSeq': 0}]}, {'colorName': 'Gray White V', 'swatchImageId': 'DP1003202507163733S.tif', 'colorizedImageId': 'DP1003202507161022M.tif', 'colorSeqNum': 82, 'skuId': '70909300059', 'defaultSwatch': False, 'skuAltImages': [{'imgId': 'DP1003202507154200M.tif', 'colorSeq': 0}]}, {'colorName': 'Gray White U', 'swatchImageId': 'DP1003202507163630S.tif', 'colorizedImageId': 'DP1003202507160917M.tif', 'colorSeqNum': 83, 'skuId': '70909300067', 'defaultSwatch': False, 'skuAltImages': [{'imgId': 'DP1003202507154095M.tif', 'colorSeq': 0}]}, {'colorName': 'Gray White T', 'swatchImageId': 'DP1003202507163526S.tif', 'colorizedImageId': 'DP1003202507160813M.tif', 'colorSeqNum': 84, 'skuId': '70909300075', 'defaultSwatch': False, 'skuAltImages': [{'imgId': 'DP1003202507153991M.tif', 'colorSeq': 0}]}, {'colorName': 'Gray White S', 'swatchImageId': 'DP1003202507163422S.tif', 'colorizedImageId': 'DP1003202507160708M.tif', 'colorSeqNum': 85, 'skuId': '70909300083', 'defaultSwatch': False, 'skuAltImages': [{'imgId': 'DP1003202507153886M.tif', 'colorSeq': 0}]}, {'colorName': 'Gray White R', 'swatchImageId': 'DP1003202507163317S.tif', 'colorizedImageId': 'DP1003202507160603M.tif', 'colorSeqNum': 86, 'skuId': '70909300091', 'defaultSwatch': False, 'skuAltImages': [{'imgId': 'DP1003202507153782M.tif', 'colorSeq': 0}]}, {'colorName': 'Gray White Q', 'swatchImageId': 'DP1003202507163212S.tif', 'colorizedImageId': 'DP1003202507160499M.tif', 'colorSeqNum': 87, 'skuId': '70909300109', 'defaultSwatch': False, 'skuAltImages': [{'imgId': 'DP1003202507153678M.tif', 'colorSeq': 0}]}, {'colorName': 'Gray White P', 'swatchImageId': 'DP1003202507163109S.tif', 'colorizedImageId': 'DP1003202507160394M.tif', 'colorSeqNum': 88, 'skuId': '70909300117', 'defaultSwatch': False, 'skuAltImages': [{'imgId': 'DP1003202507153575M.tif', 'colorSeq': 0}]}, {'colorName': 'Gray White O', 'swatchImageId': 'DP1003202507163004S.tif', 'colorizedImageId': 'DP1003202507160289M.tif', 'colorSeqNum': 89, 'skuId': '70909300125', 'defaultSwatch': False, 'skuAltImages': [{'imgId': 'DP1003202507153470M.tif', 'colorSeq': 0}]}, {'colorName': 'Gray White N', 'swatchImageId': 'DP1003202507162900S.tif', 'colorizedImageId': 'DP1003202507160185M.tif', 'colorSeqNum': 90, 'skuId': '70909300133', 'defaultSwatch': False, 'skuAltImages': [{'imgId': 'DP1003202507153365M.tif', 'colorSeq': 0}]}, {'colorName': 'Gray White M', 'swatchImageId': 'DP1003202507162795S.tif', 'colorizedImageId': 'DP1003202507160080M.tif', 'colorSeqNum': 91, 'skuId': '70909300141', 'defaultSwatch': False, 'skuAltImages': [{'imgId': 'DP1003202507153262M.tif', 'colorSeq': 0}]}, {'colorName': 'Gray White L', 'swatchImageId': 'DP1003202507162691S.tif', 'colorizedImageId': 'DP1003202507155976M.tif', 'colorSeqNum': 92, 'skuId': '70909300158', 'defaultSwatch': False, 'skuAltImages': [{'imgId': 'DP1003202507153157M.tif', 'colorSeq': 0}]}, {'colorName': 'Gray White K', 'swatchImageId': 'DP1003202507162587S.tif', 'colorizedImageId': 'DP1003202507155871M.tif', 'colorSeqNum': 93, 'skuId': '70909300166', 'defaultSwatch': False, 'skuAltImages': [{'imgId': 'DP1003202507153054M.tif', 'colorSeq': 0}]}, {'colorName': 'Gray White J', 'swatchImageId': 'DP1003202507162482S.tif', 'colorizedImageId': 'DP1003202507155766M.tif', 'colorSeqNum': 94, 'skuId': '70909300174', 'defaultSwatch': False, 'skuAltImages': [{'imgId': 'DP1003202507152949M.tif', 'colorSeq': 0}]}, {'colorName': 'Gray White I', 'swatchImageId': 'DP1003202507162379S.tif', 'colorizedImageId': 'DP1003202507155662M.tif', 'colorSeqNum': 95, 'skuId': '70909300182', 'defaultSwatch': False, 'skuAltImages': [{'imgId': 'DP1003202507152844M.tif', 'colorSeq': 0}]}, {'colorName': 'Gray White H', 'swatchImageId': 'DP1003202507162274S.tif', 'colorizedImageId': 'DP1003202507155557M.tif', 'colorSeqNum': 96, 'skuId': '70909300190', 'defaultSwatch': False, 'skuAltImages': [{'imgId': 'DP1003202507152740M.tif', 'colorSeq': 0}]}, {'colorName': 'Gray White G', 'swatchImageId': 'DP1003202507162170S.tif', 'colorizedImageId': 'DP1003202507155452M.tif', 'colorSeqNum': 97, 'skuId': '70909300208', 'defaultSwatch': False, 'skuAltImages': [{'imgId': 'DP1003202507152635M.tif', 'colorSeq': 0}]}, {'colorName': 'Gray White F', 'swatchImageId': 'DP1003202507162066S.tif', 'colorizedImageId': 'DP1003202507155348M.tif', 'colorSeqNum': 98, 'skuId': '70909300216', 'defaultSwatch': False, 'skuAltImages': [{'imgId': 'DP1003202507152530M.tif', 'colorSeq': 0}]}, {'colorName': 'Gray White E', 'swatchImageId': 'DP1003202507161962S.tif', 'colorizedImageId': 'DP1003202507155243M.tif', 'colorSeqNum': 99, 'skuId': '70909300224', 'defaultSwatch': False, 'skuAltImages': [{'imgId': 'DP1003202507152427M.tif', 'colorSeq': 0}]}, {'colorName': 'Gray White D', 'swatchImageId': 'DP1003202507161858S.tif', 'colorizedImageId': 'DP1003202507155139M.tif', 'colorSeqNum': 100, 'skuId': '70909300232', 'defaultSwatch': False, 'skuAltImages': [{'imgId': 'DP1003202507152323M.tif', 'colorSeq': 0}]}, {'colorName': 'Gray White C', 'swatchImageId': 'DP1003202507161754S.tif', 'colorizedImageId': 'DP1003202507155035M.tif', 'colorSeqNum': 101, 'skuId': '70909300240', 'defaultSwatch': False, 'skuAltImages': [{'imgId': 'DP1003202507152218M.tif', 'colorSeq': 0}]}, {'colorName': 'Gray White B', 'swatchImageId': 'DP1003202507161649S.tif', 'colorizedImageId': 'DP1003202507154930M.tif', 'colorSeqNum': 102, 'skuId': '70909300257', 'defaultSwatch': False, 'skuAltImages': [{'imgId': 'DP1003202507152113M.tif', 'colorSeq': 0}]}, {'colorName': 'Gray White A', 'swatchImageId': 'DP1003202507161545S.tif', 'colorizedImageId': 'DP1003202507154826M.tif', 'colorSeqNum': 103, 'skuId': '70909300265', 'defaultSwatch': False, 'skuAltImages': [{'imgId': 'DP1003202507154722M.tif', 'colorSeq': 0}, {'imgId': 'DP1003202507152009M.tif', 'colorSeq': 1}]}, {'colorName': 'White Silver B', 'colorizedImageId': 'DP1003202507085660M.tif', 'colorSeqNum': 104, 'skuId': '70909230042', 'defaultSwatch': False, 'skuAltImages': [{'imgId': 'DP1003202507082839M.tif', 'colorSeq': 0}]}]",/p/linum-home-textiles-personalized-chaise-lounge-cover-with-side-pocket-chair-protector/ppr5008614048?pTmplType=regular&searchTerm=patio+and+outdoor+furniture&geoZip=55057,"[{'message': 'Online Only', 'icon': 'mouse'}, {'message': 'Available for Shipping', 'icon': 'check'}]",False,709,True,73.49,73.49,YULETIDE,False,False,2025-10-03T22:02:40,DP1003202507145189M.tif,DP1003202507142366M.tif,,,https://www.jcpenney.com/p/linum-home-textiles-personalized-chaise-lounge-cover-with-side-pocket-chair-protector/ppr5008614048?pTmplType=regular&searchTerm=patio+and+outdoor+furniture&geoZip=55057,20251225,patio and outdoor furniture
Safavieh Belen Patio Collection 3-pc. Bistro Set Folding,ppr5008096417,,,940.0,940.0,940.0,940.0,ORIGINAL,False,False,available online only,False,False,original,False,True,"['# Pieces In Set: 3', 'Included: 1 Table(s), 2 Chair(s)', 'Features: Folding, Quick Ship, Armless, Weather Resistant', 'Joinery: Screwed, Welded Joint', 'Seating Capacity: 2']",0.0,0.0,ORIGINAL,False,False,79111170034,USD,safavieh,"[{'colorName': 'Black Rust', 'swatchImageId': 'DP0317202107031759S.tif', 'colorizedImageId': 'DP0317202107031744M.tif', 'colorSeqNum': 1, 'skuId': '79111170026', 'defaultSwatch': False, 'skuAltImages': [{'imgId': 'DP0316202107031745M.tif', 'colorSeq': 0}, {'imgId': 'DP0316202107031758M.tif', 'colorSeq': 1}, {'imgId': 'DP0316202107031770M.tif', 'colorSeq': 2}]}, {'colorName': 'Pearl White', 'swatchImageId': 'DP0317202107031764S.tif', 'colorizedImageId': 'DP0317202107031750M.tif', 'colorSeqNum': 2, 'skuId': '79111170018', 'defaultSwatch': False, 'skuAltImages': [{'imgId': 'DP0316202107031749M.tif', 'colorSeq': 0}, {'imgId': 'DP0316202107031762M.tif', 'colorSeq': 1}, {'imgId': 'DP0316202107031773M.tif', 'colorSeq': 2}]}, {'colorName': 'Antique Blue', 'swatchImageId': 'DP0317202107031755S.tif', 'colorizedImageId': 'DP0317202107031739M.tif', 'colorSeqNum': 3, 'skuId': '79111170034', 'defaultSwatch': False, 'skuAltImages': [{'imgId': 'DP0316202107031742M.tif', 'colorSeq': 0}, {'imgId': 'DP0316202107031754M.tif', 'colorSeq': 1}, {'imgId': 'DP0316202107031766M.tif', 'colorSeq': 2}]}, {'colorName': 'Antique Green', 'swatchImageId': 'DP0903202409153209S.tif', 'colorizedImageId': 'DP0903202409153107M.tif', 'colorSeqNum': 4, 'skuId': '79111170042', 'defaultSwatch': False, 'skuAltImages': [{'imgId': 'DP0903202409153717M.tif', 'colorSeq': 0}, {'imgId': 'DP0903202409153514M.tif', 'colorSeq': 1}, {'imgId': 'DP0903202409153311M.tif', 'colorSeq': 2}]}]",/p/safavieh-belen-patio-collection-3-pc-bistro-set-folding/ppr5008096417?pTmplType=regular&searchTerm=patio+and+outdoor+furniture&geoZip=55057,"[{'message': 'Online Only', 'icon': 'mouse'}, {'message': 'Available for Shipping', 'icon': 'check'}]",False,791,True,705.0,705.0,RECLINER,False,False,2021-03-16T22:02:48,DP0317202107031744M.tif,DP0316202107031745M.tif,,,https://www.jcpenney.com/p/safavieh-belen-patio-collection-3-pc-bistro-set-folding/ppr5008096417?pTmplType=regular&searchTerm=patio+and+outdoor+furniture&geoZip=55057,20251225,patio and outdoor furniture
5-pc. Cushioned Circle Dining Set,ppr5008336771,,,2140.0,2140.0,2140.0,2140.0,ORIGINAL,False,False,available online only,False,False,original,False,True,"['# Pieces In Set: 5', 'Included: 4 Chair(s), 1 Table(s)', 'Features: Cushioned, Quick Ship, 4 Legs', 'Seating Capacity: 4', 'Shape: Circle']",0.0,0.0,ORIGINAL,False,False,79122680018,USD,more brands,"[{'colorName': 'Brown', 'swatchImageId': 'DP0314202309325092S.tif', 'colorizedImageId': 'DP0314202309324675M.tif', 'colorSeqNum': 1, 'skuId': '79122680018', 'defaultSwatch': False, 'skuAltImages': [{'imgId': 'DP0314202309324780M.tif', 'colorSeq': 0}, {'imgId': 'DP0314202309324886M.tif', 'colorSeq': 1}, {'imgId': 'DP0314202309324469M.tif', 'colorSeq': 2}]}]",/p/5-pc-cushioned-circle-dining-set/ppr5008336771?pTmplType=regular&searchTerm=patio+and+outdoor+furniture&geoZip=55057,"[{'message': 'Online Only', 'icon': 'mouse'}, {'message': 'Available for Shipping', 'icon': 'check'}]",False,791,True,1605.0,1605.0,RECLINER,False,False,2023-03-14T22:10:13,DP0314202309324675M.tif,DP0314202309324780M.tif,,,https://www.jcpenney.com/p/5-pc-cushioned-circle-dining-set/ppr5008336771?pTmplType=regular&searchTerm=patio+and+outdoor+furniture&geoZip=55057,20251225,patio and outdoor furniture
Safavieh Sanders 13-pc. Bar Set,ppr5008341760,,,2500.0,2500.0,2500.0,2500.0,ORIGINAL,False,False,available online only,False,False,original,False,True,"['# Pieces In Set: 13', 'Included: 6 Stool(s), 6 Seat Cushion(s), 1 Table(s)', 'Features: Armless', 'Joinery: Cam And Bolt Lock', 'Seating Capacity: 6']",0.0,0.0,ORIGINAL,False,False,79122820018,USD,safavieh,"[{'colorName': 'Titanium Sand', 'swatchImageId': 'DP0317202307261381S.tif', 'colorizedImageId': 'DP0317202307260755M.tif', 'colorSeqNum': 1, 'skuId': '79122820018', 'defaultSwatch': False, 'skuAltImages': [{'imgId': 'DP0317202307261796M.tif', 'colorSeq': 0}, {'imgId': 'DP0317202307260965M.tif', 'colorSeq': 1}, {'imgId': 'DP0317202307261174M.tif', 'colorSeq': 2}]}, {'colorName': 'Brown', 'swatchImageId': 'DP0317202307261277S.tif', 'colorizedImageId': 'DP0317202307260652M.tif', 'colorSeqNum': 2, 'skuId': '79122820026', 'defaultSwatch': False, 'skuAltImages': [{'imgId': 'DP0317202307261692M.tif', 'colorSeq': 0}, {'imgId': 'DP0317202307260860M.tif', 'colorSeq': 1}, {'imgId': 'DP0317202307261069M.tif', 'colorSeq': 2}]}]",/p/safavieh-sanders-13-pc-bar-set/ppr5008341760?pTmplType=regular&searchTerm=patio+and+outdoor+furniture&geoZip=55057,"[{'message': 'Online Only', 'icon': 'mouse'}, {'message': 'Available for Shipping', 'icon': 'check'}]",False,791,True,1875.0,1875.0,RECLINER,False,False,2023-03-17T22:03:25,DP0317202307260755M.tif,DP0317202307261796M.tif,,,https://www.jcpenney.com/p/safavieh-sanders-13-pc-bar-set/ppr5008341760?pTmplType=regular&searchTerm=patio+and+outdoor+furniture&geoZip=55057,20251225,patio and outdoor furniture
Safavieh Dario Patio Collection 3-pc. Weather Resistant Rectangular Dining Set,ppr5008099354,,,1650.0,1650.0,1650.0,1650.0,ORIGINAL,False,False,available online only,False,False,original,False,True,"['# Pieces In Set: 3', 'Included: 2 Bench(es), 1 Table(s)', 'Features: Weather Resistant, Quick Ship', 'Joinery: Glued, Screwed, Nailed', 'Seating Capacity: 4']",0.0,0.0,ORIGINAL,False,False,79111760026,USD,safavieh,"[{'colorName': 'Natural', 'swatchImageId': 'DP0324202115021198S.tif', 'colorizedImageId': 'DP0324202115021207M.tif', 'colorSeqNum': 1, 'skuId': '79111760018', 'defaultSwatch': False, 'skuAltImages': [{'imgId': 'DP0324202115021194M.tif', 'colorSeq': 0}, {'imgId': 'DP0324202115021217M.tif', 'colorSeq': 1}, {'imgId': 'DP0324202115021213M.tif', 'colorSeq': 2}]}, {'colorName': 'Grey', 'swatchImageId': 'DP0902202415060648S.tif', 'colorizedImageId': 'DP0902202415060342M.tif', 'colorSeqNum': 2, 'skuId': '79111760026', 'defaultSwatch': False, 'skuAltImages': [{'imgId': 'DP0902202415060953M.tif', 'colorSeq': 0}, {'imgId': 'DP0902202415060749M.tif', 'colorSeq': 1}, {'imgId': 'DP0902202415060443M.tif', 'colorSeq': 2}]}]",/p/safavieh-dario-patio-collection-3-pc-weather-resistant-rectangular-dining-set/ppr5008099354?pTmplType=regular&searchTerm=patio+and+outdoor+furniture&geoZip=55057,"[{'message': 'Online Only', 'icon': 'mouse'}, {'message': 'Available for Shipping', 'icon': 'check'}]",False,791,True,1237.5,1237.5,RECLINER,False,False,2021-03-26T15:04:17,DP0324202115021207M.tif,DP0324202115021194M.tif,,,https://www.jcpenney.com/p/safavieh-dario-patio-collection-3-pc-weather-resistant-rectangular-dining-set/ppr5008099354?pTmplType=regular&searchTerm=patio+and+outdoor+furniture&geoZip=55057,20251225,patio and outdoor furniture
Signature Design by Ashley® Fairen 3 Pc Patio Bar Set,ppr5008216418,,,3426.0,3426.0,3426.0,3426.0,ORIGINAL,False,False,available online only,False,False,original,False,True,"['# Pieces In Set: 3', 'Included: 2 Stool(s), 1 Bar(s)', 'Features: Umbrella Hole, Weather Resistant', 'Joinery: Butt Joint, Nailed, Screwed', 'Seating Capacity: 2']",0.0,0.0,ORIGINAL,False,False,79109060018,USD,signature design by ashley,"[{'colorName': 'Black Driftwood', 'swatchImageId': 'DP0322202111024146S.tif', 'colorizedImageId': 'DP0322202113013461M.tif', 'colorSeqNum': 1, 'skuId': '79109060018', 'defaultSwatch': False, 'skuAltImages': [{'imgId': 'DP0322202113013456M.tif', 'colorSeq': 1}, {'imgId': 'DP0322202113013449M.tif', 'colorSeq': 2}, {'imgId': 'DP0322202113013442M.tif', 'colorSeq': 3}]}]",/p/signature-design-by-ashley-fairen-3-pc-patio-bar-set/ppr5008216418?pTmplType=regular&searchTerm=patio+and+outdoor+furniture&geoZip=55057,"[{'message': 'Online Only', 'icon': 'mouse'}, {'message': 'Available for Shipping', 'icon': 'check'}]",False,791,True,2569.5,2569.5,RECLINER,False,False,2022-02-04T11:55:14,DP0322202113013461M.tif,DP0322202113013456M.tif,,,https://www.jcpenney.com/p/signature-design-by-ashley-fairen-3-pc-patio-bar-set/ppr5008216418?pTmplType=regular&searchTerm=patio+and+outdoor+furniture&geoZip=55057,20251225,patio and outdoor furniture
"LR Home Bora 14"" Handmade Polyester Pouf in Gray/Cream",ppr5008630099,,,217.0,217.0,217.0,217.0,ORIGINAL,False,False,available online only,False,False,original,False,True,"['Features: Indoor/Outdoor', 'Seating Capacity: 1', 'Measurements: 14 Height/Inches, 18 Depth/Inches, 18 Width/Inches', 'Maximum Weight Limit: 300 Lbs', 'Seat Height: 14 In']",0.0,0.0,ORIGINAL,False,False,79728080018,USD,lr home,"[{'colorName': 'Gray', 'swatchImageId': 'DP1031202507210636S.tif', 'colorizedImageId': 'DP1027202511011604M.tif', 'colorSeqNum': 1, 'skuId': '79728080018', 'defaultSwatch': False, 'skuAltImages': [{'imgId': 'DP1027202511011395M.tif', 'colorSeq': 0}, {'imgId': 'DP1027202511011814M.tif', 'colorSeq': 1}, {'imgId': 'DP1027202511011500M.tif', 'colorSeq': 2}]}]",/p/lr-home-bora-14-handmade-polyester-pouf-in-gray-cream/ppr5008630099?pTmplType=regular&searchTerm=patio+and+outdoor+furniture&geoZip=55057,"[{'message': 'Online Only', 'icon': 'mouse'}, {'message': 'Available for Shipping', 'icon': 'check'}]",False,797,True,195.3,195.3,GIFTWRAP,False,False,2025-11-03T09:57:30,DP1027202511011604M.tif,DP1027202511011395M.tif,"[{'name': 'NEW', 'priority': 1, 'urlParam': 'new'}]",,https://www.jcpenney.com/p/lr-home-bora-14-handmade-polyester-pouf-in-gray-cream/ppr5008630099?pTmplType=regular&searchTerm=patio+and+outdoor+furniture&geoZip=55057,20251225,patio and outdoor furniture
Pacifica 3-pc. Patio Lounge Set,ppr5008099364,,,1260.0,1260.0,1260.0,1260.0,ORIGINAL,False,False,available online only,False,False,original,False,True,"['# Pieces In Set: 3', 'Included: 2 Chair(s), 2 Seat Cushion(s), 1 Table(s)', 'Features: Weather Resistant, Folding, Removable Cushions, Quick Ship', 'Joinery: Nailed, Glued, Screwed', 'Seating Capacity: 2']",0.0,0.0,ORIGINAL,False,False,79111860034,USD,safavieh,"[{'colorName': 'Natural Beige', 'swatchImageId': 'DP0324202115021554S.tif', 'colorizedImageId': 'DP0324202115021549M.tif', 'colorSeqNum': 1, 'skuId': '79111860018', 'defaultSwatch': False, 'skuAltImages': [{'imgId': 'DP0324202115021564M.tif', 'colorSeq': 0}, {'imgId': 'DP0325202115014722M.tif', 'colorSeq': 1}, {'imgId': 'DP0324202115021568M.tif', 'colorSeq': 2}]}, {'colorName': 'Navy Stripe', 'swatchImageId': 'DP0224202209003341S.tif', 'colorizedImageId': 'DP0224202209003329M.tif', 'colorSeqNum': 2, 'skuId': '79111860026', 'defaultSwatch': False, 'skuAltImages': [{'imgId': 'DP0224202209003333M.tif', 'colorSeq': 0}, {'imgId': 'DP0224202209003337M.tif', 'colorSeq': 1}, {'imgId': 'DP0224202209003353M.tif', 'colorSeq': 2}]}, {'colorName': 'Natural Grey White', 'swatchImageId': 'DP0902202415072690S.tif', 'colorizedImageId': 'DP0902202415071569M.tif', 'colorSeqNum': 3, 'skuId': '79111860034', 'defaultSwatch': False, 'skuAltImages': [{'imgId': 'DP0902202415071874M.tif', 'colorSeq': 0}, {'imgId': 'DP0902202415072180M.tif', 'colorSeq': 1}, {'imgId': 'DP0902202415070856M.tif', 'colorSeq': 2}]}, {'colorName': 'Natural Navy', 'swatchImageId': 'DP0902202415072791S.tif', 'colorizedImageId': 'DP0902202415071671M.tif', 'colorSeqNum': 4, 'skuId': '79111860042', 'defaultSwatch': False, 'skuAltImages': [{'imgId': 'DP0902202415073807M.tif', 'colorSeq': 0}, {'imgId': 'DP0902202415071976M.tif', 'colorSeq': 1}, {'imgId': 'DP0902202415072282M.tif', 'colorSeq': 2}]}, {'colorName': 'Natural Yellow', 'swatchImageId': 'DP0902202415072893S.tif', 'colorizedImageId': 'DP0902202415071772M.tif', 'colorSeqNum': 5, 'skuId': '79111860059', 'defaultSwatch': False, 'skuAltImages': [{'imgId': 'DP0902202415073908M.tif', 'colorSeq': 0}, {'imgId': 'DP0902202415072079M.tif', 'colorSeq': 1}, {'imgId': 'DP0902202415072384M.tif', 'colorSeq': 2}]}, {'colorName': 'Black Gray', 'swatchImageId': 'DP0902202415072587S.tif', 'colorizedImageId': 'DP0902202415071468M.tif', 'colorSeqNum': 6, 'skuId': '79111860067', 'defaultSwatch': False, 'skuAltImages': [{'imgId': 'DP0902202415073705M.tif', 'colorSeq': 0}, {'imgId': 'DP0902202415070754M.tif', 'colorSeq': 1}, {'imgId': 'DP0902202415072485M.tif', 'colorSeq': 2}]}]",/p/pacifica-3-pc-patio-lounge-set/ppr5008099364?pTmplType=regular&searchTerm=patio+and+outdoor+furniture&geoZip=55057,"[{'message': 'Online Only', 'icon': 'mouse'}, {'message': 'Available for Shipping', 'icon': 'check'}]",False,791,True,945.0,945.0,RECLINER,False,False,2021-03-26T15:04:17,DP0324202115021549M.tif,DP0324202115021564M.tif,,,https://www.jcpenney.com/p/pacifica-3-pc-patio-lounge-set/ppr5008099364?pTmplType=regular&searchTerm=patio+and+outdoor+furniture&geoZip=55057,20251225,patio and outdoor furniture
Safavieh Semly Patio Collection 3-pc. Bistro Set Folding,ppr5008095947,,,870.0,870.0,870.0,870.0,ORIGINAL,False,False,available online only,False,False,original,False,True,"['# Pieces In Set: 3', 'Included: 1 Table(s), 2 Chair(s)', 'Features: Folding, Quick Ship, Armless, Weather Resistant', 'Joinery: Welded Joint, Screwed', 'Seating Capacity: 2']",0.0,0.0,ORIGINAL,False,False,79110890018,USD,safavieh,"[{'colorName': 'Pearl White', 'swatchImageId': 'DP0317202107031101S.tif', 'colorizedImageId': 'DP0317202107031092M.tif', 'colorSeqNum': 1, 'skuId': '79110890018', 'defaultSwatch': False, 'skuAltImages': [{'imgId': 'DP0316202107031095M.tif', 'colorSeq': 0}, {'imgId': 'DP0316202107031103M.tif', 'colorSeq': 1}, {'imgId': 'DP0316202107031110M.tif', 'colorSeq': 2}]}, {'colorName': 'Unearthed Rust', 'swatchImageId': 'DP0317202107031107S.tif', 'colorizedImageId': 'DP0317202107031096M.tif', 'colorSeqNum': 2, 'skuId': '79110890026', 'defaultSwatch': False, 'skuAltImages': [{'imgId': 'DP0316202107031099M.tif', 'colorSeq': 0}, {'imgId': 'DP0316202107031106M.tif', 'colorSeq': 1}, {'imgId': 'DP0316202107031114M.tif', 'colorSeq': 2}]}, {'colorName': 'Antique Blue', 'swatchImageId': 'DP0903202409144326S.tif', 'colorizedImageId': 'DP0903202409144122M.tif', 'colorSeqNum': 3, 'skuId': '79110890034', 'defaultSwatch': False, 'skuAltImages': [{'imgId': 'DP0903202409144936M.tif', 'colorSeq': 0}, {'imgId': 'DP0903202409145140M.tif', 'colorSeq': 1}, {'imgId': 'DP0903202409145648M.tif', 'colorSeq': 2}]}, {'colorName': 'Antique Green', 'swatchImageId': 'DP0903202409144427S.tif', 'colorizedImageId': 'DP0903202409144224M.tif', 'colorSeqNum': 4, 'skuId': '79110890042', 'defaultSwatch': False, 'skuAltImages': [{'imgId': 'DP0903202409145547M.tif', 'colorSeq': 0}, {'imgId': 'DP0903202409145038M.tif', 'colorSeq': 1}, {'imgId': 'DP0903202409145241M.tif', 'colorSeq': 2}]}]",/p/safavieh-semly-patio-collection-3-pc-bistro-set-folding/ppr5008095947?pTmplType=regular&searchTerm=patio+and+outdoor+furniture&geoZip=55057,"[{'message': 'Online Only', 'icon': 'mouse'}, {'message': 'Available for Shipping', 'icon': 'check'}]",False,791,True,652.5,652.5,RECLINER,False,False,2021-11-02T17:07:38,DP0317202107031092M.tif,DP0316202107031095M.tif,,,https://www.jcpenney.com/p/safavieh-semly-patio-collection-3-pc-bistro-set-folding/ppr5008095947?pTmplType=regular&searchTerm=patio+and+outdoor+furniture&geoZip=55057,20251225,patio and outdoor furniture
Safavieh Horus Patio Collection 7-pc. Weather Resistant Rectangular Dining Set,ppr5008099355,,,2470.0,2470.0,2470.0,2470.0,ORIGINAL,False,False,available online only,False,False,original,False,True,"['# Pieces In Set: 7', 'Included: 6 Seat Cushion(s), 1 Table(s), 6 Stool(s)', 'Features: Removable Cushions, Quick Ship, Weather Resistant', 'Joinery: Screwed, Welded Joint', 'Seating Capacity: 6']",0.0,0.0,ORIGINAL,False,False,79111770018,USD,safavieh,"[{'colorName': 'Black Beige', 'swatchImageId': 'DP0526202107015437S.tif', 'colorizedImageId': 'DP0525202113005716M.tif', 'colorSeqNum': 1, 'skuId': '79111770018', 'defaultSwatch': False, 'skuAltImages': [{'imgId': 'DP0324202115021271M.tif', 'colorSeq': 0}, {'imgId': 'DP0525202113005736M.tif', 'colorSeq': 1}, {'imgId': 'DP0525202113005731M.tif', 'colorSeq': 2}]}, {'colorName': 'Grey', 'swatchImageId': 'DP0324202115021237S.tif', 'colorizedImageId': 'DP0324202115021256M.tif', 'colorSeqNum': 2, 'skuId': '79111770026', 'defaultSwatch': False, 'skuAltImages': [{'imgId': 'DP0324202115021266M.tif', 'colorSeq': 0}, {'imgId': 'DP0324202115021277M.tif', 'colorSeq': 1}, {'imgId': 'DP0324202115021247M.tif', 'colorSeq': 2}]}, {'colorName': 'Black Lightgray', 'swatchImageId': 'DP0902202415061462S.tif', 'colorizedImageId': 'DP0902202415061258M.tif', 'colorSeqNum': 3, 'skuId': '79111770059', 'defaultSwatch': False, 'skuAltImages': [{'imgId': 'DP0902202415061361M.tif', 'colorSeq': 0}, {'imgId': 'DP0902202415061870M.tif', 'colorSeq': 1}, {'imgId': 'DP0902202415061769M.tif', 'colorSeq': 2}]}]",/p/safavieh-horus-patio-collection-7-pc-weather-resistant-rectangular-dining-set/ppr5008099355?pTmplType=regular&searchTerm=patio+and+outdoor+furniture&geoZip=55057,"[{'message': 'Online Only', 'icon': 'mouse'}, {'message': 'Available for Shipping', 'icon': 'check'}]",False,791,True,1852.5,1852.5,RECLINER,False,False,2021-03-24T22:04:34,DP0525202113005716M.tif,DP0324202115021271M.tif,,,https://www.jcpenney.com/p/safavieh-horus-patio-collection-7-pc-weather-resistant-rectangular-dining-set/ppr5008099355?pTmplType=regular&searchTerm=patio+and+outdoor+furniture&geoZip=55057,20251225,patio and outdoor furniture
7-pc. Rectangular Dining Set,ppr5008336775,,,2510.0,2510.0,2510.0,2510.0,ORIGINAL,False,False,available online only,False,False,original,False,True,"['# Pieces In Set: 7', 'Included: 6 Chair(s), 1 Table(s)', 'Features: Water Resistant, 4 Legs, Quick Ship', 'Seating Capacity: 6', 'Shape: Rectangle']",0.0,0.0,ORIGINAL,False,False,79122720018,USD,more brands,"[{'colorName': 'Brown', 'swatchImageId': 'DP0314202309333036S.tif', 'colorizedImageId': 'DP0314202309332622M.tif', 'colorSeqNum': 1, 'skuId': '79122720018', 'defaultSwatch': False, 'skuAltImages': [{'imgId': 'DP0314202309332725M.tif', 'colorSeq': 0}, {'imgId': 'DP0314202309332830M.tif', 'colorSeq': 1}, {'imgId': 'DP0314202309332414M.tif', 'colorSeq': 2}]}]",/p/7-pc-rectangular-dining-set/ppr5008336775?pTmplType=regular&searchTerm=patio+and+outdoor+furniture&geoZip=55057,"[{'message': 'Online Only', 'icon': 'mouse'}, {'message': 'Available for Shipping', 'icon': 'check'}]",False,791,True,1882.5,1882.5,RECLINER,False,False,2023-03-14T22:10:14,DP0314202309332622M.tif,DP0314202309332725M.tif,,,https://www.jcpenney.com/p/7-pc-rectangular-dining-set/ppr5008336775?pTmplType=regular&searchTerm=patio+and+outdoor+furniture&geoZip=55057,20251225,patio and outdoor furniture
Chaise Rocking Lounge Chair with Canopy and Pillows,ppr5008255053,,,670.0,670.0,670.0,670.0,ORIGINAL,False,False,available online only,False,False,original,False,True,"['Features: Weather Resistant, Quick Ship', 'Manufacturer Warranty: 1 Year', 'Maximum Weight Limit: 440 Lbs', 'Weight (lb.): 50 Lb', 'Assembly: Assembly Required']",0.0,0.0,ORIGINAL,True,False,79119300018,USD,more brands,"[{'colorName': 'Beige', 'swatchImageId': 'DP0622202207392967S.tif', 'colorizedImageId': 'DP0622202207392864M.tif', 'colorSeqNum': 1, 'skuId': '79119300018', 'defaultSwatch': False, 'skuAltImages': [{'imgId': 'DP0622202207393583M.tif', 'colorSeq': 0}, {'imgId': 'DP0622202207393480M.tif', 'colorSeq': 1}, {'imgId': 'DP0622202207393377M.tif', 'colorSeq': 2}]}]",/p/chaise-rocking-lounge-chair-with-canopy-and-pillows/ppr5008255053?pTmplType=regular&searchTerm=patio+and+outdoor+furniture&geoZip=55057,"[{'message': 'Online Only', 'icon': 'mouse'}, {'message': 'Available for Shipping', 'icon': 'check'}]",False,791,True,603.0,603.0,GIFTWRAP,False,False,2022-11-23T18:04:50,DP0622202207392864M.tif,DP0622202207393583M.tif,,,https://www.jcpenney.com/p/chaise-rocking-lounge-chair-with-canopy-and-pillows/ppr5008255053?pTmplType=regular&searchTerm=patio+and+outdoor+furniture&geoZip=55057,20251225,patio and outdoor furniture
Safavieh 5-pc. Conversation Set,ppr5008240296,,,1780.0,1780.0,1780.0,1780.0,ORIGINAL,False,False,available online only,False,False,original,False,True,"['# Pieces In Set: 5', 'Included: 4 Chair(s)', 'Features: Quick Ship', 'Joinery: Glued', 'Seating Capacity: 4']",0.0,0.0,ORIGINAL,False,False,79116740018,USD,safavieh,"[{'colorName': 'Natural Lt  Brown', 'swatchImageId': 'DP0422202207055139S.tif', 'colorizedImageId': 'DP0422202207055127M.tif', 'colorSeqNum': 1, 'skuId': '79116740018', 'defaultSwatch': False, 'skuAltImages': [{'imgId': 'DP0425202207031772M.tif', 'colorSeq': 0}, {'imgId': 'DP0422202207055152M.tif', 'colorSeq': 1}, {'imgId': 'DP0422202207055132M.tif', 'colorSeq': 2}]}, {'colorName': 'Grey', 'swatchImageId': 'DP0422202207055138S.tif', 'colorizedImageId': 'DP0425202207031770M.tif', 'colorSeqNum': 2, 'skuId': '79116740026', 'defaultSwatch': False, 'skuAltImages': [{'imgId': 'DP0422202207055150M.tif', 'colorSeq': 0}, {'imgId': 'DP0422202207055143M.tif', 'colorSeq': 1}, {'imgId': 'DP0422202207055130M.tif', 'colorSeq': 2}]}, {'colorName': 'Black', 'swatchImageId': 'DP0422202207055136S.tif', 'colorizedImageId': 'DP0425202207031769M.tif', 'colorSeqNum': 3, 'skuId': '79116740034', 'defaultSwatch': False, 'skuAltImages': [{'imgId': 'DP0422202207055149M.tif', 'colorSeq': 0}, {'imgId': 'DP0422202207055141M.tif', 'colorSeq': 1}, {'imgId': 'DP0422202207055128M.tif', 'colorSeq': 2}]}]",/p/safavieh-5-pc-conversation-set/ppr5008240296?pTmplType=regular&searchTerm=patio+and+outdoor+furniture&geoZip=55057,"[{'message': 'Online Only', 'icon': 'mouse'}, {'message': 'Available for Shipping', 'icon': 'check'}]",False,791,True,1335.0,1335.0,RECLINER,False,False,2022-04-22T22:03:31,DP0422202207055127M.tif,DP0425202207031772M.tif,,,https://www.jcpenney.com/p/safavieh-5-pc-conversation-set/ppr5008240296?pTmplType=regular&searchTerm=patio+and+outdoor+furniture&geoZip=55057,20251225,patio and outdoor furniture
Safavieh Chaston 4-pc. Conversation Set Cushioned,ppr5008448178,,,1800.0,1800.0,1800.0,1800.0,ORIGINAL,False,False,available online only,False,False,original,False,True,"['# Pieces In Set: 4', 'Included: 2 Chair(s), 3 Seat Back Cushion(s), 4 Throw Pillow(s), 3 Seat Cushion(s), 1 Table(s), 1 Bench(es)', 'Features: Cushioned, Quick Ship', 'Joinery: Screwed', 'Seating Capacity: 4']",0.0,0.0,ORIGINAL,False,False,79131310018,USD,safavieh,"[{'colorName': 'Natural Beige Navy', 'swatchImageId': 'DP0428202407045387S.tif', 'colorizedImageId': 'DP0428202407045286M.tif', 'colorSeqNum': 1, 'skuId': '79131310018', 'defaultSwatch': False, 'skuAltImages': [{'imgId': 'DP0428202407045795M.tif', 'colorSeq': 0}, {'imgId': 'DP0428202407045693M.tif', 'colorSeq': 1}, {'imgId': 'DP0428202407045591M.tif', 'colorSeq': 2}]}]",/p/safavieh-chaston-4-pc-conversation-set-cushioned/ppr5008448178?pTmplType=regular&searchTerm=patio+and+outdoor+furniture&geoZip=55057,"[{'message': 'Online Only', 'icon': 'mouse'}, {'message': 'Available for Shipping', 'icon': 'check'}]",False,791,True,1350.0,1350.0,RECLINER,False,False,2024-04-25T22:03:01,DP0428202407045286M.tif,DP0428202407045795M.tif,,,https://www.jcpenney.com/p/safavieh-chaston-4-pc-conversation-set-cushioned/ppr5008448178?pTmplType=regular&searchTerm=patio+and+outdoor+furniture&geoZip=55057,20251225,patio and outdoor furniture
Grenada 2-pc. Conversation Set,ppr5008431287,,,1200.0,1200.0,1200.0,1200.0,ORIGINAL,False,False,available online only,False,False,original,False,True,"['# Pieces In Set: 2', 'Included: 1 Coffee Table, 1 Loveseat(s), 1 Seat Cushion(s), 1 Seat Back Cushion(s)', 'Features: Removable Cushions, Quick Ship, Water Resistant', 'Manufacturer Warranty: 90 Days Limited', 'Seating Capacity: 2']",0.0,0.0,ORIGINAL,False,False,79129670018,USD,more brands,"[{'colorName': 'Beige', 'swatchImageId': 'DP0209202413071184S.tif', 'colorizedImageId': 'DP0220202407103794M.tif', 'colorSeqNum': 1, 'skuId': '79129670018', 'defaultSwatch': False, 'skuAltImages': [{'imgId': 'DP0220202407103999M.tif', 'colorSeq': 0}, {'imgId': 'DP0220202407103896M.tif', 'colorSeq': 1}, {'imgId': 'DP0209202413070978M.tif', 'colorSeq': 4}]}]",/p/grenada-2-pc-conversation-set/ppr5008431287?pTmplType=regular&searchTerm=patio+and+outdoor+furniture&geoZip=55057,"[{'message': 'Online Only', 'icon': 'mouse'}, {'message': 'Available for Shipping', 'icon': 'check'}]",False,791,True,900.0,900.0,RECLINER,False,False,2024-02-09T22:03:29,DP0220202407103794M.tif,DP0220202407103999M.tif,,,https://www.jcpenney.com/p/grenada-2-pc-conversation-set/ppr5008431287?pTmplType=regular&searchTerm=patio+and+outdoor+furniture&geoZip=55057,20251225,patio and outdoor furniture
Brava 2-pc. Conversation Set,ppr5008336628,,,1810.0,1810.0,1810.0,1810.0,ORIGINAL,False,False,available online only,False,False,original,False,True,"['# Pieces In Set: 2', 'Included: 1 Table(s), 1 Loveseat(s)', 'Features: Upholstered, 4 Legs, Quick Ship', 'Seating Capacity: 2', 'Shape: Square']",0.0,0.0,ORIGINAL,False,False,79122260018,USD,more brands,"[{'colorName': 'Gray', 'swatchImageId': 'DP0314202309254886S.tif', 'colorizedImageId': 'DP0314202309254472M.tif', 'colorSeqNum': 1, 'skuId': '79122260018', 'defaultSwatch': False, 'skuAltImages': [{'imgId': 'DP0314202309254576M.tif', 'colorSeq': 0}, {'imgId': 'DP0314202309255093M.tif', 'colorSeq': 1}, {'imgId': 'DP0314202309254680M.tif', 'colorSeq': 2}]}]",/p/brava-2-pc-conversation-set/ppr5008336628?pTmplType=regular&searchTerm=patio+and+outdoor+furniture&geoZip=55057,"[{'message': 'Online Only', 'icon': 'mouse'}, {'message': 'Available for Shipping', 'icon': 'check'}]",False,791,True,1357.5,1357.5,RECLINER,False,False,2023-03-14T22:10:02,DP0314202309254472M.tif,DP0314202309254576M.tif,"[{'name': 'Few Left', 'priority': 1, 'urlParam': 'fewleft'}]",,https://www.jcpenney.com/p/brava-2-pc-conversation-set/ppr5008336628?pTmplType=regular&searchTerm=patio+and+outdoor+furniture&geoZip=55057,20251225,patio and outdoor furniture
Burchett 4-pc. Conversation Set,ppr5008328410,5.0,1.0,2620.0,2620.0,2620.0,2620.0,ORIGINAL,False,False,available online only,False,False,original,False,True,"['# Pieces In Set: 4', 'Included: 1 Coffee Table, 2 Seat Cushion(s), 2 Chair(s), 1 Loveseat(s)', 'Features: Removable Cushions, 4 Legs, Water Resistant', 'Manufacturer Warranty: 90 Days', 'Seating Capacity: 4']",0.0,0.0,ORIGINAL,False,False,79121440018,USD,more brands,"[{'colorName': 'Beige', 'swatchImageId': 'DP0204202307061776S.tif', 'colorizedImageId': 'DP0204202307061571M.tif', 'colorSeqNum': 1, 'skuId': '79121440018', 'defaultSwatch': False, 'skuAltImages': [{'imgId': 'DP0204202307062085M.tif', 'colorSeq': 0}, {'imgId': 'DP0204202307061365M.tif', 'colorSeq': 1}, {'imgId': 'DP0204202307061674M.tif', 'colorSeq': 2}]}]",/p/burchett-4-pc-conversation-set/ppr5008328410?pTmplType=regular&searchTerm=patio+and+outdoor+furniture&geoZip=55057,"[{'message': 'Online Only', 'icon': 'mouse'}, {'message': 'Available for Shipping', 'icon': 'check'}]",False,791,True,1965.0,1965.0,RECLINER,False,False,2023-02-06T07:06:07,DP0204202307061571M.tif,DP0204202307062085M.tif,,,https://www.jcpenney.com/p/burchett-4-pc-conversation-set/ppr5008328410?pTmplType=regular&searchTerm=patio+and+outdoor+furniture&geoZip=55057,20251225,patio and outdoor furniture
Safavieh Tallen Collection Weather Resistant Concrete Coffee Table,ppr5008094580,,,1070.0,1070.0,1070.0,1070.0,ORIGINAL,False,False,available online only,False,False,original,False,True,"['Included: 1 Table(s)', 'Features: Quick Ship, Weather Resistant', 'Shape: Square', 'Tools Required: Screws (included), Allen Wrench (included)', 'Maximum Weight Limit: 50 Lbs']",0.0,0.0,ORIGINAL,False,False,79109780018,USD,safavieh,"[{'colorName': 'Dark Grey', 'swatchImageId': 'DP0311202113020279S.tif', 'colorizedImageId': 'DP0311202113020275M.tif', 'colorSeqNum': 1, 'skuId': '79109780018', 'defaultSwatch': False, 'skuAltImages': [{'imgId': 'DP0311202113020291M.tif', 'colorSeq': 0}, {'imgId': 'DP0311202113020295M.tif', 'colorSeq': 1}, {'imgId': 'DP0311202113020287M.tif', 'colorSeq': 2}]}]",/p/safavieh-tallen-collection-weather-resistant-concrete-coffee-table/ppr5008094580?pTmplType=regular&searchTerm=patio+and+outdoor+furniture&geoZip=55057,"[{'message': 'Online Only', 'icon': 'mouse'}, {'message': 'Available for Shipping', 'icon': 'check'}]",False,791,True,802.5,802.5,RECLINER,False,False,2021-03-11T22:03:11,DP0311202113020275M.tif,DP0311202113020291M.tif,,,https://www.jcpenney.com/p/safavieh-tallen-collection-weather-resistant-concrete-coffee-table/ppr5008094580?pTmplType=regular&searchTerm=patio+and+outdoor+furniture&geoZip=55057,20251225,patio and outdoor furniture
Austin 7-pc. Rectangular Dining Set,ppr5008367048,,,3660.0,3660.0,3660.0,3660.0,ORIGINAL,False,False,available online only,False,False,original,False,True,"['# Pieces In Set: 7', 'Included: 1 Table(s), 6 Chair(s)', 'Features: Umbrella Hole, 4 Legs, Quick Ship, Easy Care, Easy Clean', 'Manufacturer Warranty: 90 Days Limited', 'Seating Capacity: 6']",0.0,0.0,ORIGINAL,False,False,79125190018,USD,more brands,"[{'colorName': 'Shiny Copper', 'swatchImageId': 'DP1023202515120754S.tif', 'colorizedImageId': 'DP1023202515120649M.tif', 'colorSeqNum': 1, 'skuId': '79125190018', 'defaultSwatch': False, 'skuAltImages': [{'imgId': 'DP1023202515121170M.tif', 'colorSeq': 0}, {'imgId': 'DP1023202515121065M.tif', 'colorSeq': 1}, {'imgId': 'DP1023202515120961M.tif', 'colorSeq': 2}]}]",/p/austin-7-pc-rectangular-dining-set/ppr5008367048?pTmplType=regular&searchTerm=patio+and+outdoor+furniture&geoZip=55057,"[{'message': 'Online Only', 'icon': 'mouse'}, {'message': 'Available for Shipping', 'icon': 'check'}]",False,791,True,2745.0,2745.0,RECLINER,False,False,2025-10-23T22:05:39,DP1023202515120649M.tif,DP1023202515121170M.tif,"[{'name': 'NEW', 'priority': 1, 'urlParam': 'new'}]",,https://www.jcpenney.com/p/austin-7-pc-rectangular-dining-set/ppr5008367048?pTmplType=regular&searchTerm=patio+and+outdoor+furniture&geoZip=55057,20251225,patio and outdoor furniture
Safavieh Chante Patio Collection 5-pc. Weather Resistant Round Dining Set,ppr5008099454,,,1440.0,1440.0,1440.0,1440.0,ORIGINAL,False,False,available online only,False,False,original,False,True,"['# Pieces In Set: 5', 'Included: 4 Chair(s), 1 Table(s)', 'Features: Weather Resistant, Stackable, Quick Ship', 'Joinery: Nailed, Glued, Screwed', 'Seating Capacity: 4']",0.0,0.0,ORIGINAL,False,False,79111710018,USD,safavieh,"[{'colorName': 'Natural Beige', 'swatchImageId': 'DP0324202115021005S.tif', 'colorizedImageId': 'DP0324202115021000M.tif', 'colorSeqNum': 1, 'skuId': '79111710018', 'defaultSwatch': False, 'skuAltImages': [{'imgId': 'DP0324202115021026M.tif', 'colorSeq': 0}, {'imgId': 'DP0324202115021021M.tif', 'colorSeq': 1}, {'imgId': 'DP0324202115021016M.tif', 'colorSeq': 2}]}]",/p/safavieh-chante-patio-collection-5-pc-weather-resistant-round-dining-set/ppr5008099454?pTmplType=regular&searchTerm=patio+and+outdoor+furniture&geoZip=55057,"[{'message': 'Online Only', 'icon': 'mouse'}, {'message': 'Available for Shipping', 'icon': 'check'}]",False,791,True,1080.0,1080.0,RECLINER,False,False,2021-03-26T15:04:17,DP0324202115021000M.tif,DP0324202115021026M.tif,,,https://www.jcpenney.com/p/safavieh-chante-patio-collection-5-pc-weather-resistant-round-dining-set/ppr5008099454?pTmplType=regular&searchTerm=patio+and+outdoor+furniture&geoZip=55057,20251225,patio and outdoor furniture
Safavieh Bruna Patio Collection 3-pc. Bistro Set Folding,ppr5008095959,,,940.0,940.0,940.0,940.0,ORIGINAL,False,False,available online only,False,False,original,False,True,"['# Pieces In Set: 3', 'Included: 1 Table(s), 2 Chair(s)', 'Features: Armless, Folding, Quick Ship, Weather Resistant', 'Joinery: Nailed, Glued, Screwed', 'Seating Capacity: 2']",0.0,0.0,ORIGINAL,False,False,79110910018,USD,safavieh,"[{'colorName': 'Natural', 'swatchImageId': 'DP0317202107031187S.tif', 'colorizedImageId': 'DP0317202107031182M.tif', 'colorSeqNum': 1, 'skuId': '79110910018', 'defaultSwatch': False, 'skuAltImages': [{'imgId': 'DP0316202107031162M.tif', 'colorSeq': 4}, {'imgId': 'DP0316202107031158M.tif', 'colorSeq': 5}, {'imgId': 'DP0316202107031154M.tif', 'colorSeq': 6}]}]",/p/safavieh-bruna-patio-collection-3-pc-bistro-set-folding/ppr5008095959?pTmplType=regular&searchTerm=patio+and+outdoor+furniture&geoZip=55057,"[{'message': 'Online Only', 'icon': 'mouse'}, {'message': 'Available for Shipping', 'icon': 'check'}]",False,791,True,705.0,705.0,RECLINER,False,False,2021-03-16T22:02:45,DP0317202107031182M.tif,DP0316202107031162M.tif,,,https://www.jcpenney.com/p/safavieh-bruna-patio-collection-3-pc-bistro-set-folding/ppr5008095959?pTmplType=regular&searchTerm=patio+and+outdoor+furniture&geoZip=55057,20251225,patio and outdoor furniture
Signature Design by Ashley® Sundown Treasure Weather Resistant Side Table,ppr5008364047,5.0,3.0,240.0,240.0,240.0,240.0,ORIGINAL,False,False,available online only,False,False,original,False,True,"['Included: 1 Table(s)', 'Features: Outdoor, Non-Toxic, Quick Ship, Weather Resistant, Rust Resistant, 4 Legs, Waterproof', 'Shape: Rectangle', 'Tools Required: Allen Wrench (included), Screws (included)', 'Table Measurements: 18.88 Length/Inches, 15 Width/Inches, 18 Height/Inches']",0.0,0.0,ORIGINAL,False,False,79124550018,USD,signature design by ashley,"[{'colorName': 'Blue', 'swatchImageId': 'DP0703202315102305S.tif', 'colorizedImageId': 'DP1020202309050315M.tif', 'colorSeqNum': 1, 'skuId': '79124550018', 'defaultSwatch': False, 'skuAltImages': [{'imgId': 'DP0703202315102099M.tif', 'colorSeq': 1}, {'imgId': 'DP1020202309050522M.tif', 'colorSeq': 2}, {'imgId': 'DP0703202315101893M.tif', 'colorSeq': 4}]}]",/p/signature-design-by-ashley-sundown-treasure-weather-resistant-side-table/ppr5008364047?pTmplType=regular&searchTerm=patio+and+outdoor+furniture&geoZip=55057,"[{'message': 'Online Only', 'icon': 'mouse'}, {'message': 'Available for Shipping', 'icon': 'check'}]",False,791,True,216.0,216.0,GIFTWRAP,False,False,2023-07-10T09:03:15,DP1020202309050315M.tif,DP0703202315102099M.tif,,,https://www.jcpenney.com/p/signature-design-by-ashley-sundown-treasure-weather-resistant-side-table/ppr5008364047?pTmplType=regular&searchTerm=patio+and+outdoor+furniture&geoZip=55057,20251225,patio and outdoor furniture
Carribean 3-pc. Bar Set,ppr5008305701,,,755.0,755.0,755.0,755.0,ORIGINAL,False,False,available online only,False,False,original,False,True,"['# Pieces In Set: 3', 'Included: 1 Table(s), 2 Stool(s)', 'Features: Backless', 'Manufacturer Warranty: 90 Days Limited', 'Seating Capacity: 2']",0.0,0.0,ORIGINAL,False,False,79121000018,USD,more brands,"[{'colorName': 'Gray', 'swatchImageId': 'DP1107202211424119S.tif', 'colorizedImageId': 'DP1107202211423912M.tif', 'colorSeqNum': 1, 'skuId': '79121000018', 'defaultSwatch': False, 'skuAltImages': [{'imgId': 'DP1107202211423706M.tif', 'colorSeq': 0}, {'imgId': 'DP1107202211424016M.tif', 'colorSeq': 1}, {'imgId': 'DP1107202211424222M.tif', 'colorSeq': 2}]}]",/p/carribean-3-pc-bar-set/ppr5008305701?pTmplType=regular&searchTerm=patio+and+outdoor+furniture&geoZip=55057,"[{'message': 'Online Only', 'icon': 'mouse'}, {'message': 'Available for Shipping', 'icon': 'check'}]",False,791,True,566.25,566.25,RECLINER,False,False,2022-11-08T07:10:45,DP1107202211423912M.tif,DP1107202211423706M.tif,,,https://www.jcpenney.com/p/carribean-3-pc-bar-set/ppr5008305701?pTmplType=regular&searchTerm=patio+and+outdoor+furniture&geoZip=55057,20251225,patio and outdoor furniture
Signature Design by Ashley® Fairen 5 Pc Patio Bar Set,ppr5008216420,,,5276.0,5276.0,5276.0,5276.0,ORIGINAL,False,False,available online only,False,False,original,False,True,"['# Pieces In Set: 5', 'Included: 1 Bar(s), 4 Stool(s)', 'Features: Umbrella Hole, Weather Resistant', 'Joinery: Butt Joint, Screwed, Nailed', 'Seating Capacity: 4']",0.0,0.0,ORIGINAL,False,False,79109070018,USD,signature design by ashley,"[{'colorName': 'Black Driftwood', 'swatchImageId': 'DP0322202111024151S.tif', 'colorizedImageId': 'DP0322202113013467M.tif', 'colorSeqNum': 1, 'skuId': '79109070018', 'defaultSwatch': False, 'skuAltImages': [{'imgId': 'DP0322202113013487M.tif', 'colorSeq': 0}, {'imgId': 'DP0322202113013482M.tif', 'colorSeq': 1}, {'imgId': 'DP0322202113013476M.tif', 'colorSeq': 2}]}]",/p/signature-design-by-ashley-fairen-5-pc-patio-bar-set/ppr5008216420?pTmplType=regular&searchTerm=patio+and+outdoor+furniture&geoZip=55057,"[{'message': 'Online Only', 'icon': 'mouse'}, {'message': 'Available for Shipping', 'icon': 'check'}]",False,791,True,3957.0,3957.0,RECLINER,False,False,2022-02-04T11:55:14,DP0322202113013467M.tif,DP0322202113013487M.tif,,,https://www.jcpenney.com/p/signature-design-by-ashley-fairen-5-pc-patio-bar-set/ppr5008216420?pTmplType=regular&searchTerm=patio+and+outdoor+furniture&geoZip=55057,20251225,patio and outdoor furniture
Signature Design by Ashley® Beach Front 2-pc. Dining Chair,ppr5008361547,,,2400.0,2400.0,2400.0,2400.0,ORIGINAL,False,False,available online only,False,False,original,False,True,"['# Pieces In Set: 2', 'Included: 2 Chair(s), 2 Seat Cushion(s)', 'Features: Uv Protection, Cushioned, Outdoor, Stain Resistant, Weather Resistant, Removable Cushions, 4 Legs, Fade Resistant, Rust Resistant, Non-Toxic', 'Seating Capacity: 2', 'Measurements: 34.65 Height/Inches, 27.95 Width/Inches, 26.57 Depth/Inches']",0.0,0.0,ORIGINAL,False,False,79124240018,USD,signature design by ashley,"[{'colorName': 'Beige', 'swatchImageId': 'DP0518202313021226S.tif', 'colorizedImageId': 'DP0929202313013505M.tif', 'colorSeqNum': 1, 'skuId': '79124240018', 'defaultSwatch': False, 'skuAltImages': [{'imgId': 'DP0929202313013608M.tif', 'colorSeq': 0}, {'imgId': 'DP0929202313013711M.tif', 'colorSeq': 2}, {'imgId': 'DP0929202313013401M.tif', 'colorSeq': 4}]}]",/p/signature-design-by-ashley-beach-front-2-pc-dining-chair/ppr5008361547?pTmplType=regular&searchTerm=patio+and+outdoor+furniture&geoZip=55057,"[{'message': 'Online Only', 'icon': 'mouse'}, {'message': 'Available for Shipping', 'icon': 'check'}]",False,791,True,1800.0,1800.0,RECLINER,False,False,2023-05-22T09:03:48,DP0929202313013505M.tif,DP0929202313013608M.tif,,,https://www.jcpenney.com/p/signature-design-by-ashley-beach-front-2-pc-dining-chair/ppr5008361547?pTmplType=regular&searchTerm=patio+and+outdoor+furniture&geoZip=55057,20251225,patio and outdoor furniture
Signature Design by Ashley® Danson 4-pc. Lounge Chair,ppr5008361556,3.0,3.0,2200.0,2200.0,2200.0,2200.0,ORIGINAL,False,False,available online only,False,False,original,False,True,"['# Pieces In Set: 4', 'Included: 1 Seat Cushion(s), 2 Seat Back Cushion(s), 1 Chair(s)', 'Features: Stain Resistant, Cushioned, Removable Cushions, Fade Resistant, Outdoor, Swivel, Weather Resistant, Uv Protection, Non-Toxic', 'Seating Capacity: 2', 'Measurements: 39.3 Width/Inches']",0.0,0.0,ORIGINAL,True,False,79124330018,USD,signature design by ashley,"[{'colorName': 'Beige', 'swatchImageId': 'DP0518202313032151S.tif', 'colorizedImageId': 'DP0518202313031841M.tif', 'colorSeqNum': 1, 'skuId': '79124330018', 'defaultSwatch': False, 'skuAltImages': [{'imgId': 'DP0518202313031944M.tif', 'colorSeq': 0}, {'imgId': 'DP0518202313032048M.tif', 'colorSeq': 1}, {'imgId': 'DP0518202313031635M.tif', 'colorSeq': 2}]}]",/p/signature-design-by-ashley-danson-4-pc-lounge-chair/ppr5008361556?pTmplType=regular&searchTerm=patio+and+outdoor+furniture&geoZip=55057,"[{'message': 'Online Only', 'icon': 'mouse'}, {'message': 'Available for Shipping', 'icon': 'check'}]",False,791,True,1650.0,1650.0,RECLINER,False,False,2023-05-22T09:03:48,DP0518202313031841M.tif,DP0518202313031944M.tif,,,https://www.jcpenney.com/p/signature-design-by-ashley-danson-4-pc-lounge-chair/ppr5008361556?pTmplType=regular&searchTerm=patio+and+outdoor+furniture&geoZip=55057,20251225,patio and outdoor furniture
Jamila Metal Side Table,ppr5008297614,,,180.0,180.0,180.0,180.0,ORIGINAL,False,False,available online only,False,False,original,False,True,"['Included: 1 Table(s)', 'Features: Easy Care, Quick Ship', 'Joinery: Nailed', 'Manufacturer Warranty: 30 Days', 'Shape: Circle']",0.0,0.0,ORIGINAL,False,False,79120930018,USD,more brands,"[{'colorName': 'Red', 'swatchImageId': 'DP1013202207505073S.tif', 'colorizedImageId': 'DP1013202207504866M.tif', 'colorSeqNum': 1, 'skuId': '79120930018', 'defaultSwatch': False, 'skuAltImages': [{'imgId': 'DP1013202207504970M.tif', 'colorSeq': 0}, {'imgId': 'DP1013202207505279M.tif', 'colorSeq': 1}, {'imgId': 'DP1013202207504763M.tif', 'colorSeq': 2}]}]",/p/jamila-metal-side-table/ppr5008297614?pTmplType=regular&searchTerm=patio+and+outdoor+furniture&geoZip=55057,"[{'message': 'Online Only', 'icon': 'mouse'}, {'message': 'Available for Shipping', 'icon': 'check'}]",False,791,True,162.0,162.0,GIFTWRAP,False,False,2022-10-13T22:05:33,DP1013202207504866M.tif,DP1013202207504970M.tif,,,https://www.jcpenney.com/p/jamila-metal-side-table/ppr5008297614?pTmplType=regular&searchTerm=patio+and+outdoor+furniture&geoZip=55057,20251225,patio and outdoor furniture
Kirkside Mid Century 3-pc. Bistro Set,ppr5008234218,,,1850.0,1850.0,1850.0,1850.0,ORIGINAL,False,False,available online only,False,False,original,False,True,"['# Pieces In Set: 3', 'Included: 2 Chair(s), 1 Coffee Table(s)', 'Features: Quick Ship, Weather Resistant, Waterproof, 4 Legs, Outdoor', 'Joinery: Cam And Bolt Lock', 'Manufacturer Warranty: 1 Year']",0.0,0.0,ORIGINAL,False,False,79115610018,USD,more brands,"[{'colorName': 'Blue', 'swatchImageId': 'DP0418202209021252S.tif', 'colorizedImageId': 'DP0418202209021239M.tif', 'colorSeqNum': 1, 'skuId': '79115610018', 'defaultSwatch': False, 'skuAltImages': [{'imgId': 'DP0418202209021253M.tif', 'colorSeq': 0}, {'imgId': 'DP0418202209021242M.tif', 'colorSeq': 1}, {'imgId': 'DP0418202209021256M.tif', 'colorSeq': 2}]}]",/p/kirkside-mid-century-3-pc-bistro-set/ppr5008234218?pTmplType=regular&searchTerm=patio+and+outdoor+furniture&geoZip=55057,"[{'message': 'Online Only', 'icon': 'mouse'}, {'message': 'Available for Shipping', 'icon': 'check'}]",False,791,True,1387.5,1387.5,RECLINER,False,False,2022-04-18T22:04:56,DP0418202209021239M.tif,DP0418202209021253M.tif,,,https://www.jcpenney.com/p/kirkside-mid-century-3-pc-bistro-set/ppr5008234218?pTmplType=regular&searchTerm=patio+and+outdoor+furniture&geoZip=55057,20251225,patio and outdoor furniture
Safavieh Europa 3-pc. Rectangular Dining Set,ppr5008233296,,,1370.0,1370.0,1370.0,1370.0,ORIGINAL,False,False,available online only,False,False,original,False,True,"['# Pieces In Set: 3', 'Included: 1 Table(s), 2 Bench(es)', 'Features: Quick Ship, Water Resistant', 'Joinery: Screwed, Glued, Nailed', 'Seating Capacity: 6']",0.0,0.0,ORIGINAL,False,False,79115240018,USD,safavieh,"[{'colorName': 'Natural', 'swatchImageId': 'DP0404202207062880S.tif', 'colorizedImageId': 'DP0404202207062862M.tif', 'colorSeqNum': 1, 'skuId': '79115240018', 'defaultSwatch': False, 'skuAltImages': [{'imgId': 'DP0404202207062888M.tif', 'colorSeq': 0}, {'imgId': 'DP0404202207062883M.tif', 'colorSeq': 1}, {'imgId': 'DP0404202207062867M.tif', 'colorSeq': 2}]}]",/p/safavieh-europa-3-pc-rectangular-dining-set/ppr5008233296?pTmplType=regular&searchTerm=patio+and+outdoor+furniture&geoZip=55057,"[{'message': 'Online Only', 'icon': 'mouse'}, {'message': 'Available for Shipping', 'icon': 'check'}]",False,791,True,1027.5,1027.5,RECLINER,False,False,2022-04-04T22:04:24,DP0404202207062862M.tif,DP0404202207062888M.tif,,,https://www.jcpenney.com/p/safavieh-europa-3-pc-rectangular-dining-set/ppr5008233296?pTmplType=regular&searchTerm=patio+and+outdoor+furniture&geoZip=55057,20251225,patio and outdoor furniture
Safavieh Kerman Patio Collection 5-pc. Weather Resistant Hexagon Dining Set,ppr5008099349,,,1180.0,1180.0,1180.0,1180.0,ORIGINAL,False,False,available online only,False,False,original,False,True,"['# Pieces In Set: 5', 'Included: 4 Chair(s), 1 Table(s)', 'Features: Weather Resistant, Folding, Quick Ship, Wheeled', 'Joinery: Screwed, Nailed, Glued', 'Seating Capacity: 4']",0.0,0.0,ORIGINAL,False,False,79111690018,USD,safavieh,"[{'colorName': 'Black', 'swatchImageId': 'DP0324202115020952S.tif', 'colorizedImageId': 'DP0324202115020947M.tif', 'colorSeqNum': 1, 'skuId': '79111690018', 'defaultSwatch': False, 'skuAltImages': [{'imgId': 'DP0324202115020967M.tif', 'colorSeq': 0}, {'imgId': 'DP0324202115020962M.tif', 'colorSeq': 1}, {'imgId': 'DP0324202115020972M.tif', 'colorSeq': 2}]}]",/p/safavieh-kerman-patio-collection-5-pc-weather-resistant-hexagon-dining-set/ppr5008099349?pTmplType=regular&searchTerm=patio+and+outdoor+furniture&geoZip=55057,"[{'message': 'Online Only', 'icon': 'mouse'}, {'message': 'Available for Shipping', 'icon': 'check'}]",False,791,True,885.0,885.0,RECLINER,False,False,2021-03-26T15:04:17,DP0324202115020947M.tif,DP0324202115020967M.tif,,,https://www.jcpenney.com/p/safavieh-kerman-patio-collection-5-pc-weather-resistant-hexagon-dining-set/ppr5008099349?pTmplType=regular&searchTerm=patio+and+outdoor+furniture&geoZip=55057,20251225,patio and outdoor furniture
Massey Concrete Side Table,ppr5008367077,,,230.0,230.0,230.0,230.0,ORIGINAL,False,False,available online only,False,False,original,False,True,"['Included: 1 Table(s)', 'Features: Easy Clean, Easy Care', 'Manufacturer Warranty: 90 Days Limited', 'Shape: Round', 'Maximum Weight Limit: 10 Lbs']",0.0,0.0,ORIGINAL,False,False,79125490018,USD,more brands,"[{'colorName': 'Light Gray', 'swatchImageId': 'DP1023202515134665S.tif', 'colorizedImageId': 'DP1023202515134560M.tif', 'colorSeqNum': 1, 'skuId': '79125490018', 'defaultSwatch': False, 'skuAltImages': [{'imgId': 'DP1023202515135188M.tif', 'colorSeq': 0}, {'imgId': 'DP1023202515135083M.tif', 'colorSeq': 1}, {'imgId': 'DP1023202515134873M.tif', 'colorSeq': 2}]}]",/p/massey-concrete-side-table/ppr5008367077?pTmplType=regular&searchTerm=patio+and+outdoor+furniture&geoZip=55057,"[{'message': 'Online Only', 'icon': 'mouse'}, {'message': 'Available for Shipping', 'icon': 'check'}]",False,791,True,207.0,207.0,GIFTWRAP,False,False,2025-10-23T22:05:42,DP1023202515134560M.tif,DP1023202515135188M.tif,"[{'name': 'NEW', 'priority': 1, 'urlParam': 'new'}]",,https://www.jcpenney.com/p/massey-concrete-side-table/ppr5008367077?pTmplType=regular&searchTerm=patio+and+outdoor+furniture&geoZip=55057,20251225,patio and outdoor furniture
"Signature Design by Ashley® Hyland Wave Outdoor Swivel Glider Chair
",ppr5008438204,5.0,5.0,1750.0,17450.0,1750.0,17450.0,ORIGINAL,False,False,available online only,False,False,original,False,True,"['Included: 1 Chair(s)', 'Features: Weather Resistant, Swivel, Gliding', 'Seating Capacity: 1', 'Tools Required: Screws (included), Allen Wrench (included)', 'Chair Measurements: 30.88 Width/Inches, 41.63 Height/Inches, 30.5 Depth/Inches']",0.0,0.0,ORIGINAL,True,False,79130330018,USD,signature design by ashley,"[{'colorName': 'Driftwood', 'swatchImageId': 'DP0313202413031326S.tif', 'colorizedImageId': 'DP0313202413031018M.tif', 'colorSeqNum': 1, 'skuId': '79130330018', 'defaultSwatch': False, 'skuAltImages': [{'imgId': 'DP0313202413031121M.tif', 'colorSeq': 0}, {'imgId': 'DP0313202413031224M.tif', 'colorSeq': 1}, {'imgId': 'DP0313202413030914M.tif', 'colorSeq': 2}]}, {'colorName': 'Black', 'swatchImageId': 'DP0313202413030709S.tif', 'colorizedImageId': 'DP0318202407055010M.tif', 'colorSeqNum': 2, 'skuId': '79130310018', 'defaultSwatch': False, 'skuAltImages': [{'imgId': 'DP0318202407055114M.tif', 'colorSeq': 0}, {'imgId': 'DP0318202407055216M.tif', 'colorSeq': 2}, {'imgId': 'DP0318202407054906M.tif', 'colorSeq': 4}]}, {'colorName': 'White', 'swatchImageId': 'DP0313202413031946S.tif', 'colorizedImageId': 'DP0313202413031638M.tif', 'colorSeqNum': 3, 'skuId': '79130340018', 'defaultSwatch': False, 'skuAltImages': [{'imgId': 'DP0313202413031741M.tif', 'colorSeq': 0}, {'imgId': 'DP0313202413031843M.tif', 'colorSeq': 1}, {'imgId': 'DP0313202413031531M.tif', 'colorSeq': 2}]}]",/p/signature-design-by-ashley-hyland-wave-outdoor-swivel-glider-chair/ppr5008438204?pTmplType=regular&searchTerm=patio+and+outdoor+furniture&geoZip=55057,"[{'message': 'Online Only', 'icon': 'mouse'}, {'message': 'Available for Shipping', 'icon': 'check'}]",False,791,True,13087.5,1312.5,RECLINER,False,False,2024-03-13T22:04:53,DP0313202413031018M.tif,DP0313202413031121M.tif,,,https://www.jcpenney.com/p/signature-design-by-ashley-hyland-wave-outdoor-swivel-glider-chair/ppr5008438204?pTmplType=regular&searchTerm=patio+and+outdoor+furniture&geoZip=55057,20251225,patio and outdoor furniture
Safavieh Aquina 3-pc. Rectangular Dining Set,ppr5008233295,,,1440.0,1440.0,1440.0,1440.0,ORIGINAL,False,False,available online only,False,False,original,False,True,"['# Pieces In Set: 3', 'Included: 2 Bench(es), 1 Table(s)', 'Features: Water Resistant, Quick Ship', 'Joinery: Nailed, Screwed, Glued', 'Seating Capacity: 6']",0.0,0.0,ORIGINAL,False,False,79115230018,USD,safavieh,"[{'colorName': 'Natural Lt Brown', 'swatchImageId': 'DP0404202207062840S.tif', 'colorizedImageId': 'DP0404202207062822M.tif', 'colorSeqNum': 1, 'skuId': '79115230018', 'defaultSwatch': False, 'skuAltImages': [{'imgId': 'DP0404202207062850M.tif', 'colorSeq': 0}, {'imgId': 'DP0404202207062826M.tif', 'colorSeq': 1}, {'imgId': 'DP0404202207062831M.tif', 'colorSeq': 2}]}]",/p/safavieh-aquina-3-pc-rectangular-dining-set/ppr5008233295?pTmplType=regular&searchTerm=patio+and+outdoor+furniture&geoZip=55057,"[{'message': 'Online Only', 'icon': 'mouse'}, {'message': 'Available for Shipping', 'icon': 'check'}]",False,791,True,1080.0,1080.0,RECLINER,False,False,2022-04-04T22:04:24,DP0404202207062822M.tif,DP0404202207062850M.tif,,,https://www.jcpenney.com/p/safavieh-aquina-3-pc-rectangular-dining-set/ppr5008233295?pTmplType=regular&searchTerm=patio+and+outdoor+furniture&geoZip=55057,20251225,patio and outdoor furniture
Sunnydaze® 9-Foot Solar Patio Umbrella with Tilt Crank,ppr5008109639,,,230.0,230.0,230.0,230.0,ORIGINAL,False,False,available online only,False,False,original,False,True,"['Features: Vented, Fade Resistant, Led Lights, Quick Ship, Solar Powered, Rust Resistant, Tiltable, Water Repellent', 'Manufacturer Warranty: 1 Year', 'Shape: Octagon', 'Measurements: 104 Width/Inches, 104 Length/Inches, 91 Height/Inches', 'Diameter: 9 Ft']",0.0,0.0,ORIGINAL,False,False,79110840026,USD,more brands,"[{'colorName': 'Navy Blue Stripe', 'swatchImageId': 'DP1016202507151647S.tif', 'colorizedImageId': 'DP1016202507151440M.tif', 'colorSeqNum': 1, 'skuId': '79110840018', 'defaultSwatch': False, 'skuAltImages': [{'imgId': 'DP1016202507152782M.tif', 'colorSeq': 1}, {'imgId': 'DP1016202507152575M.tif', 'colorSeq': 2}, {'imgId': 'DP1016202507152368M.tif', 'colorSeq': 3}]}, {'colorName': 'Dark Red Stripe', 'swatchImageId': 'DP1016202507151543S.tif', 'colorizedImageId': 'DP1016202507151337M.tif', 'colorSeqNum': 2, 'skuId': '79110840026', 'defaultSwatch': False, 'skuAltImages': [{'imgId': 'DP1016202507152885M.tif', 'colorSeq': 1}, {'imgId': 'DP1016202507152679M.tif', 'colorSeq': 2}, {'imgId': 'DP1016202507152471M.tif', 'colorSeq': 3}]}]",/p/sunnydaze-9-foot-solar-patio-umbrella-with-tilt-crank/ppr5008109639?pTmplType=regular&searchTerm=patio+and+outdoor+furniture&geoZip=55057,"[{'message': 'Online Only', 'icon': 'mouse'}, {'message': 'Available for Shipping', 'icon': 'check'}]",False,791,True,,,,False,False,2021-04-22T15:04:54,DP1016202507151440M.tif,DP1016202507152782M.tif,,,https://www.jcpenney.com/p/sunnydaze-9-foot-solar-patio-umbrella-with-tilt-crank/ppr5008109639?pTmplType=regular&searchTerm=patio+and+outdoor+furniture&geoZip=55057,20251225,patio and outdoor furniture
"Signature Design by Ashley® Beachcroft Outdoor Sofa with Nuvella Cushions
",ppr5007985156,4.3023,43.0,3750.0,3750.0,3750.0,3750.0,ORIGINAL,False,False,available online only,False,False,original,False,True,"['Included: 3 Seat Back Cushion(s), 2 Throw Pillow(s), 1 Sofa(s), 3 Seat Cushion(s)', 'Features: Removable Cushions, Stain Resistant, Rust Resistant, Cushioned, Fade Resistant, Weather Resistant, Uv Protection', 'Seating Capacity: 3', 'Tools Required: Screws (included), Allen Wrench (included)', 'Seat Height: 19 In']",0.0,0.0,ORIGINAL,True,False,79130200018,USD,signature design by ashley,"[{'colorName': 'Black', 'swatchImageId': 'DP0325202407250297S.tif', 'colorizedImageId': 'DP0318202407052948M.tif', 'colorSeqNum': 1, 'skuId': '79130200018', 'defaultSwatch': False, 'skuAltImages': [{'imgId': 'DP0318202407053051M.tif', 'colorSeq': 0}, {'imgId': 'DP0318202407053155M.tif', 'colorSeq': 3}, {'imgId': 'DP0318202407052844M.tif', 'colorSeq': 5}]}]",/p/signature-design-by-ashley-beachcroft-outdoor-sofa-with-nuvella-cushions/ppr5007985156?pTmplType=regular&searchTerm=patio+and+outdoor+furniture&geoZip=55057,"[{'message': 'Online Only', 'icon': 'mouse'}, {'message': 'Available for Shipping', 'icon': 'check'}]",False,791,True,2812.5,2812.5,RECLINER,False,False,2022-03-02T22:05:19,DP0318202407052948M.tif,DP0318202407053051M.tif,,,https://www.jcpenney.com/p/signature-design-by-ashley-beachcroft-outdoor-sofa-with-nuvella-cushions/ppr5007985156?pTmplType=regular&searchTerm=patio+and+outdoor+furniture&geoZip=55057,20251225,patio and outdoor furniture
Safavieh Nunzio 11-pc. Conversation Set Cushioned,ppr5008366812,,,1640.0,1640.0,1640.0,1640.0,ORIGINAL,False,False,available online only,False,False,original,False,True,"['# Pieces In Set: 11', 'Included: 1 Bench(es), 3 Seat Cushion(s), 1 Table(s), 2 Chair(s), 4 Seat Back Cushion(s)', 'Features: Cushioned', 'Joinery: Screwed', 'Seating Capacity: 4']",0.0,0.0,ORIGINAL,False,False,79125140067,USD,safavieh,"[{'colorName': 'Nat Beige Nav Whte', 'swatchImageId': 'DP0609202309060322S.tif', 'colorizedImageId': 'DP0609202309052707M.tif', 'colorSeqNum': 1, 'skuId': '79125140067', 'defaultSwatch': False, 'skuAltImages': [{'imgId': 'DP0609202309055185M.tif', 'colorSeq': 0}, {'imgId': 'DP0609202309055702M.tif', 'colorSeq': 1}, {'imgId': 'DP0609202309062284M.tif', 'colorSeq': 2}]}, {'colorName': 'Natural Beige Navy', 'swatchImageId': 'DP0609202309060528S.tif', 'colorizedImageId': 'DP0609202309054464M.tif', 'colorSeqNum': 2, 'skuId': '79125140018', 'defaultSwatch': False, 'skuAltImages': [{'imgId': 'DP0609202309054773M.tif', 'colorSeq': 0}, {'imgId': 'DP0609202309055393M.tif', 'colorSeq': 1}, {'imgId': 'DP0609202309055909M.tif', 'colorSeq': 2}]}, {'colorName': 'Grey Wash Blue', 'swatchImageId': 'DP0606202307254075S.tif', 'colorizedImageId': 'DP0609202309052501M.tif', 'colorSeqNum': 3, 'skuId': '79125140026', 'defaultSwatch': False, 'skuAltImages': [{'imgId': 'DP0609202309062696M.tif', 'colorSeq': 0}, {'imgId': 'DP0609202309062077M.tif', 'colorSeq': 1}, {'imgId': 'DP0609202309061045M.tif', 'colorSeq': 2}]}, {'colorName': 'Nat Black White', 'swatchImageId': 'DP0609202309060425S.tif', 'colorizedImageId': 'DP0609202309052811M.tif', 'colorSeqNum': 4, 'skuId': '79125140034', 'defaultSwatch': False, 'skuAltImages': [{'imgId': 'DP0609202309055289M.tif', 'colorSeq': 0}, {'imgId': 'DP0609202309055805M.tif', 'colorSeq': 1}, {'imgId': 'DP0609202309062799M.tif', 'colorSeq': 2}]}, {'colorName': 'White Navy', 'swatchImageId': 'DP0609202309060735S.tif', 'colorizedImageId': 'DP0609202309053017M.tif', 'colorSeqNum': 5, 'skuId': '79125140042', 'defaultSwatch': False, 'skuAltImages': [{'imgId': 'DP0609202309062593M.tif', 'colorSeq': 0}, {'imgId': 'DP0609202309061664M.tif', 'colorSeq': 1}, {'imgId': 'DP0609202309053844M.tif', 'colorSeq': 2}]}, {'colorName': 'Natural Navy', 'swatchImageId': 'DP0609202309060631S.tif', 'colorizedImageId': 'DP0609202309052914M.tif', 'colorSeqNum': 6, 'skuId': '79125140059', 'defaultSwatch': False, 'skuAltImages': [{'imgId': 'DP0609202309061768M.tif', 'colorSeq': 0}, {'imgId': 'DP0609202309054876M.tif', 'colorSeq': 1}, {'imgId': 'DP0609202309061561M.tif', 'colorSeq': 2}]}, {'colorName': 'Black Beige', 'swatchImageId': 'DP0609202309060012S.tif', 'colorizedImageId': 'DP0609202309052398M.tif', 'colorSeqNum': 7, 'skuId': '79125140075', 'defaultSwatch': False, 'skuAltImages': [{'imgId': 'DP0609202309054979M.tif', 'colorSeq': 0}, {'imgId': 'DP0609202309055496M.tif', 'colorSeq': 1}, {'imgId': 'DP0609202309061974M.tif', 'colorSeq': 2}]}, {'colorName': 'Gry Beige Nav Whte', 'swatchImageId': 'DP0609202309060219S.tif', 'colorizedImageId': 'DP0609202309052604M.tif', 'colorSeqNum': 8, 'skuId': '79125140083', 'defaultSwatch': False, 'skuAltImages': [{'imgId': 'DP0609202309055082M.tif', 'colorSeq': 0}, {'imgId': 'DP0609202309055599M.tif', 'colorSeq': 1}, {'imgId': 'DP0609202309062181M.tif', 'colorSeq': 2}]}]",/p/safavieh-nunzio-11-pc-conversation-set-cushioned/ppr5008366812?pTmplType=regular&searchTerm=patio+and+outdoor+furniture&geoZip=55057,"[{'message': 'Online Only', 'icon': 'mouse'}, {'message': 'Available for Shipping', 'icon': 'check'}]",False,791,True,1230.0,1230.0,RECLINER,False,False,2023-06-06T22:03:02,DP0609202309052707M.tif,DP0609202309055185M.tif,,,https://www.jcpenney.com/p/safavieh-nunzio-11-pc-conversation-set-cushioned/ppr5008366812?pTmplType=regular&searchTerm=patio+and+outdoor+furniture&geoZip=55057,20251225,patio and outdoor furniture
Safavieh 11-pc. Conversation Set,ppr5008240300,,,1540.0,1540.0,1540.0,1540.0,ORIGINAL,False,False,available online only,False,False,original,False,True,"['# Pieces In Set: 11', 'Included: 2 Chair(s), 3 Seat Cushion(s), 4 Seat Back Cushion(s), 1 Loveseat(s), 1 Coffee Table(s)', 'Features: Quick Ship', 'Joinery: Nailed, Screwed, Welded Joint', 'Seating Capacity: 4']",0.0,0.0,ORIGINAL,False,False,79116780026,USD,safavieh,"[{'colorName': 'Black White', 'swatchImageId': 'DP0527202207031814S.tif', 'colorizedImageId': 'DP0422202207055291M.tif', 'colorSeqNum': 1, 'skuId': '79116780018', 'defaultSwatch': False, 'skuAltImages': [{'imgId': 'DP0422202207055297M.tif', 'colorSeq': 0}, {'imgId': 'DP0422202207055303M.tif', 'colorSeq': 1}, {'imgId': 'DP0422202207055325M.tif', 'colorSeq': 2}]}, {'colorName': 'Beige White', 'swatchImageId': 'DP0422202207055308S.tif', 'colorizedImageId': 'DP0422202207055289M.tif', 'colorSeqNum': 2, 'skuId': '79116780026', 'defaultSwatch': False, 'skuAltImages': [{'imgId': 'DP0422202207055296M.tif', 'colorSeq': 0}, {'imgId': 'DP0422202207055302M.tif', 'colorSeq': 1}, {'imgId': 'DP0422202207055319M.tif', 'colorSeq': 2}]}, {'colorName': 'Brown White', 'swatchImageId': 'DP0527202207031812S.tif', 'colorizedImageId': 'DP0422202207055293M.tif', 'colorSeqNum': 3, 'skuId': '79116780034', 'defaultSwatch': False, 'skuAltImages': [{'imgId': 'DP0422202207055299M.tif', 'colorSeq': 0}, {'imgId': 'DP0422202207055305M.tif', 'colorSeq': 1}, {'imgId': 'DP0422202207055327M.tif', 'colorSeq': 2}]}, {'colorName': 'Natural White', 'swatchImageId': 'DP0429202217002057S.tif', 'colorizedImageId': 'DP0422202207055294M.tif', 'colorSeqNum': 4, 'skuId': '79116780042', 'defaultSwatch': False, 'skuAltImages': [{'imgId': 'DP0422202207055300M.tif', 'colorSeq': 0}, {'imgId': 'DP0422202207055307M.tif', 'colorSeq': 1}, {'imgId': 'DP0422202207055328M.tif', 'colorSeq': 2}]}]",/p/safavieh-11-pc-conversation-set/ppr5008240300?pTmplType=regular&searchTerm=patio+and+outdoor+furniture&geoZip=55057,"[{'message': 'Online Only', 'icon': 'mouse'}, {'message': 'Available for Shipping', 'icon': 'check'}]",False,791,True,1155.0,1155.0,RECLINER,False,False,2022-04-22T22:03:34,DP0422202207055291M.tif,DP0422202207055297M.tif,,,https://www.jcpenney.com/p/safavieh-11-pc-conversation-set/ppr5008240300?pTmplType=regular&searchTerm=patio+and+outdoor+furniture&geoZip=55057,20251225,patio and outdoor furniture
Safavieh 5-pc. Conversation Set Weather Resistant,ppr5008240293,,,1190.0,1190.0,1190.0,1190.0,ORIGINAL,False,False,available online only,False,False,original,False,True,"['# Pieces In Set: 5', 'Included: 2 Chair(s), 2 Step Stool(s), 1 Chairside Table(s)', 'Features: Quick Ship, Weather Resistant', 'Joinery: Nailed, Glued', 'Seating Capacity: 2']",0.0,0.0,ORIGINAL,False,False,79116710018,USD,safavieh,"[{'colorName': 'Grey', 'swatchImageId': 'DP0422202207055041S.tif', 'colorizedImageId': 'DP0422202207055028M.tif', 'colorSeqNum': 1, 'skuId': '79116710026', 'defaultSwatch': False, 'skuAltImages': [{'imgId': 'DP0422202207055052M.tif', 'colorSeq': 0}, {'imgId': 'DP0422202207055044M.tif', 'colorSeq': 1}, {'imgId': 'DP0422202207055032M.tif', 'colorSeq': 2}]}, {'colorName': 'Natural Lt  Brown', 'swatchImageId': 'DP0422202207055043S.tif', 'colorizedImageId': 'DP0422202207055053M.tif', 'colorSeqNum': 2, 'skuId': '79116710018', 'defaultSwatch': False, 'skuAltImages': [{'imgId': 'DP0422202207055046M.tif', 'colorSeq': 1}, {'imgId': 'DP0422202207055033M.tif', 'colorSeq': 2}, {'imgId': 'DP0422202207055038M.tif', 'colorSeq': 3}]}, {'colorName': 'Black', 'swatchImageId': 'DP0422202207055039S.tif', 'colorizedImageId': 'DP0422202207055027M.tif', 'colorSeqNum': 3, 'skuId': '79116710034', 'defaultSwatch': False, 'skuAltImages': [{'imgId': 'DP0422202207055043M.tif', 'colorSeq': 0}, {'imgId': 'DP0422202207055030M.tif', 'colorSeq': 1}, {'imgId': 'DP0422202207055035M.tif', 'colorSeq': 2}]}]",/p/safavieh-5-pc-conversation-set-weather-resistant/ppr5008240293?pTmplType=regular&searchTerm=patio+and+outdoor+furniture&geoZip=55057,"[{'message': 'Online Only', 'icon': 'mouse'}, {'message': 'Available for Shipping', 'icon': 'check'}]",False,791,True,892.5,892.5,RECLINER,False,False,2022-04-22T22:03:29,DP0422202207055028M.tif,DP0422202207055052M.tif,,,https://www.jcpenney.com/p/safavieh-5-pc-conversation-set-weather-resistant/ppr5008240293?pTmplType=regular&searchTerm=patio+and+outdoor+furniture&geoZip=55057,20251225,patio and outdoor furniture
Safavieh Randolph 4-pc. Conversation Set Cushioned,ppr5008448292,,,1340.0,1340.0,1340.0,1340.0,ORIGINAL,False,False,available online only,False,False,original,False,True,"['# Pieces In Set: 4', 'Included: 1 Table(s), 2 Chair(s), 1 Bench(es), 3 Seat Cushion(s), 4 Seat Back Cushion(s)', 'Features: Quick Ship, Cushioned', 'Joinery: Screwed', 'Seating Capacity: 4']",0.0,0.0,ORIGINAL,False,False,79130980026,USD,safavieh,"[{'colorName': 'Grey', 'swatchImageId': 'DP0423202409185057S.tif', 'colorizedImageId': 'DP0423202409184242M.tif', 'colorSeqNum': 1, 'skuId': '79130980018', 'defaultSwatch': False, 'skuAltImages': [{'imgId': 'DP0423202409185669M.tif', 'colorSeq': 0}, {'imgId': 'DP0423202409185465M.tif', 'colorSeq': 1}, {'imgId': 'DP0423202409184447M.tif', 'colorSeq': 2}]}, {'colorName': 'Grey Light Grey', 'swatchImageId': 'DP0423202409185159S.tif', 'colorizedImageId': 'DP0423202409184344M.tif', 'colorSeqNum': 2, 'skuId': '79130980026', 'defaultSwatch': False, 'skuAltImages': [{'imgId': 'DP0423202409185771M.tif', 'colorSeq': 0}, {'imgId': 'DP0423202409185567M.tif', 'colorSeq': 1}, {'imgId': 'DP0423202409184548M.tif', 'colorSeq': 2}]}]",/p/safavieh-randolph-4-pc-conversation-set-cushioned/ppr5008448292?pTmplType=regular&searchTerm=patio+and+outdoor+furniture&geoZip=55057,"[{'message': 'Online Only', 'icon': 'mouse'}, {'message': 'Available for Shipping', 'icon': 'check'}]",False,791,True,1005.0,1005.0,RECLINER,False,False,2024-04-23T22:03:58,DP0423202409184242M.tif,DP0423202409185669M.tif,,,https://www.jcpenney.com/p/safavieh-randolph-4-pc-conversation-set-cushioned/ppr5008448292?pTmplType=regular&searchTerm=patio+and+outdoor+furniture&geoZip=55057,20251225,patio and outdoor furniture
Safavieh Avaron 4-pc. Conversation Set Cushioned,ppr5008448165,,,1420.0,1420.0,1420.0,1420.0,ORIGINAL,False,False,available online only,False,False,original,False,True,"['# Pieces In Set: 4', 'Included: 1 Bench(es), 1 Table(s), 3 Seat Cushion(s), 2 Chair(s)', 'Features: Cushioned', 'Joinery: Screwed', 'Seating Capacity: 4']",0.0,0.0,ORIGINAL,False,False,79131010034,USD,safavieh,"[{'colorName': 'Brown Grey', 'swatchImageId': 'DP0428202407025165S.tif', 'colorizedImageId': 'DP0428202407025062M.tif', 'colorSeqNum': 1, 'skuId': '79131010042', 'defaultSwatch': False, 'skuAltImages': [{'imgId': 'DP0428202407025368M.tif', 'colorSeq': 0}]}, {'colorName': 'Brown Beige', 'swatchImageId': 'DP0716202407025091S.tif', 'colorizedImageId': 'DP0428202407025266M.tif', 'colorSeqNum': 2, 'skuId': '79131010034', 'defaultSwatch': False}]",/p/safavieh-avaron-4-pc-conversation-set-cushioned/ppr5008448165?pTmplType=regular&searchTerm=patio+and+outdoor+furniture&geoZip=55057,"[{'message': 'Online Only', 'icon': 'mouse'}, {'message': 'Available for Shipping', 'icon': 'check'}]",False,791,True,1065.0,1065.0,RECLINER,False,False,2024-04-25T22:02:58,DP0428202407025062M.tif,DP0428202407025368M.tif,,,https://www.jcpenney.com/p/safavieh-avaron-4-pc-conversation-set-cushioned/ppr5008448165?pTmplType=regular&searchTerm=patio+and+outdoor+furniture&geoZip=55057,20251225,patio and outdoor furniture
Grenada 4-pc. Conversation Set,ppr5008431263,,,2540.0,2540.0,2540.0,2540.0,ORIGINAL,False,False,available online only,False,False,original,False,True,"['# Pieces In Set: 4', 'Included: 3 Seat Back Cushion(s), 1 Coffee Table, 2 Loveseat(s), 1 Chair(s), 3 Seat Cushion(s)', 'Features: Quick Ship, Removable Cushions', 'Manufacturer Warranty: 90 Days Limited', 'Seating Capacity: 4']",0.0,0.0,ORIGINAL,False,False,79129430018,USD,more brands,"[{'colorName': 'Beige', 'swatchImageId': 'DP0209202413033771S.tif', 'colorizedImageId': 'DP0220202407101328M.tif', 'colorSeqNum': 1, 'skuId': '79129430018', 'defaultSwatch': False, 'skuAltImages': [{'imgId': 'DP0220202407101431M.tif', 'colorSeq': 0}, {'imgId': 'DP0209202413033977M.tif', 'colorSeq': 2}, {'imgId': 'DP0209202413033874M.tif', 'colorSeq': 3}]}]",/p/grenada-4-pc-conversation-set/ppr5008431263?pTmplType=regular&searchTerm=patio+and+outdoor+furniture&geoZip=55057,"[{'message': 'Online Only', 'icon': 'mouse'}, {'message': 'Available for Shipping', 'icon': 'check'}]",False,791,True,1905.0,1905.0,RECLINER,False,False,2024-02-09T22:03:22,DP0220202407101328M.tif,DP0220202407101431M.tif,,,https://www.jcpenney.com/p/grenada-4-pc-conversation-set/ppr5008431263?pTmplType=regular&searchTerm=patio+and+outdoor+furniture&geoZip=55057,20251225,patio and outdoor furniture
Walker Edison 5-pc. Conversation Set,ppr5008399895,,,4740.0,4740.0,4740.0,4740.0,ORIGINAL,False,False,available online only,False,False,original,False,True,"['# Pieces In Set: 5', 'Included: 2 Chair(s)', 'Features: Quick Ship', 'Joinery: Screwed', 'Manufacturer Warranty: 90 Days Limited']",0.0,0.0,ORIGINAL,False,False,79128190018,USD,walker edison,"[{'colorName': 'Brown', 'swatchImageId': 'DP1010202315071577S.tif', 'colorizedImageId': 'DP1010202315071164M.tif', 'colorSeqNum': 1, 'skuId': '79128190018', 'defaultSwatch': False, 'skuAltImages': [{'imgId': 'DP1010202315071371M.tif', 'colorSeq': 0}, {'imgId': 'DP1010202315070958M.tif', 'colorSeq': 1}]}]",/p/walker-edison-5-pc-conversation-set/ppr5008399895?pTmplType=regular&searchTerm=patio+and+outdoor+furniture&geoZip=55057,"[{'message': 'Online Only', 'icon': 'mouse'}, {'message': 'Available for Shipping', 'icon': 'check'}]",False,791,True,3555.0,3555.0,RECLINER,False,False,2023-11-09T17:05:35,DP1010202315071164M.tif,DP1010202315071371M.tif,,,https://www.jcpenney.com/p/walker-edison-5-pc-conversation-set/ppr5008399895?pTmplType=regular&searchTerm=patio+and+outdoor+furniture&geoZip=55057,20251225,patio and outdoor furniture
Peyton 2-pc. Conversation Set,ppr5008376318,,,1385.0,1385.0,1385.0,1385.0,ORIGINAL,False,False,available online only,False,False,original,False,True,"['# Pieces In Set: 2', 'Included: 1 Loveseat(s), 1 Table(s)', 'Features: Removable Cushions, Water Resistant', 'Manufacturer Warranty: 90 Days Limited', 'Seating Capacity: 2']",0.0,0.0,ORIGINAL,False,False,79126970018,USD,more brands,"[{'colorName': 'Teak Beige', 'swatchImageId': 'DP0705202307154011S.tif', 'colorizedImageId': 'DP0705202307153908M.tif', 'colorSeqNum': 1, 'skuId': '79126970018', 'defaultSwatch': False, 'skuAltImages': [{'imgId': 'DP0705202307154217M.tif', 'colorSeq': 0}, {'imgId': 'DP0705202307154320M.tif', 'colorSeq': 1}, {'imgId': 'DP0705202307154423M.tif', 'colorSeq': 2}]}]",/p/peyton-2-pc-conversation-set/ppr5008376318?pTmplType=regular&searchTerm=patio+and+outdoor+furniture&geoZip=55057,"[{'message': 'Online Only', 'icon': 'mouse'}, {'message': 'Available for Shipping', 'icon': 'check'}]",False,791,True,1038.75,1038.75,RECLINER,False,False,2023-07-10T07:08:28,DP0705202307153908M.tif,DP0705202307154217M.tif,,,https://www.jcpenney.com/p/peyton-2-pc-conversation-set/ppr5008376318?pTmplType=regular&searchTerm=patio+and+outdoor+furniture&geoZip=55057,20251225,patio and outdoor furniture
Corliving Cascade 4-pc. Conversation Set,ppr5008132466,,,2000.0,2000.0,2000.0,2000.0,ORIGINAL,False,False,available online only,False,False,original,False,True,"['# Pieces In Set: 4', 'Included: 2 Chair(s)', 'Features: Deep Seat', 'Joinery: Glued', 'Manufacturer Warranty: 6 Month']",0.0,0.0,ORIGINAL,False,False,79114000026,USD,more brands,"[{'colorName': 'Grey', 'swatchImageId': 'DP0614202107015549S.tif', 'colorizedImageId': 'DP0614202107015541M.tif', 'colorSeqNum': 1, 'skuId': '79114000026', 'defaultSwatch': False, 'skuAltImages': [{'imgId': 'DP0614202107015572M.tif', 'colorSeq': 0}, {'imgId': 'DP0614202107015588M.tif', 'colorSeq': 1}, {'imgId': 'DP0614202107015580M.tif', 'colorSeq': 2}]}]",/p/corliving-cascade-4-pc-conversation-set/ppr5008132466?pTmplType=regular&searchTerm=patio+and+outdoor+furniture&geoZip=55057,"[{'message': 'Online Only', 'icon': 'mouse'}, {'message': 'Available for Shipping', 'icon': 'check'}]",False,791,True,1500.0,1500.0,RECLINER,False,False,2021-06-14T22:04:03,DP0614202107015541M.tif,DP0614202107015572M.tif,"[{'name': 'Few Left', 'priority': 1, 'urlParam': 'fewleft'}]",,https://www.jcpenney.com/p/corliving-cascade-4-pc-conversation-set/ppr5008132466?pTmplType=regular&searchTerm=patio+and+outdoor+furniture&geoZip=55057,20251225,patio and outdoor furniture
"LR Home Belgravia 20"" Handmade Polyester Pouf",ppr5008630074,,,292.0,292.0,292.0,292.0,ORIGINAL,False,False,available online only,False,False,original,False,True,"['Features: Indoor/Outdoor', 'Seating Capacity: 1', 'Measurements: 20 Width/Inches, 20 Height/Inches, 20 Depth/Inches', 'Maximum Weight Limit: 300 Lbs', 'Seat Height: 20 In']",0.0,0.0,ORIGINAL,False,False,79733890018,USD,lr home,"[{'colorName': 'Blue', 'swatchImageId': 'DP1031202507210949S.tif', 'colorizedImageId': 'DP1027202511014114M.tif', 'colorSeqNum': 1, 'skuId': '79733890018', 'defaultSwatch': False, 'skuAltImages': [{'imgId': 'DP1027202511013905M.tif', 'colorSeq': 0}, {'imgId': 'DP1027202511014010M.tif', 'colorSeq': 1}, {'imgId': 'DP1027202511014219M.tif', 'colorSeq': 2}]}, {'colorName': 'Brown', 'swatchImageId': 'DP1031202507225050S.tif', 'colorizedImageId': 'DP1027202511042715M.tif', 'colorSeqNum': 2, 'skuId': '79738710018', 'defaultSwatch': False, 'skuAltImages': [{'imgId': 'DP1027202511043133M.tif', 'colorSeq': 0}, {'imgId': 'DP1027202511042611M.tif', 'colorSeq': 1}, {'imgId': 'DP1027202511042820M.tif', 'colorSeq': 2}]}]",/p/lr-home-belgravia-20-handmade-polyester-pouf/ppr5008630074?pTmplType=regular&searchTerm=patio+and+outdoor+furniture&geoZip=55057,"[{'message': 'Online Only', 'icon': 'mouse'}, {'message': 'Available for Shipping', 'icon': 'check'}]",False,797,True,262.8,262.8,GIFTWRAP,False,False,2025-11-03T09:57:30,DP1027202511014114M.tif,DP1027202511013905M.tif,"[{'name': 'NEW', 'priority': 1, 'urlParam': 'new'}]",,https://www.jcpenney.com/p/lr-home-belgravia-20-handmade-polyester-pouf/ppr5008630074?pTmplType=regular&searchTerm=patio+and+outdoor+furniture&geoZip=55057,20251225,patio and outdoor furniture
"Carlbach Outdoor Teak 48"" Kitchen Island with Wheels",ppr5008451457,,,870.0,870.0,870.0,870.0,ORIGINAL,False,False,available online only,False,False,original,False,True,"['Included: 1 Table(s)', 'Features: Quick Ship, Wheeled', 'Joinery: Screwed', 'Manufacturer Warranty: 6 Month', 'Shape: Rectangle']",0.0,0.0,ORIGINAL,False,False,79131630018,USD,more brands,"[{'colorName': 'Brown', 'swatchImageId': 'DP0513202415134274S.tif', 'colorizedImageId': 'DP0513202415134071M.tif', 'colorSeqNum': 1, 'skuId': '79131630018', 'defaultSwatch': False, 'skuAltImages': [{'imgId': 'DP0513202415134172M.tif', 'colorSeq': 0}, {'imgId': 'DP0513202415133969M.tif', 'colorSeq': 1}, {'imgId': 'DP0513202415133867M.tif', 'colorSeq': 2}]}]",/p/carlbach-outdoor-teak-48-kitchen-island-with-wheels/ppr5008451457?pTmplType=regular&searchTerm=patio+and+outdoor+furniture&geoZip=55057,"[{'message': 'Online Only', 'icon': 'mouse'}, {'message': 'Available for Shipping', 'icon': 'check'}]",False,791,True,652.5,652.5,RECLINER,False,False,2024-05-13T22:04:57,DP0513202415134071M.tif,DP0513202415134172M.tif,,,https://www.jcpenney.com/p/carlbach-outdoor-teak-48-kitchen-island-with-wheels/ppr5008451457?pTmplType=regular&searchTerm=patio+and+outdoor+furniture&geoZip=55057,20251225,patio and outdoor furniture
Linum Home Textiles Personalized Chaise Lounge Cover Chair Protector,ppr5008614050,,,97.99,97.99,140.0,140.0,SALE,False,False,available online only,False,False,original,False,True,"['Features: Washable', 'Measurements: 32 Width/Inches, 102 Length/Inches', 'Base Material: 100% Cotton', 'Fiber Content: 100% Cotton', 'Care: Do Not Bleach, Machine Wash, Tumble Dry']",0.0,0.0,SALE,False,False,70909250042,USD,more brands,"[{'colorName': 'White Navy M', 'swatchImageId': 'DP1003202507105775S.tif', 'colorizedImageId': 'DP1003202507103060M.tif', 'colorSeqNum': 1, 'skuId': '70909240133', 'defaultSwatch': False, 'skuAltImages': [{'imgId': 'DP1003202507100240M.tif', 'colorSeq': 0}]}, {'colorName': 'White Navy A', 'swatchImageId': 'DP1003202507104522S.tif', 'colorizedImageId': 'DP1003202507101807M.tif', 'colorSeqNum': 2, 'skuId': '70909240018', 'defaultSwatch': False, 'skuAltImages': [{'imgId': 'DP1003202507101702M.tif', 'colorSeq': 0}, {'imgId': 'DP1003202507094986M.tif', 'colorSeq': 1}]}, {'colorName': 'White Navy B', 'swatchImageId': 'DP1003202507104627S.tif', 'colorizedImageId': 'DP1003202507101912M.tif', 'colorSeqNum': 3, 'skuId': '70909240026', 'defaultSwatch': False, 'skuAltImages': [{'imgId': 'DP1003202507095089M.tif', 'colorSeq': 0}]}, {'colorName': 'White Navy C', 'swatchImageId': 'DP1003202507104731S.tif', 'colorizedImageId': 'DP1003202507102016M.tif', 'colorSeqNum': 4, 'skuId': '70909240034', 'defaultSwatch': False, 'skuAltImages': [{'imgId': 'DP1003202507095193M.tif', 'colorSeq': 0}]}, {'colorName': 'White Navy D', 'swatchImageId': 'DP1003202507104835S.tif', 'colorizedImageId': 'DP1003202507102120M.tif', 'colorSeqNum': 5, 'skuId': '70909240042', 'defaultSwatch': False, 'skuAltImages': [{'imgId': 'DP1003202507095298M.tif', 'colorSeq': 0}]}, {'colorName': 'White Navy E', 'swatchImageId': 'DP1003202507104938S.tif', 'colorizedImageId': 'DP1003202507102224M.tif', 'colorSeqNum': 6, 'skuId': '70909240059', 'defaultSwatch': False, 'skuAltImages': [{'imgId': 'DP1003202507095401M.tif', 'colorSeq': 0}]}, {'colorName': 'White Navy F', 'swatchImageId': 'DP1003202507105042S.tif', 'colorizedImageId': 'DP1003202507102328M.tif', 'colorSeqNum': 7, 'skuId': '70909240067', 'defaultSwatch': False, 'skuAltImages': [{'imgId': 'DP1003202507095505M.tif', 'colorSeq': 0}]}, {'colorName': 'White Navy G', 'swatchImageId': 'DP1003202507105147S.tif', 'colorizedImageId': 'DP1003202507102432M.tif', 'colorSeqNum': 8, 'skuId': '70909240075', 'defaultSwatch': False, 'skuAltImages': [{'imgId': 'DP1003202507095610M.tif', 'colorSeq': 0}]}, {'colorName': 'White Navy H', 'swatchImageId': 'DP1003202507105252S.tif', 'colorizedImageId': 'DP1003202507102536M.tif', 'colorSeqNum': 9, 'skuId': '70909240083', 'defaultSwatch': False, 'skuAltImages': [{'imgId': 'DP1003202507095715M.tif', 'colorSeq': 0}]}, {'colorName': 'White Navy I', 'swatchImageId': 'DP1003202507105356S.tif', 'colorizedImageId': 'DP1003202507102641M.tif', 'colorSeqNum': 10, 'skuId': '70909240091', 'defaultSwatch': False, 'skuAltImages': [{'imgId': 'DP1003202507095819M.tif', 'colorSeq': 0}]}, {'colorName': 'White Navy J', 'swatchImageId': 'DP1003202507105461S.tif', 'colorizedImageId': 'DP1003202507102746M.tif', 'colorSeqNum': 11, 'skuId': '70909240109', 'defaultSwatch': False, 'skuAltImages': [{'imgId': 'DP1003202507095926M.tif', 'colorSeq': 0}]}, {'colorName': 'White Navy K', 'swatchImageId': 'DP1003202507105566S.tif', 'colorizedImageId': 'DP1003202507102851M.tif', 'colorSeqNum': 12, 'skuId': '70909240117', 'defaultSwatch': False, 'skuAltImages': [{'imgId': 'DP1003202507100030M.tif', 'colorSeq': 0}]}, {'colorName': 'White Navy L', 'swatchImageId': 'DP1003202507105670S.tif', 'colorizedImageId': 'DP1003202507102956M.tif', 'colorSeqNum': 13, 'skuId': '70909240125', 'defaultSwatch': False, 'skuAltImages': [{'imgId': 'DP1003202507100135M.tif', 'colorSeq': 0}]}, {'colorName': 'White Navy N', 'swatchImageId': 'DP1003202507105879S.tif', 'colorizedImageId': 'DP1003202507103164M.tif', 'colorSeqNum': 14, 'skuId': '70909240141', 'defaultSwatch': False, 'skuAltImages': [{'imgId': 'DP1003202507100344M.tif', 'colorSeq': 0}]}, {'colorName': 'White Navy O', 'swatchImageId': 'DP1003202507105984S.tif', 'colorizedImageId': 'DP1003202507103268M.tif', 'colorSeqNum': 15, 'skuId': '70909240158', 'defaultSwatch': False, 'skuAltImages': [{'imgId': 'DP1003202507100449M.tif', 'colorSeq': 0}]}, {'colorName': 'White Navy P', 'swatchImageId': 'DP1003202507110089S.tif', 'colorizedImageId': 'DP1003202507103373M.tif', 'colorSeqNum': 16, 'skuId': '70909240166', 'defaultSwatch': False, 'skuAltImages': [{'imgId': 'DP1003202507100554M.tif', 'colorSeq': 0}]}, {'colorName': 'White Navy Q', 'swatchImageId': 'DP1003202507110193S.tif', 'colorizedImageId': 'DP1003202507103477M.tif', 'colorSeqNum': 17, 'skuId': '70909240174', 'defaultSwatch': False, 'skuAltImages': [{'imgId': 'DP1003202507100658M.tif', 'colorSeq': 0}]}, {'colorName': 'White Navy R', 'swatchImageId': 'DP1003202507110299S.tif', 'colorizedImageId': 'DP1003202507103582M.tif', 'colorSeqNum': 18, 'skuId': '70909240182', 'defaultSwatch': False, 'skuAltImages': [{'imgId': 'DP1003202507100762M.tif', 'colorSeq': 0}]}, {'colorName': 'White Navy S', 'swatchImageId': 'DP1003202507110403S.tif', 'colorizedImageId': 'DP1003202507103687M.tif', 'colorSeqNum': 19, 'skuId': '70909240190', 'defaultSwatch': False, 'skuAltImages': [{'imgId': 'DP1003202507100867M.tif', 'colorSeq': 0}]}, {'colorName': 'White Navy T', 'swatchImageId': 'DP1003202507110508S.tif', 'colorizedImageId': 'DP1003202507103792M.tif', 'colorSeqNum': 20, 'skuId': '70909240208', 'defaultSwatch': False, 'skuAltImages': [{'imgId': 'DP1003202507100972M.tif', 'colorSeq': 0}]}, {'colorName': 'White Navy U', 'swatchImageId': 'DP1003202507110613S.tif', 'colorizedImageId': 'DP1003202507103896M.tif', 'colorSeqNum': 21, 'skuId': '70909240216', 'defaultSwatch': False, 'skuAltImages': [{'imgId': 'DP1003202507101076M.tif', 'colorSeq': 0}]}, {'colorName': 'White Navy V', 'swatchImageId': 'DP1003202507110716S.tif', 'colorizedImageId': 'DP1003202507104001M.tif', 'colorSeqNum': 22, 'skuId': '70909240224', 'defaultSwatch': False, 'skuAltImages': [{'imgId': 'DP1003202507101181M.tif', 'colorSeq': 0}]}, {'colorName': 'White Navy W', 'swatchImageId': 'DP1003202507110821S.tif', 'colorizedImageId': 'DP1003202507104105M.tif', 'colorSeqNum': 23, 'skuId': '70909240232', 'defaultSwatch': False, 'skuAltImages': [{'imgId': 'DP1003202507101286M.tif', 'colorSeq': 0}]}, {'colorName': 'White Navy X', 'swatchImageId': 'DP1003202507110925S.tif', 'colorizedImageId': 'DP1003202507104208M.tif', 'colorSeqNum': 24, 'skuId': '70909240240', 'defaultSwatch': False, 'skuAltImages': [{'imgId': 'DP1003202507101390M.tif', 'colorSeq': 0}]}, {'colorName': 'White Navy Y', 'swatchImageId': 'DP1003202507111030S.tif', 'colorizedImageId': 'DP1003202507104312M.tif', 'colorSeqNum': 25, 'skuId': '70909240257', 'defaultSwatch': False, 'skuAltImages': [{'imgId': 'DP1003202507101494M.tif', 'colorSeq': 0}]}, {'colorName': 'White Navy Z', 'swatchImageId': 'DP1003202507111133S.tif', 'colorizedImageId': 'DP1003202507104417M.tif', 'colorSeqNum': 26, 'skuId': '70909240265', 'defaultSwatch': False, 'skuAltImages': [{'imgId': 'DP1003202507101598M.tif', 'colorSeq': 0}]}, {'colorName': 'Aqua White G', 'swatchImageId': 'DP1003202507123077S.tif', 'colorizedImageId': 'DP1003202507122030M.tif', 'colorSeqNum': 27, 'skuId': '70909270018', 'defaultSwatch': False, 'skuAltImages': [{'imgId': 'DP1003202507120880M.tif', 'colorSeq': 0}]}, {'colorName': 'Aqua White H', 'swatchImageId': 'DP1003202507123181S.tif', 'colorizedImageId': 'DP1003202507122135M.tif', 'colorSeqNum': 28, 'skuId': '70909270026', 'defaultSwatch': False, 'skuAltImages': [{'imgId': 'DP1003202507120984M.tif', 'colorSeq': 0}]}, {'colorName': 'Aqua White I', 'swatchImageId': 'DP1003202507123285S.tif', 'colorizedImageId': 'DP1003202507122239M.tif', 'colorSeqNum': 29, 'skuId': '70909270034', 'defaultSwatch': False, 'skuAltImages': [{'imgId': 'DP1003202507121088M.tif', 'colorSeq': 0}]}, {'colorName': 'Aqua White F', 'swatchImageId': 'DP1003202507122972S.tif', 'colorizedImageId': 'DP1003202507121925M.tif', 'colorSeqNum': 30, 'skuId': '70909270059', 'defaultSwatch': False, 'skuAltImages': [{'imgId': 'DP1003202507120775M.tif', 'colorSeq': 0}]}, {'colorName': 'Aqua White A', 'swatchImageId': 'DP1003202507122449S.tif', 'colorizedImageId': 'DP1003202507121403M.tif', 'colorSeqNum': 31, 'skuId': '70909270067', 'defaultSwatch': False, 'skuAltImages': [{'imgId': 'DP1003202507121298M.tif', 'colorSeq': 0}, {'imgId': 'DP1003202507120252M.tif', 'colorSeq': 1}]}, {'colorName': 'Aqua White B', 'swatchImageId': 'DP1003202507122553S.tif', 'colorizedImageId': 'DP1003202507121506M.tif', 'colorSeqNum': 32, 'skuId': '70909270075', 'defaultSwatch': False, 'skuAltImages': [{'imgId': 'DP1003202507120357M.tif', 'colorSeq': 0}]}, {'colorName': 'Aqua White C', 'swatchImageId': 'DP1003202507122658S.tif', 'colorizedImageId': 'DP1003202507121611M.tif', 'colorSeqNum': 33, 'skuId': '70909270083', 'defaultSwatch': False, 'skuAltImages': [{'imgId': 'DP1003202507120461M.tif', 'colorSeq': 0}]}, {'colorName': 'Aqua White D', 'swatchImageId': 'DP1003202507122763S.tif', 'colorizedImageId': 'DP1003202507121716M.tif', 'colorSeqNum': 34, 'skuId': '70909270091', 'defaultSwatch': False, 'skuAltImages': [{'imgId': 'DP1003202507120566M.tif', 'colorSeq': 0}]}, {'colorName': 'Aqua White E', 'swatchImageId': 'DP1003202507122868S.tif', 'colorizedImageId': 'DP1003202507121820M.tif', 'colorSeqNum': 35, 'skuId': '70909270109', 'defaultSwatch': False, 'skuAltImages': [{'imgId': 'DP1003202507120671M.tif', 'colorSeq': 0}]}, {'colorName': 'Aqua White K', 'swatchImageId': 'DP1003202507172226S.tif', 'colorizedImageId': 'DP1003202507171180M.tif', 'colorSeqNum': 36, 'skuId': '70909320018', 'defaultSwatch': False, 'skuAltImages': [{'imgId': 'DP1003202507170136M.tif', 'colorSeq': 0}]}, {'colorName': 'Aqua White L', 'swatchImageId': 'DP1003202507172330S.tif', 'colorizedImageId': 'DP1003202507171284M.tif', 'colorSeqNum': 37, 'skuId': '70909320026', 'defaultSwatch': False, 'skuAltImages': [{'imgId': 'DP1003202507170240M.tif', 'colorSeq': 0}]}, {'colorName': 'Aqua White T', 'swatchImageId': 'DP1003202507173166S.tif', 'colorizedImageId': 'DP1003202507172122M.tif', 'colorSeqNum': 38, 'skuId': '70909320034', 'defaultSwatch': False, 'skuAltImages': [{'imgId': 'DP1003202507171076M.tif', 'colorSeq': 0}]}, {'colorName': 'Aqua White S', 'swatchImageId': 'DP1003202507173061S.tif', 'colorizedImageId': 'DP1003202507172017M.tif', 'colorSeqNum': 39, 'skuId': '70909320042', 'defaultSwatch': False, 'skuAltImages': [{'imgId': 'DP1003202507170971M.tif', 'colorSeq': 0}]}, {'colorName': 'Aqua White R', 'swatchImageId': 'DP1003202507172958S.tif', 'colorizedImageId': 'DP1003202507171912M.tif', 'colorSeqNum': 40, 'skuId': '70909320059', 'defaultSwatch': False, 'skuAltImages': [{'imgId': 'DP1003202507170866M.tif', 'colorSeq': 0}]}, {'colorName': 'Aqua White Q', 'swatchImageId': 'DP1003202507172853S.tif', 'colorizedImageId': 'DP1003202507171807M.tif', 'colorSeqNum': 41, 'skuId': '70909320067', 'defaultSwatch': False, 'skuAltImages': [{'imgId': 'DP1003202507170763M.tif', 'colorSeq': 0}]}, {'colorName': 'Aqua White P', 'swatchImageId': 'DP1003202507172749S.tif', 'colorizedImageId': 'DP1003202507171703M.tif', 'colorSeqNum': 42, 'skuId': '70909320075', 'defaultSwatch': False, 'skuAltImages': [{'imgId': 'DP1003202507170658M.tif', 'colorSeq': 0}]}, {'colorName': 'Aqua White M', 'swatchImageId': 'DP1003202507172435S.tif', 'colorizedImageId': 'DP1003202507171389M.tif', 'colorSeqNum': 43, 'skuId': '70909320083', 'defaultSwatch': False, 'skuAltImages': [{'imgId': 'DP1003202507170345M.tif', 'colorSeq': 0}]}, {'colorName': 'Aqua White N', 'swatchImageId': 'DP1003202507172540S.tif', 'colorizedImageId': 'DP1003202507171493M.tif', 'colorSeqNum': 44, 'skuId': '70909320091', 'defaultSwatch': False, 'skuAltImages': [{'imgId': 'DP1003202507170449M.tif', 'colorSeq': 0}]}, {'colorName': 'Aqua White O', 'swatchImageId': 'DP1003202507172645S.tif', 'colorizedImageId': 'DP1003202507171598M.tif', 'colorSeqNum': 45, 'skuId': '70909320109', 'defaultSwatch': False, 'skuAltImages': [{'imgId': 'DP1003202507170553M.tif', 'colorSeq': 0}]}, {'colorName': 'Aqua White Z', 'swatchImageId': 'DP1003202507113014S.tif', 'colorizedImageId': 'DP1003202507112386M.tif', 'colorSeqNum': 46, 'skuId': '70909250018', 'defaultSwatch': False, 'skuAltImages': [{'imgId': 'DP1003202507111759M.tif', 'colorSeq': 0}]}, {'colorName': 'Aqua White Y', 'swatchImageId': 'DP1003202507112909S.tif', 'colorizedImageId': 'DP1003202507112282M.tif', 'colorSeqNum': 47, 'skuId': '70909250026', 'defaultSwatch': False, 'skuAltImages': [{'imgId': 'DP1003202507111655M.tif', 'colorSeq': 0}]}, {'colorName': 'Aqua White X', 'swatchImageId': 'DP1003202507112805S.tif', 'colorizedImageId': 'DP1003202507112177M.tif', 'colorSeqNum': 48, 'skuId': '70909250034', 'defaultSwatch': False, 'skuAltImages': [{'imgId': 'DP1003202507111551M.tif', 'colorSeq': 0}]}, {'colorName': 'Aqua White W', 'swatchImageId': 'DP1003202507112700S.tif', 'colorizedImageId': 'DP1003202507112072M.tif', 'colorSeqNum': 49, 'skuId': '70909250042', 'defaultSwatch': False, 'skuAltImages': [{'imgId': 'DP1003202507111447M.tif', 'colorSeq': 0}]}, {'colorName': 'Aqua White V', 'swatchImageId': 'DP1003202507112595S.tif', 'colorizedImageId': 'DP1003202507111969M.tif', 'colorSeqNum': 50, 'skuId': '70909250059', 'defaultSwatch': False, 'skuAltImages': [{'imgId': 'DP1003202507111343M.tif', 'colorSeq': 0}]}, {'colorName': 'Aqua White U', 'swatchImageId': 'DP1003202507112490S.tif', 'colorizedImageId': 'DP1003202507111864M.tif', 'colorSeqNum': 51, 'skuId': '70909250067', 'defaultSwatch': False, 'skuAltImages': [{'imgId': 'DP1003202507111238M.tif', 'colorSeq': 0}]}, {'colorName': 'Gray White B', 'swatchImageId': 'DP1003202507133143S.tif', 'colorizedImageId': 'DP1003202507130421M.tif', 'colorSeqNum': 52, 'skuId': '70909280018', 'defaultSwatch': False, 'skuAltImages': [{'imgId': 'DP1003202507123600M.tif', 'colorSeq': 0}]}, {'colorName': 'Gray White Y', 'swatchImageId': 'DP1003202507135548S.tif', 'colorizedImageId': 'DP1003202507132828M.tif', 'colorSeqNum': 53, 'skuId': '70909280026', 'defaultSwatch': False, 'skuAltImages': [{'imgId': 'DP1003202507130002M.tif', 'colorSeq': 0}]}, {'colorName': 'Gray White X', 'swatchImageId': 'DP1003202507135444S.tif', 'colorizedImageId': 'DP1003202507132724M.tif', 'colorSeqNum': 54, 'skuId': '70909280034', 'defaultSwatch': False, 'skuAltImages': [{'imgId': 'DP1003202507125898M.tif', 'colorSeq': 0}]}, {'colorName': 'Gray White W', 'swatchImageId': 'DP1003202507135339S.tif', 'colorizedImageId': 'DP1003202507132619M.tif', 'colorSeqNum': 55, 'skuId': '70909280042', 'defaultSwatch': False, 'skuAltImages': [{'imgId': 'DP1003202507125793M.tif', 'colorSeq': 0}]}, {'colorName': 'Gray White V', 'swatchImageId': 'DP1003202507135235S.tif', 'colorizedImageId': 'DP1003202507132514M.tif', 'colorSeqNum': 56, 'skuId': '70909280059', 'defaultSwatch': False, 'skuAltImages': [{'imgId': 'DP1003202507125689M.tif', 'colorSeq': 0}]}, {'colorName': 'Gray White U', 'swatchImageId': 'DP1003202507135130S.tif', 'colorizedImageId': 'DP1003202507132409M.tif', 'colorSeqNum': 57, 'skuId': '70909280067', 'defaultSwatch': False, 'skuAltImages': [{'imgId': 'DP1003202507125584M.tif', 'colorSeq': 0}]}, {'colorName': 'Gray White T', 'swatchImageId': 'DP1003202507135025S.tif', 'colorizedImageId': 'DP1003202507132304M.tif', 'colorSeqNum': 58, 'skuId': '70909280075', 'defaultSwatch': False, 'skuAltImages': [{'imgId': 'DP1003202507125479M.tif', 'colorSeq': 0}]}, {'colorName': 'Gray White S', 'swatchImageId': 'DP1003202507134920S.tif', 'colorizedImageId': 'DP1003202507132200M.tif', 'colorSeqNum': 59, 'skuId': '70909280083', 'defaultSwatch': False, 'skuAltImages': [{'imgId': 'DP1003202507125375M.tif', 'colorSeq': 0}]}, {'colorName': 'Gray White R', 'swatchImageId': 'DP1003202507134816S.tif', 'colorizedImageId': 'DP1003202507132095M.tif', 'colorSeqNum': 60, 'skuId': '70909280091', 'defaultSwatch': False, 'skuAltImages': [{'imgId': 'DP1003202507125270M.tif', 'colorSeq': 0}]}, {'colorName': 'Gray White Q', 'swatchImageId': 'DP1003202507134712S.tif', 'colorizedImageId': 'DP1003202507131990M.tif', 'colorSeqNum': 61, 'skuId': '70909280109', 'defaultSwatch': False, 'skuAltImages': [{'imgId': 'DP1003202507125166M.tif', 'colorSeq': 0}]}, {'colorName': 'Gray White P', 'swatchImageId': 'DP1003202507134606S.tif', 'colorizedImageId': 'DP1003202507131885M.tif', 'colorSeqNum': 62, 'skuId': '70909280117', 'defaultSwatch': False, 'skuAltImages': [{'imgId': 'DP1003202507125062M.tif', 'colorSeq': 0}]}, {'colorName': 'Gray White O', 'swatchImageId': 'DP1003202507134502S.tif', 'colorizedImageId': 'DP1003202507131781M.tif', 'colorSeqNum': 63, 'skuId': '70909280125', 'defaultSwatch': False, 'skuAltImages': [{'imgId': 'DP1003202507124957M.tif', 'colorSeq': 0}]}, {'colorName': 'Gray White N', 'swatchImageId': 'DP1003202507134397S.tif', 'colorizedImageId': 'DP1003202507131676M.tif', 'colorSeqNum': 64, 'skuId': '70909280133', 'defaultSwatch': False, 'skuAltImages': [{'imgId': 'DP1003202507124852M.tif', 'colorSeq': 0}]}, {'colorName': 'Gray White M', 'swatchImageId': 'DP1003202507134292S.tif', 'colorizedImageId': 'DP1003202507131572M.tif', 'colorSeqNum': 65, 'skuId': '70909280141', 'defaultSwatch': False, 'skuAltImages': [{'imgId': 'DP1003202507124747M.tif', 'colorSeq': 0}]}, {'colorName': 'Gray White L', 'swatchImageId': 'DP1003202507134188S.tif', 'colorizedImageId': 'DP1003202507131467M.tif', 'colorSeqNum': 66, 'skuId': '70909280158', 'defaultSwatch': False, 'skuAltImages': [{'imgId': 'DP1003202507124643M.tif', 'colorSeq': 0}]}, {'colorName': 'Gray White K', 'swatchImageId': 'DP1003202507134084S.tif', 'colorizedImageId': 'DP1003202507131363M.tif', 'colorSeqNum': 67, 'skuId': '70909280166', 'defaultSwatch': False, 'skuAltImages': [{'imgId': 'DP1003202507124538M.tif', 'colorSeq': 0}]}, {'colorName': 'Gray White J', 'swatchImageId': 'DP1003202507133979S.tif', 'colorizedImageId': 'DP1003202507131258M.tif', 'colorSeqNum': 68, 'skuId': '70909280174', 'defaultSwatch': False, 'skuAltImages': [{'imgId': 'DP1003202507124435M.tif', 'colorSeq': 0}]}, {'colorName': 'Gray White I', 'swatchImageId': 'DP1003202507133875S.tif', 'colorizedImageId': 'DP1003202507131153M.tif', 'colorSeqNum': 69, 'skuId': '70909280182', 'defaultSwatch': False, 'skuAltImages': [{'imgId': 'DP1003202507124330M.tif', 'colorSeq': 0}]}, {'colorName': 'Gray White H', 'swatchImageId': 'DP1003202507133771S.tif', 'colorizedImageId': 'DP1003202507131048M.tif', 'colorSeqNum': 70, 'skuId': '70909280190', 'defaultSwatch': False, 'skuAltImages': [{'imgId': 'DP1003202507124227M.tif', 'colorSeq': 0}]}, {'colorName': 'Gray White G', 'swatchImageId': 'DP1003202507133666S.tif', 'colorizedImageId': 'DP1003202507130944M.tif', 'colorSeqNum': 71, 'skuId': '70909280208', 'defaultSwatch': False, 'skuAltImages': [{'imgId': 'DP1003202507124122M.tif', 'colorSeq': 0}]}, {'colorName': 'Gray White F', 'swatchImageId': 'DP1003202507133561S.tif', 'colorizedImageId': 'DP1003202507130839M.tif', 'colorSeqNum': 72, 'skuId': '70909280216', 'defaultSwatch': False, 'skuAltImages': [{'imgId': 'DP1003202507124017M.tif', 'colorSeq': 0}]}, {'colorName': 'Gray White E', 'swatchImageId': 'DP1003202507133457S.tif', 'colorizedImageId': 'DP1003202507130735M.tif', 'colorSeqNum': 73, 'skuId': '70909280224', 'defaultSwatch': False, 'skuAltImages': [{'imgId': 'DP1003202507123912M.tif', 'colorSeq': 0}]}, {'colorName': 'Gray White A', 'swatchImageId': 'DP1003202507133038S.tif', 'colorizedImageId': 'DP1003202507130316M.tif', 'colorSeqNum': 74, 'skuId': '70909280232', 'defaultSwatch': False, 'skuAltImages': [{'imgId': 'DP1003202507130212M.tif', 'colorSeq': 0}, {'imgId': 'DP1003202507123495M.tif', 'colorSeq': 1}]}, {'colorName': 'Gray White Z', 'swatchImageId': 'DP1003202507135652S.tif', 'colorizedImageId': 'DP1003202507132933M.tif', 'colorSeqNum': 75, 'skuId': '70909280240', 'defaultSwatch': False, 'skuAltImages': [{'imgId': 'DP1003202507130107M.tif', 'colorSeq': 0}]}, {'colorName': 'Gray White C', 'swatchImageId': 'DP1003202507133248S.tif', 'colorizedImageId': 'DP1003202507130526M.tif', 'colorSeqNum': 76, 'skuId': '70909280257', 'defaultSwatch': False, 'skuAltImages': [{'imgId': 'DP1003202507123704M.tif', 'colorSeq': 0}]}, {'colorName': 'Gray White D', 'swatchImageId': 'DP1003202507133353S.tif', 'colorizedImageId': 'DP1003202507130630M.tif', 'colorSeqNum': 77, 'skuId': '70909280265', 'defaultSwatch': False, 'skuAltImages': [{'imgId': 'DP1003202507123808M.tif', 'colorSeq': 0}]}, {'colorName': 'Aqua White J', 'colorizedImageId': 'DP1003202507122344M.tif', 'colorSeqNum': 78, 'skuId': '70909270042', 'defaultSwatch': False, 'skuAltImages': [{'imgId': 'DP1003202507121193M.tif', 'colorSeq': 0}]}]",/p/linum-home-textiles-personalized-chaise-lounge-cover-chair-protector/ppr5008614050?pTmplType=regular&searchTerm=patio+and+outdoor+furniture&geoZip=55057,"[{'message': 'Online Only', 'icon': 'mouse'}, {'message': 'Available for Shipping', 'icon': 'check'}]",False,709,True,68.59,68.59,YULETIDE,False,False,2025-10-03T22:02:47,DP1003202507103060M.tif,DP1003202507100240M.tif,,,https://www.jcpenney.com/p/linum-home-textiles-personalized-chaise-lounge-cover-chair-protector/ppr5008614050?pTmplType=regular&searchTerm=patio+and+outdoor+furniture&geoZip=55057,20251225,patio and outdoor furniture
Signature Design by Ashley® Danson Weather Resistant Wicker Side Table,ppr5008364052,,,460.0,460.0,460.0,460.0,ORIGINAL,False,False,available online only,False,False,original,False,True,"['Included: 1 Table(s)', 'Features: Quick Ship, Non-Toxic, Weather Resistant, Outdoor', 'Shape: Round', 'Tools Required: Allen Wrench (included), Screws (included)', 'Table Measurements: 22 Width/Inches, 22 Length/Inches, 22 Height/Inches']",0.0,0.0,ORIGINAL,False,False,79124600018,USD,signature design by ashley,"[{'colorName': 'Brown', 'swatchImageId': 'DP0703202315105193S.tif', 'colorizedImageId': 'DP0703202315104985M.tif', 'colorSeqNum': 1, 'skuId': '79124600018', 'defaultSwatch': False, 'skuAltImages': [{'imgId': 'DP0703202315105090M.tif', 'colorSeq': 0}, {'imgId': 'DP0703202315104882M.tif', 'colorSeq': 1}, {'imgId': 'DP0703202315104779M.tif', 'colorSeq': 2}]}]",/p/signature-design-by-ashley-danson-weather-resistant-wicker-side-table/ppr5008364052?pTmplType=regular&searchTerm=patio+and+outdoor+furniture&geoZip=55057,"[{'message': 'Online Only', 'icon': 'mouse'}, {'message': 'Available for Shipping', 'icon': 'check'}]",False,791,True,414.0,414.0,GIFTWRAP,False,False,2023-07-10T09:03:17,DP0703202315104985M.tif,DP0703202315105090M.tif,,,https://www.jcpenney.com/p/signature-design-by-ashley-danson-weather-resistant-wicker-side-table/ppr5008364052?pTmplType=regular&searchTerm=patio+and+outdoor+furniture&geoZip=55057,20251225,patio and outdoor furniture
Mozaic Company 60''X19''X3'' Bench Tufted Patio Seat Cushion - Corthian Dapple,ppr5008340896,,,84.99,84.99,142.0,142.0,SALE,False,False,available online only,False,False,original,False,True,"['Features: Tufted', 'Finishing Feature: Knife-Edge', 'Use: Outdoor', 'Seat Cushion Measurements: 19 Width/Inches, 3 Depth/Inches, 60 Height/Inches', 'Base Material: 100% Polyester']",0.0,0.0,SALE,False,False,62730540026,USD,more brands,"[{'colorName': 'Corthian Dapple', 'swatchImageId': 'DP0110202307220578S.tif', 'colorizedImageId': 'DP0110202307220475M.tif', 'colorSeqNum': 1, 'skuId': '62730540026', 'defaultSwatch': False, 'skuAltImages': [{'imgId': 'DP0110202307220681M.tif', 'colorSeq': 0}, {'imgId': 'DP0110202307220373M.tif', 'colorSeq': 1}]}]",/p/mozaic-company-60x19x3-bench-tufted-patio-seat-cushion-corthian-dapple/ppr5008340896?pTmplType=regular&searchTerm=patio+and+outdoor+furniture&geoZip=55057,"[{'message': 'Online Only', 'icon': 'mouse'}, {'message': 'Available for Shipping', 'icon': 'check'}]",False,627,True,76.49,76.49,YULETIDE,False,False,2023-03-07T04:40:46,DP0110202307220475M.tif,DP0110202307220681M.tif,,,https://www.jcpenney.com/p/mozaic-company-60x19x3-bench-tufted-patio-seat-cushion-corthian-dapple/ppr5008340896?pTmplType=regular&searchTerm=patio+and+outdoor+furniture&geoZip=55057,20251225,patio and outdoor furniture
Sarasota 2-pc.,ppr5008342395,,,880.0,880.0,880.0,880.0,ORIGINAL,False,False,available online only,False,False,original,False,True,"['# Pieces In Set: 2', 'Included: 2 Chair(s)', 'Features: Quick Ship, 4 Legs', 'Seating Capacity: 2', 'Tools Required: Allen Wrench (included), Screws (included)']",0.0,0.0,ORIGINAL,False,False,79123020018,USD,more brands,"[{'colorName': 'Hammered Bronze', 'swatchImageId': 'DP0317202307310720S.tif', 'colorizedImageId': 'DP0317202307310408M.tif', 'colorSeqNum': 1, 'skuId': '79123020018', 'defaultSwatch': False, 'skuAltImages': [{'imgId': 'DP0317202307310513M.tif', 'colorSeq': 0}, {'imgId': 'DP0317202307310200M.tif', 'colorSeq': 1}, {'imgId': 'DP0317202307310617M.tif', 'colorSeq': 2}]}]",/p/sarasota-2-pc/ppr5008342395?pTmplType=regular&searchTerm=patio+and+outdoor+furniture&geoZip=55057,"[{'message': 'Online Only', 'icon': 'mouse'}, {'message': 'Available for Shipping', 'icon': 'check'}]",False,791,True,660.0,660.0,RECLINER,False,False,2023-03-17T22:03:34,DP0317202307310408M.tif,DP0317202307310513M.tif,,,https://www.jcpenney.com/p/sarasota-2-pc/ppr5008342395?pTmplType=regular&searchTerm=patio+and+outdoor+furniture&geoZip=55057,20251225,patio and outdoor furniture
Bradbury Collection 5-pc. Patio Dining Set,ppr5008099344,2.0,1.0,1900.0,1900.0,1900.0,1900.0,ORIGINAL,False,False,available online only,False,False,original,False,True,"['# Pieces In Set: 5', 'Included: 4 Chair(s), 1 Table(s), 4 Seat Cushion(s)', 'Features: Umbrella Hole, Weather Resistant, Removable Cushions, Quick Ship', 'Joinery: Screwed, Nailed, Glued', 'Seating Capacity: 4']",0.0,0.0,ORIGINAL,False,False,79111680026,USD,safavieh,"[{'colorName': 'Slate Grey Beige', 'swatchImageId': 'DP0324202115020902S.tif', 'colorizedImageId': 'DP0324202115020893M.tif', 'colorSeqNum': 1, 'skuId': '79111680026', 'defaultSwatch': False, 'skuAltImages': [{'imgId': 'DP0324202115020943M.tif', 'colorSeq': 0}, {'imgId': 'DP0324202115020933M.tif', 'colorSeq': 1}, {'imgId': 'DP0324202115020923M.tif', 'colorSeq': 2}]}, {'colorName': 'Ash Grey Beige', 'swatchImageId': 'DP0324202115020897S.tif', 'colorizedImageId': 'DP0324202115020886M.tif', 'colorSeqNum': 2, 'skuId': '79111680018', 'defaultSwatch': False, 'skuAltImages': [{'imgId': 'DP0324202115020938M.tif', 'colorSeq': 0}, {'imgId': 'DP0324202115020928M.tif', 'colorSeq': 1}, {'imgId': 'DP0324202115020918M.tif', 'colorSeq': 2}]}, {'colorName': 'Natural Beige', 'swatchImageId': 'DP0902202415054001S.tif', 'colorizedImageId': 'DP0902202415053798M.tif', 'colorSeqNum': 3, 'skuId': '79111680034', 'defaultSwatch': False, 'skuAltImages': [{'imgId': 'DP0902202415054103M.tif', 'colorSeq': 0}, {'imgId': 'DP0902202415053899M.tif', 'colorSeq': 1}, {'imgId': 'DP0902202415054205M.tif', 'colorSeq': 2}]}]",/p/bradbury-collection-5-pc-patio-dining-set/ppr5008099344?pTmplType=regular&searchTerm=patio+and+outdoor+furniture&geoZip=55057,"[{'message': 'Online Only', 'icon': 'mouse'}, {'message': 'Available for Shipping', 'icon': 'check'}]",False,791,True,1425.0,1425.0,RECLINER,False,False,2021-03-24T22:04:32,DP0324202115020893M.tif,DP0324202115020943M.tif,,,https://www.jcpenney.com/p/bradbury-collection-5-pc-patio-dining-set/ppr5008099344?pTmplType=regular&searchTerm=patio+and+outdoor+furniture&geoZip=55057,20251225,patio and outdoor furniture
Safavieh Moore 3 Piece Bistro Set 3-pc. Bistro Set,ppr5008095964,,,820.0,820.0,820.0,820.0,ORIGINAL,False,False,available online only,False,False,original,False,True,"['# Pieces In Set: 3', 'Included: 2 Chair(s), 1 Table(s), 2 Seat Cushion(s)', 'Features: Weather Resistant, Removable Cushions, Quick Ship', 'Joinery: Nailed, Welded Joint, Screwed', 'Seating Capacity: 2']",0.0,0.0,ORIGINAL,False,False,79110960026,USD,safavieh,"[{'colorName': 'Black Beige', 'swatchImageId': 'DP0317202107031538S.tif', 'colorizedImageId': 'DP0317202107031527M.tif', 'colorSeqNum': 1, 'skuId': '79110960018', 'defaultSwatch': False, 'skuAltImages': [{'imgId': 'DP0316202107031519M.tif', 'colorSeq': 0}, {'imgId': 'DP0316202107031534M.tif', 'colorSeq': 1}, {'imgId': 'DP0316202107031530M.tif', 'colorSeq': 2}]}, {'colorName': 'Natural Beige', 'swatchImageId': 'DP0317202107031543S.tif', 'colorizedImageId': 'DP0317202107031532M.tif', 'colorSeqNum': 2, 'skuId': '79110960026', 'defaultSwatch': False, 'skuAltImages': [{'imgId': 'DP0316202107031523M.tif', 'colorSeq': 0}, {'imgId': 'DP0316202107031537M.tif', 'colorSeq': 1}, {'imgId': 'DP0316202107031526M.tif', 'colorSeq': 7}]}]",/p/safavieh-moore-3-piece-bistro-set-3-pc-bistro-set/ppr5008095964?pTmplType=regular&searchTerm=patio+and+outdoor+furniture&geoZip=55057,"[{'message': 'Online Only', 'icon': 'mouse'}, {'message': 'Available for Shipping', 'icon': 'check'}]",False,791,True,615.0,615.0,RECLINER,False,False,2021-03-16T22:02:47,DP0317202107031527M.tif,DP0316202107031519M.tif,,,https://www.jcpenney.com/p/safavieh-moore-3-piece-bistro-set-3-pc-bistro-set/ppr5008095964?pTmplType=regular&searchTerm=patio+and+outdoor+furniture&geoZip=55057,20251225,patio and outdoor furniture
Broadway 4-pc. Lounge Set,ppr5008429785,,,4200.0,4200.0,4200.0,4200.0,ORIGINAL,False,False,available online only,False,False,original,False,True,"['# Pieces In Set: 4', 'Included: 4 Chair(s)', 'Features: Easy Care, Removable Cushions, Adjustable', 'Manufacturer Warranty: 90 Days Limited', 'Seating Capacity: 4']",0.0,0.0,ORIGINAL,False,False,79129170018,USD,more brands,"[{'colorName': 'Cream', 'swatchImageId': 'DP1001202407200629S.tif', 'colorizedImageId': 'DP1001202407200323M.tif', 'colorSeqNum': 1, 'skuId': '79129170018', 'defaultSwatch': False, 'skuAltImages': [{'imgId': 'DP1001202407200425M.tif', 'colorSeq': 0}, {'imgId': 'DP1001202407200120M.tif', 'colorSeq': 1}, {'imgId': 'DP1001202407200730M.tif', 'colorSeq': 2}]}]",/p/broadway-4-pc-lounge-set/ppr5008429785?pTmplType=regular&searchTerm=patio+and+outdoor+furniture&geoZip=55057,"[{'message': 'Online Only', 'icon': 'mouse'}, {'message': 'Available for Shipping', 'icon': 'check'}]",False,791,True,3150.0,3150.0,RECLINER,False,False,2024-10-01T22:02:48,DP1001202407200323M.tif,DP1001202407200425M.tif,,,https://www.jcpenney.com/p/broadway-4-pc-lounge-set/ppr5008429785?pTmplType=regular&searchTerm=patio+and+outdoor+furniture&geoZip=55057,20251225,patio and outdoor furniture
"Signature Design by Ashley® Walton Bridge 2-pc. Counter Height Bar Stool Set
",ppr5008438464,,,1750.0,1750.0,1750.0,1750.0,ORIGINAL,False,False,available online only,False,False,original,False,True,"['# Pieces In Set: 2', 'Included: 2 Stool(s)', 'Features: 4 Legs, Cushioned, Weather Resistant, Long Leg, Rust Resistant', 'Seating Capacity: 2', 'Tools Required: Screws (included), Allen Wrench (included)']",0.0,0.0,ORIGINAL,False,False,79130480018,USD,signature design by ashley,"[{'colorName': 'Lt Brown', 'swatchImageId': 'DP0313202413050130S.tif', 'colorizedImageId': 'DP0319202407042969M.tif', 'colorSeqNum': 1, 'skuId': '79130480018', 'defaultSwatch': False, 'skuAltImages': [{'imgId': 'DP0319202407043071M.tif', 'colorSeq': 0}, {'imgId': 'DP0313202413045925M.tif', 'colorSeq': 1}, {'imgId': 'DP0319202407043174M.tif', 'colorSeq': 2}]}]",/p/signature-design-by-ashley-walton-bridge-2-pc-counter-height-bar-stool-set/ppr5008438464?pTmplType=regular&searchTerm=patio+and+outdoor+furniture&geoZip=55057,"[{'message': 'Online Only', 'icon': 'mouse'}, {'message': 'Available for Shipping', 'icon': 'check'}]",False,791,True,1312.5,1312.5,RECLINER,False,False,2024-03-13T22:04:57,DP0319202407042969M.tif,DP0319202407043071M.tif,,,https://www.jcpenney.com/p/signature-design-by-ashley-walton-bridge-2-pc-counter-height-bar-stool-set/ppr5008438464?pTmplType=regular&searchTerm=patio+and+outdoor+furniture&geoZip=55057,20251225,patio and outdoor furniture
Zion Weather Resistant Iron Coffee Table,ppr5008342405,,,360.0,360.0,360.0,360.0,ORIGINAL,False,False,available online only,False,False,original,False,True,"['Included: 1 Table(s)', 'Features: Quick Ship, 4 Legs, Weather Resistant', 'Tools Required: Screws (included)', 'Maximum Weight Limit: 210 Lbs', 'Table Measurements: 43 Length/Inches, 18 Height/Inches, 18 Width/Inches']",0.0,0.0,ORIGINAL,False,False,79123070018,USD,more brands,"[{'colorName': 'Teak Rustic Metal', 'swatchImageId': 'DP0317202307315288S.tif', 'colorizedImageId': 'DP0317202307314977M.tif', 'colorSeqNum': 1, 'skuId': '79123070018', 'defaultSwatch': False, 'skuAltImages': [{'imgId': 'DP0317202307315080M.tif', 'colorSeq': 0}, {'imgId': 'DP0317202307315184M.tif', 'colorSeq': 1}, {'imgId': 'DP0317202307315391M.tif', 'colorSeq': 2}]}]",/p/zion-weather-resistant-iron-coffee-table/ppr5008342405?pTmplType=regular&searchTerm=patio+and+outdoor+furniture&geoZip=55057,"[{'message': 'Online Only', 'icon': 'mouse'}, {'message': 'Available for Shipping', 'icon': 'check'}]",False,791,True,324.0,324.0,GIFTWRAP,False,False,2023-03-17T22:03:35,DP0317202307314977M.tif,DP0317202307315080M.tif,,,https://www.jcpenney.com/p/zion-weather-resistant-iron-coffee-table/ppr5008342405?pTmplType=regular&searchTerm=patio+and+outdoor+furniture&geoZip=55057,20251225,patio and outdoor furniture
15 Feet Double Patio Umbrella,ppr5008345319,,,640.0,640.0,640.0,640.0,ORIGINAL,False,False,available online only,False,False,original,False,True,"['Features: Collapsible, Weather Resistant, Vented', 'Manufacturer Warranty: 6 Month', 'Measurements: 176 Width/Inches, 102 Depth/Inches, 94 Height/Inches', 'Diameter: 7 1/2 Ft', 'Weight (lb.): 23 Lb']",0.0,0.0,ORIGINAL,False,False,79123170026,USD,more brands,"[{'colorName': 'Warm White', 'swatchImageId': 'DP0325202307141308S.tif', 'colorizedImageId': 'DP0325202307140894M.tif', 'colorSeqNum': 1, 'skuId': '79123170026', 'defaultSwatch': False, 'skuAltImages': [{'imgId': 'DP0325202307141100M.tif', 'colorSeq': 0}, {'imgId': 'DP0325202307142760M.tif', 'colorSeq': 1}, {'imgId': 'DP0325202307142553M.tif', 'colorSeq': 2}]}]",/p/15-feet-double-patio-umbrella/ppr5008345319?pTmplType=regular&searchTerm=patio+and+outdoor+furniture&geoZip=55057,"[{'message': 'Online Only', 'icon': 'mouse'}, {'message': 'Available for Shipping', 'icon': 'check'}]",False,791,True,576.0,576.0,GIFTWRAP,False,False,2023-03-25T22:03:02,DP0325202307140894M.tif,DP0325202307141100M.tif,,,https://www.jcpenney.com/p/15-feet-double-patio-umbrella/ppr5008345319?pTmplType=regular&searchTerm=patio+and+outdoor+furniture&geoZip=55057,20251225,patio and outdoor furniture
Orion Concrete Side Table,ppr5008367076,,,270.0,270.0,270.0,270.0,ORIGINAL,False,False,available online only,False,False,original,False,True,"['Included: 1 Table(s)', 'Features: Easy Clean, Easy Care', 'Manufacturer Warranty: 90 Days Limited', 'Shape: Drum', 'Maximum Weight Limit: 22 Lbs']",0.0,0.0,ORIGINAL,False,False,79125480018,USD,more brands,"[{'colorName': 'Concrete', 'swatchImageId': 'DP1023202515133832S.tif', 'colorizedImageId': 'DP1023202515133728M.tif', 'colorSeqNum': 1, 'skuId': '79125480018', 'defaultSwatch': False, 'skuAltImages': [{'imgId': 'DP1023202515134352M.tif', 'colorSeq': 0}, {'imgId': 'DP1023202515134248M.tif', 'colorSeq': 1}, {'imgId': 'DP1023202515134040M.tif', 'colorSeq': 2}]}]",/p/orion-concrete-side-table/ppr5008367076?pTmplType=regular&searchTerm=patio+and+outdoor+furniture&geoZip=55057,"[{'message': 'Online Only', 'icon': 'mouse'}, {'message': 'Available for Shipping', 'icon': 'check'}]",False,791,True,243.0,243.0,GIFTWRAP,False,False,2025-10-27T07:09:11,DP1023202515133728M.tif,DP1023202515134352M.tif,"[{'name': 'NEW', 'priority': 1, 'urlParam': 'new'}]",,https://www.jcpenney.com/p/orion-concrete-side-table/ppr5008367076?pTmplType=regular&searchTerm=patio+and+outdoor+furniture&geoZip=55057,20251225,patio and outdoor furniture
Corliving Patio Umbrella,ppr5008345321,,,480.0,480.0,480.0,480.0,ORIGINAL,False,False,available online only,False,False,original,False,True,"['Features: Collapsible, Tiltable, Weather Resistant, Vented', 'Manufacturer Warranty: 6 Month', 'Shape: Round', 'Measurements: 63 Depth/Inches, 116 Width/Inches, 103 Height/Inches', 'Diameter: 10 Ft']",0.0,0.0,ORIGINAL,False,False,79123190026,USD,more brands,"[{'colorName': 'Black', 'swatchImageId': 'DP0325202307153722S.tif', 'colorizedImageId': 'DP0325202307153096M.tif', 'colorSeqNum': 1, 'skuId': '79123190018', 'defaultSwatch': False, 'skuAltImages': [{'imgId': 'DP0325202307155587M.tif', 'colorSeq': 0}, {'imgId': 'DP0325202307154966M.tif', 'colorSeq': 1}, {'imgId': 'DP0325202307154343M.tif', 'colorSeq': 2}]}, {'colorName': 'Grey', 'swatchImageId': 'DP0325202307153825S.tif', 'colorizedImageId': 'DP0325202307153200M.tif', 'colorSeqNum': 2, 'skuId': '79123190026', 'defaultSwatch': False, 'skuAltImages': [{'imgId': 'DP0325202307155693M.tif', 'colorSeq': 0}, {'imgId': 'DP0325202307155069M.tif', 'colorSeq': 1}, {'imgId': 'DP0325202307154447M.tif', 'colorSeq': 2}]}, {'colorName': 'Taupe', 'swatchImageId': 'DP0325202307154032S.tif', 'colorizedImageId': 'DP0325202307153409M.tif', 'colorSeqNum': 3, 'skuId': '79123190034', 'defaultSwatch': False, 'skuAltImages': [{'imgId': 'DP0325202307155899M.tif', 'colorSeq': 0}, {'imgId': 'DP0325202307155276M.tif', 'colorSeq': 1}, {'imgId': 'DP0325202307154655M.tif', 'colorSeq': 2}]}, {'colorName': 'Warm White', 'swatchImageId': 'DP0325202307154136S.tif', 'colorizedImageId': 'DP0325202307153513M.tif', 'colorSeqNum': 4, 'skuId': '79123190042', 'defaultSwatch': False, 'skuAltImages': [{'imgId': 'DP0325202307160003M.tif', 'colorSeq': 0}, {'imgId': 'DP0325202307155379M.tif', 'colorSeq': 1}, {'imgId': 'DP0325202307154758M.tif', 'colorSeq': 2}]}, {'colorName': 'Navy Blue', 'swatchImageId': 'DP0325202307153929S.tif', 'colorizedImageId': 'DP0325202307153304M.tif', 'colorSeqNum': 5, 'skuId': '79123190059', 'defaultSwatch': False, 'skuAltImages': [{'imgId': 'DP0325202307155795M.tif', 'colorSeq': 0}, {'imgId': 'DP0325202307155173M.tif', 'colorSeq': 1}, {'imgId': 'DP0325202307154550M.tif', 'colorSeq': 2}]}, {'colorName': 'Wine Red', 'swatchImageId': 'DP0325202307154240S.tif', 'colorizedImageId': 'DP0325202307153618M.tif', 'colorSeqNum': 6, 'skuId': '79123190067', 'defaultSwatch': False, 'skuAltImages': [{'imgId': 'DP0325202307160107M.tif', 'colorSeq': 0}, {'imgId': 'DP0325202307155484M.tif', 'colorSeq': 1}, {'imgId': 'DP0325202307154862M.tif', 'colorSeq': 2}]}]",/p/corliving-patio-umbrella/ppr5008345321?pTmplType=regular&searchTerm=patio+and+outdoor+furniture&geoZip=55057,"[{'message': 'Online Only', 'icon': 'mouse'}, {'message': 'Available for Shipping', 'icon': 'check'}]",False,791,True,432.0,432.0,GIFTWRAP,False,False,2023-03-25T22:03:04,DP0325202307153096M.tif,DP0325202307155587M.tif,,,https://www.jcpenney.com/p/corliving-patio-umbrella/ppr5008345321?pTmplType=regular&searchTerm=patio+and+outdoor+furniture&geoZip=55057,20251225,patio and outdoor furniture
Safavieh Herla Patio Umbrella,ppr5008445998,,,380.0,380.0,380.0,380.0,ORIGINAL,False,False,available online only,False,False,original,False,True,"['Features: Weather Resistant, Quick Ship, Uv Protection', 'Shape: Octagon', 'Measurements: 105.5 Height/Inches, 130 Width/Inches, 130 Depth/Inches', 'Diameter: 11 Ft', 'Weight (lb.): 15.5 Lb']",0.0,0.0,ORIGINAL,False,False,79131100034,USD,safavieh,"[{'colorName': 'Navy', 'swatchImageId': 'DP0423202411133646S.tif', 'colorizedImageId': 'DP0423202411133034M.tif', 'colorSeqNum': 1, 'skuId': '79131100034', 'defaultSwatch': False, 'skuAltImages': [{'imgId': 'DP0423202411133341M.tif', 'colorSeq': 0}, {'imgId': 'DP0423202411134054M.tif', 'colorSeq': 1}, {'imgId': 'DP0423202411132727M.tif', 'colorSeq': 2}]}, {'colorName': 'Black', 'swatchImageId': 'DP0423202411133544S.tif', 'colorizedImageId': 'DP0423202411132932M.tif', 'colorSeqNum': 2, 'skuId': '79131100042', 'defaultSwatch': False, 'skuAltImages': [{'imgId': 'DP0423202411133238M.tif', 'colorSeq': 0}, {'imgId': 'DP0423202411133953M.tif', 'colorSeq': 1}, {'imgId': 'DP0423202411134360M.tif', 'colorSeq': 2}]}, {'colorName': 'White', 'swatchImageId': 'DP0423202411133749S.tif', 'colorizedImageId': 'DP0423202411133136M.tif', 'colorSeqNum': 3, 'skuId': '79131100059', 'defaultSwatch': False, 'skuAltImages': [{'imgId': 'DP0423202411133442M.tif', 'colorSeq': 0}, {'imgId': 'DP0423202411134156M.tif', 'colorSeq': 1}, {'imgId': 'DP0423202411132829M.tif', 'colorSeq': 2}]}]",/p/safavieh-herla-patio-umbrella/ppr5008445998?pTmplType=regular&searchTerm=patio+and+outdoor+furniture&geoZip=55057,"[{'message': 'Online Only', 'icon': 'mouse'}, {'message': 'Available for Shipping', 'icon': 'check'}]",False,791,True,342.0,342.0,GIFTWRAP,False,False,2024-04-23T22:04:31,DP0423202411133034M.tif,DP0423202411133341M.tif,,,https://www.jcpenney.com/p/safavieh-herla-patio-umbrella/ppr5008445998?pTmplType=regular&searchTerm=patio+and+outdoor+furniture&geoZip=55057,20251225,patio and outdoor furniture
2-pc. Patio Dining Chair,ppr5008336754,,,540.0,540.0,540.0,540.0,ORIGINAL,False,False,available online only,False,False,original,False,True,"['# Pieces In Set: 2', 'Included: 2 Seat Cushion(s), 2 Chair(s)', 'Features: Quick Ship, Water Resistant, 4 Legs', 'Seating Capacity: 2', 'Tools Required: Screws (included), Allen Wrench (included)']",0.0,0.0,ORIGINAL,False,False,79122510026,USD,more brands,"[{'colorName': 'Brown', 'swatchImageId': 'DP0314202309301381S.tif', 'colorizedImageId': 'DP0314202309300967M.tif', 'colorSeqNum': 1, 'skuId': '79122510026', 'defaultSwatch': False, 'skuAltImages': [{'imgId': 'DP0314202309301070M.tif', 'colorSeq': 0}, {'imgId': 'DP0314202309301174M.tif', 'colorSeq': 1}, {'imgId': 'DP0314202309300756M.tif', 'colorSeq': 2}]}]",/p/2-pc-patio-dining-chair/ppr5008336754?pTmplType=regular&searchTerm=patio+and+outdoor+furniture&geoZip=55057,"[{'message': 'Online Only', 'icon': 'mouse'}, {'message': 'Available for Shipping', 'icon': 'check'}]",False,791,True,486.0,486.0,GIFTWRAP,False,False,2023-03-14T22:10:09,DP0314202309300967M.tif,DP0314202309301070M.tif,,,https://www.jcpenney.com/p/2-pc-patio-dining-chair/ppr5008336754?pTmplType=regular&searchTerm=patio+and+outdoor+furniture&geoZip=55057,20251225,patio and outdoor furniture
Safavieh Viora Loveseat,ppr5008445650,,,450.0,450.0,450.0,450.0,ORIGINAL,False,False,available online only,False,False,original,False,True,"['Included: 1 Loveseat(s), 2 Seat Cushion(s)', 'Features: Quick Ship, Cushioned', 'Joinery: Screwed', 'Seating Capacity: 2', 'Tools Required: Allen Wrench (included), Screws (included)']",0.0,0.0,ORIGINAL,False,False,79130620018,USD,safavieh,"[{'colorName': 'Black', 'swatchImageId': 'DP0423202407100105S.tif', 'colorizedImageId': 'DP0423202407094475M.tif', 'colorSeqNum': 1, 'skuId': '79130620018', 'defaultSwatch': False, 'skuAltImages': [{'imgId': 'DP0423202407100718M.tif', 'colorSeq': 0}, {'imgId': 'DP0423202407094883M.tif', 'colorSeq': 1}, {'imgId': 'DP0423202407095289M.tif', 'colorSeq': 2}]}, {'colorName': 'Beige', 'swatchImageId': 'DP0423202407100004S.tif', 'colorizedImageId': 'DP0423202407094373M.tif', 'colorSeqNum': 2, 'skuId': '79130620026', 'defaultSwatch': False, 'skuAltImages': [{'imgId': 'DP0423202407100615M.tif', 'colorSeq': 0}, {'imgId': 'DP0423202407094781M.tif', 'colorSeq': 1}, {'imgId': 'DP0423202407095188M.tif', 'colorSeq': 2}]}, {'colorName': 'Brown', 'swatchImageId': 'DP0423202407100207S.tif', 'colorizedImageId': 'DP0423202407094578M.tif', 'colorSeqNum': 3, 'skuId': '79130620034', 'defaultSwatch': False, 'skuAltImages': [{'imgId': 'DP0423202407100820M.tif', 'colorSeq': 0}, {'imgId': 'DP0423202407094984M.tif', 'colorSeq': 1}, {'imgId': 'DP0423202407095392M.tif', 'colorSeq': 2}]}, {'colorName': 'Natural', 'swatchImageId': 'DP0423202407100309S.tif', 'colorizedImageId': 'DP0423202407094679M.tif', 'colorSeqNum': 4, 'skuId': '79130620042', 'defaultSwatch': False, 'skuAltImages': [{'imgId': 'DP0423202407100922M.tif', 'colorSeq': 0}, {'imgId': 'DP0423202407095086M.tif', 'colorSeq': 1}, {'imgId': 'DP0423202407095494M.tif', 'colorSeq': 2}]}]",/p/safavieh-viora-loveseat/ppr5008445650?pTmplType=regular&searchTerm=patio+and+outdoor+furniture&geoZip=55057,"[{'message': 'Online Only', 'icon': 'mouse'}, {'message': 'Available for Shipping', 'icon': 'check'}]",False,791,True,405.0,405.0,GIFTWRAP,False,False,2024-04-23T22:02:50,DP0423202407094475M.tif,DP0423202407100718M.tif,,,https://www.jcpenney.com/p/safavieh-viora-loveseat/ppr5008445650?pTmplType=regular&searchTerm=patio+and+outdoor+furniture&geoZip=55057,20251225,patio and outdoor furniture
Cape Coral Sofa,ppr5008333998,,,1855.0,1855.0,1855.0,1855.0,ORIGINAL,False,False,available online only,False,False,original,False,True,"['Included: 1 Sofa(s)', 'Features: Quick Ship, 4 Legs', 'Manufacturer Warranty: 90 Days Limited', 'Seating Capacity: 3', 'Tools Required: Screws (included), Allen Wrench (included)']",0.0,0.0,ORIGINAL,False,False,79121970018,USD,more brands,"[{'colorName': 'Beige', 'swatchImageId': 'DP0223202307265426S.tif', 'colorizedImageId': 'DP0223202307265012M.tif', 'colorSeqNum': 1, 'skuId': '79121970018', 'defaultSwatch': False, 'skuAltImages': [{'imgId': 'DP0223202307265218M.tif', 'colorSeq': 0}, {'imgId': 'DP0223202307264804M.tif', 'colorSeq': 1}, {'imgId': 'DP0223202307265322M.tif', 'colorSeq': 2}]}]",/p/cape-coral-sofa/ppr5008333998?pTmplType=regular&searchTerm=patio+and+outdoor+furniture&geoZip=55057,"[{'message': 'Online Only', 'icon': 'mouse'}, {'message': 'Available for Shipping', 'icon': 'check'}]",False,791,True,1391.25,1391.25,RECLINER,False,False,2023-02-23T22:03:37,DP0223202307265012M.tif,DP0223202307265218M.tif,,,https://www.jcpenney.com/p/cape-coral-sofa/ppr5008333998?pTmplType=regular&searchTerm=patio+and+outdoor+furniture&geoZip=55057,20251225,patio and outdoor furniture
Carew 3-pc. Patio Lounge Set,ppr5008233325,,,1500.0,1500.0,1500.0,1500.0,ORIGINAL,False,False,available online only,False,False,original,False,True,"['# Pieces In Set: 3', 'Included: 2 Chair(s), 2 Seat Cushion(s), 1 Chairside Table(s)', 'Features: Water Resistant, Removable Cushions, Folding Frame, Quick Ship', 'Joinery: Screwed, Welded Joint', 'Seating Capacity: 2']",0.0,0.0,ORIGINAL,False,False,79115300018,USD,safavieh,"[{'colorName': 'Black', 'swatchImageId': 'DP0404202207063302S.tif', 'colorizedImageId': 'DP0404202207063235M.tif', 'colorSeqNum': 1, 'skuId': '79115300018', 'defaultSwatch': False, 'skuAltImages': [{'imgId': 'DP0404202207063337M.tif', 'colorSeq': 0}, {'imgId': 'DP0404202207063267M.tif', 'colorSeq': 1}, {'imgId': 'DP0404202207063285M.tif', 'colorSeq': 2}]}, {'colorName': 'Brown', 'swatchImageId': 'DP0404202207063307S.tif', 'colorizedImageId': 'DP0404202207063238M.tif', 'colorSeqNum': 2, 'skuId': '79115300034', 'defaultSwatch': False, 'skuAltImages': [{'imgId': 'DP0404202207063341M.tif', 'colorSeq': 0}, {'imgId': 'DP0404202207063273M.tif', 'colorSeq': 1}, {'imgId': 'DP0404202207063290M.tif', 'colorSeq': 2}]}, {'colorName': 'Natural', 'swatchImageId': 'DP0404202207063310S.tif', 'colorizedImageId': 'DP0404202207063243M.tif', 'colorSeqNum': 3, 'skuId': '79115300042', 'defaultSwatch': False, 'skuAltImages': [{'imgId': 'DP0404202207063346M.tif', 'colorSeq': 0}, {'imgId': 'DP0404202207063276M.tif', 'colorSeq': 1}, {'imgId': 'DP0404202207063293M.tif', 'colorSeq': 2}]}]",/p/carew-3-pc-patio-lounge-set/ppr5008233325?pTmplType=regular&searchTerm=patio+and+outdoor+furniture&geoZip=55057,"[{'message': 'Online Only', 'icon': 'mouse'}, {'message': 'Available for Shipping', 'icon': 'check'}]",False,791,True,1125.0,1125.0,RECLINER,False,False,2022-04-04T22:04:27,DP0404202207063235M.tif,DP0404202207063337M.tif,"[{'name': 'Few Left', 'priority': 1, 'urlParam': 'fewleft'}]",,https://www.jcpenney.com/p/carew-3-pc-patio-lounge-set/ppr5008233325?pTmplType=regular&searchTerm=patio+and+outdoor+furniture&geoZip=55057,20251225,patio and outdoor furniture
Cayman 7-pc. Rectangular Dining Set,ppr5008367053,,,4265.0,4265.0,4265.0,4265.0,ORIGINAL,False,False,available online only,False,False,original,False,True,"['# Pieces In Set: 7', 'Included: 6 Chair(s), 1 Table(s)', 'Features: 4 Legs, Easy Clean, Umbrella Hole, Quick Ship, Easy Care', 'Manufacturer Warranty: 90 Days Limited', 'Seating Capacity: 6']",0.0,0.0,ORIGINAL,False,False,79125250018,USD,more brands,"[{'colorName': 'Black Sand', 'swatchImageId': 'DP1023202515123254S.tif', 'colorizedImageId': 'DP1023202515123149M.tif', 'colorSeqNum': 1, 'skuId': '79125250018', 'defaultSwatch': False, 'skuAltImages': [{'imgId': 'DP1023202515123671M.tif', 'colorSeq': 0}, {'imgId': 'DP1023202515123566M.tif', 'colorSeq': 1}, {'imgId': 'DP1023202515123358M.tif', 'colorSeq': 2}]}]",/p/cayman-7-pc-rectangular-dining-set/ppr5008367053?pTmplType=regular&searchTerm=patio+and+outdoor+furniture&geoZip=55057,"[{'message': 'Online Only', 'icon': 'mouse'}, {'message': 'Available for Shipping', 'icon': 'check'}]",False,791,True,3198.75,3198.75,RECLINER,False,False,2025-10-23T22:05:40,DP1023202515123149M.tif,DP1023202515123671M.tif,"[{'name': 'NEW', 'priority': 1, 'urlParam': 'new'}]",,https://www.jcpenney.com/p/cayman-7-pc-rectangular-dining-set/ppr5008367053?pTmplType=regular&searchTerm=patio+and+outdoor+furniture&geoZip=55057,20251225,patio and outdoor furniture
5-pc. Square Dining Set,ppr5008336781,,,2410.0,2410.0,2410.0,2410.0,ORIGINAL,False,False,available online only,False,False,original,False,True,"['# Pieces In Set: 5', 'Included: 1 Table(s), 4 Chair(s)', 'Features: Quick Ship, 4 Legs', 'Seating Capacity: 4', 'Shape: Square']",0.0,0.0,ORIGINAL,False,False,79122780018,USD,more brands,"[{'colorName': 'Brown', 'swatchImageId': 'DP0314202309342951S.tif', 'colorizedImageId': 'DP0314202309342539M.tif', 'colorSeqNum': 1, 'skuId': '79122780018', 'defaultSwatch': False, 'skuAltImages': [{'imgId': 'DP0314202309342642M.tif', 'colorSeq': 0}, {'imgId': 'DP0314202309342745M.tif', 'colorSeq': 1}, {'imgId': 'DP0314202309342434M.tif', 'colorSeq': 2}]}]",/p/5-pc-square-dining-set/ppr5008336781?pTmplType=regular&searchTerm=patio+and+outdoor+furniture&geoZip=55057,"[{'message': 'Online Only', 'icon': 'mouse'}, {'message': 'Available for Shipping', 'icon': 'check'}]",False,791,True,1807.5,1807.5,RECLINER,False,False,2023-03-14T22:10:16,DP0314202309342539M.tif,DP0314202309342642M.tif,"[{'name': 'Few Left', 'priority': 1, 'urlParam': 'fewleft'}]",,https://www.jcpenney.com/p/5-pc-square-dining-set/ppr5008336781?pTmplType=regular&searchTerm=patio+and+outdoor+furniture&geoZip=55057,20251225,patio and outdoor furniture
5-pc. Square Dining Set,ppr5008336767,,,2980.0,2980.0,2980.0,2980.0,ORIGINAL,False,False,available online only,False,False,original,False,True,"['# Pieces In Set: 5', 'Included: 4 Chair(s), 1 Table(s)', 'Features: 4 Legs, Quick Ship', 'Seating Capacity: 4', 'Shape: Square']",0.0,0.0,ORIGINAL,False,False,79122640018,USD,more brands,"[{'colorName': 'Black', 'swatchImageId': 'DP0314202309320935S.tif', 'colorizedImageId': 'DP0314202309320519M.tif', 'colorSeqNum': 1, 'skuId': '79122640018', 'defaultSwatch': False, 'skuAltImages': [{'imgId': 'DP0314202309320624M.tif', 'colorSeq': 0}, {'imgId': 'DP0314202309320727M.tif', 'colorSeq': 1}, {'imgId': 'DP0314202309320416M.tif', 'colorSeq': 2}]}]",/p/5-pc-square-dining-set/ppr5008336767?pTmplType=regular&searchTerm=patio+and+outdoor+furniture&geoZip=55057,"[{'message': 'Online Only', 'icon': 'mouse'}, {'message': 'Available for Shipping', 'icon': 'check'}]",False,791,True,2235.0,2235.0,RECLINER,False,False,2023-03-14T22:10:12,DP0314202309320519M.tif,DP0314202309320624M.tif,,,https://www.jcpenney.com/p/5-pc-square-dining-set/ppr5008336767?pTmplType=regular&searchTerm=patio+and+outdoor+furniture&geoZip=55057,20251225,patio and outdoor furniture
Casa Loveseat,ppr5008431394,,,530.0,530.0,530.0,530.0,ORIGINAL,False,False,available online only,False,False,original,False,True,"['Included: 1 Loveseat(s), 1 Seat Cushion(s), 1 Seat Back Cushion(s)', 'Features: Water Resistant, Quick Ship, Removable Cushions', 'Manufacturer Warranty: 90 Days Limited', 'Seating Capacity: 2', 'Tools Required: Screws (included), Allen Wrench (included)']",0.0,0.0,ORIGINAL,False,False,79129720018,USD,more brands,"[{'colorName': 'Cream', 'swatchImageId': 'DP0212202407423326S.tif', 'colorizedImageId': 'DP0221202407145399M.tif', 'colorSeqNum': 1, 'skuId': '79129720018', 'defaultSwatch': False, 'skuAltImages': [{'imgId': 'DP0221202407145502M.tif', 'colorSeq': 0}, {'imgId': 'DP0221202407145194M.tif', 'colorSeq': 2}, {'imgId': 'DP0212202407423224M.tif', 'colorSeq': 4}]}]",/p/casa-loveseat/ppr5008431394?pTmplType=regular&searchTerm=patio+and+outdoor+furniture&geoZip=55057,"[{'message': 'Online Only', 'icon': 'mouse'}, {'message': 'Available for Shipping', 'icon': 'check'}]",False,791,True,477.0,477.0,GIFTWRAP,False,False,2024-02-12T22:05:43,DP0221202407145399M.tif,DP0221202407145502M.tif,,,https://www.jcpenney.com/p/casa-loveseat/ppr5008431394?pTmplType=regular&searchTerm=patio+and+outdoor+furniture&geoZip=55057,20251225,patio and outdoor furniture
Sunnydaze® Caroline Hanging Egg Chair With Stand,ppr5008102458,3.6667,3.0,1000.0,1000.0,1000.0,1000.0,ORIGINAL,False,False,available online only,False,False,original,False,True,"['Included: 1 Seat Cushion(s), 1 Stand(s), 1 Seat Back Cushion(s), 1 Chair(s)', 'Features: Weather Resistant, Quick Ship, Water Resistant', 'Joinery: Welded Joint', 'Manufacturer Warranty: 1 Year', 'Seating Capacity: 1']",0.0,0.0,ORIGINAL,False,False,79111970026,USD,more brands,"[{'colorName': 'Cream', 'swatchImageId': 'DP0406202107021585S.tif', 'colorizedImageId': 'DP0406202107021572M.tif', 'colorSeqNum': 1, 'skuId': '79111970026', 'defaultSwatch': False, 'skuAltImages': [{'imgId': 'DP0406202107021683M.tif', 'colorSeq': 0}, {'imgId': 'DP0406202107021671M.tif', 'colorSeq': 1}, {'imgId': 'DP0406202107021658M.tif', 'colorSeq': 2}]}, {'colorName': 'Grey', 'swatchImageId': 'DP0406202107021591S.tif', 'colorizedImageId': 'DP0406202107021579M.tif', 'colorSeqNum': 2, 'skuId': '79111970018', 'defaultSwatch': False, 'skuAltImages': [{'imgId': 'DP0406202107021689M.tif', 'colorSeq': 0}, {'imgId': 'DP0406202107021677M.tif', 'colorSeq': 1}, {'imgId': 'DP0406202107021664M.tif', 'colorSeq': 2}]}]",/p/sunnydaze-caroline-hanging-egg-chair-with-stand/ppr5008102458?pTmplType=regular&searchTerm=patio+and+outdoor+furniture&geoZip=55057,"[{'message': 'Online Only', 'icon': 'mouse'}, {'message': 'Available for Shipping', 'icon': 'check'}]",False,791,True,,,,False,False,2021-05-20T09:03:17,DP0406202107021572M.tif,DP0406202107021683M.tif,,,https://www.jcpenney.com/p/sunnydaze-caroline-hanging-egg-chair-with-stand/ppr5008102458?pTmplType=regular&searchTerm=patio+and+outdoor+furniture&geoZip=55057,20251225,patio and outdoor furniture
Safavieh Sonora Patio Collection Rocking Chair,ppr5008088363,,,930.0,930.0,930.0,930.0,ORIGINAL,False,False,available online only,False,False,original,False,True,"['Included: 1 Chair(s)', 'Features: Weather Resistant, Rocking, Quick Ship', 'Joinery: Glued, Screwed', 'Seating Capacity: 1', 'Tools Required: Screws (included), Allen Wrench (included)']",0.0,0.0,ORIGINAL,False,False,79101410026,USD,safavieh,"[{'colorName': 'Ash Grey', 'swatchImageId': 'DP0224202107044881S.tif', 'colorizedImageId': 'DP0224202107044873M.tif', 'colorSeqNum': 1, 'skuId': '79101410026', 'defaultSwatch': False, 'skuAltImages': [{'imgId': 'DP0224202107044940M.tif', 'colorSeq': 0}, {'imgId': 'DP0224202107044933M.tif', 'colorSeq': 1}, {'imgId': 'DP0224202107044925M.tif', 'colorSeq': 2}]}, {'colorName': 'Natural', 'swatchImageId': 'DP0224202107044885S.tif', 'colorizedImageId': 'DP0224202107044877M.tif', 'colorSeqNum': 2, 'skuId': '79101410034', 'defaultSwatch': False, 'skuAltImages': [{'imgId': 'DP0224202107044944M.tif', 'colorSeq': 0}, {'imgId': 'DP0224202107044937M.tif', 'colorSeq': 1}, {'imgId': 'DP0224202107044929M.tif', 'colorSeq': 2}]}, {'colorName': 'White', 'swatchImageId': 'DP0903202407123885S.tif', 'colorizedImageId': 'DP0903202407123071M.tif', 'colorSeqNum': 3, 'skuId': '79101410042', 'defaultSwatch': False, 'skuAltImages': [{'imgId': 'DP0903202407123274M.tif', 'colorSeq': 0}, {'imgId': 'DP0903202407123478M.tif', 'colorSeq': 1}, {'imgId': 'DP0903202407122663M.tif', 'colorSeq': 2}]}, {'colorName': 'Black', 'swatchImageId': 'DP0903202407123784S.tif', 'colorizedImageId': 'DP0903202407122969M.tif', 'colorSeqNum': 4, 'skuId': '79101410059', 'defaultSwatch': False, 'skuAltImages': [{'imgId': 'DP0903202407123172M.tif', 'colorSeq': 0}, {'imgId': 'DP0903202407123376M.tif', 'colorSeq': 1}, {'imgId': 'DP0903202407122561M.tif', 'colorSeq': 2}]}]",/p/safavieh-sonora-patio-collection-rocking-chair/ppr5008088363?pTmplType=regular&searchTerm=patio+and+outdoor+furniture&geoZip=55057,"[{'message': 'Online Only', 'icon': 'mouse'}, {'message': 'Available for Shipping', 'icon': 'check'}]",False,791,True,697.5,697.5,RECLINER,False,False,2021-02-24T22:04:49,DP0224202107044873M.tif,DP0224202107044940M.tif,,,https://www.jcpenney.com/p/safavieh-sonora-patio-collection-rocking-chair/ppr5008088363?pTmplType=regular&searchTerm=patio+and+outdoor+furniture&geoZip=55057,20251225,patio and outdoor furniture
Mozaic Company 60''X19''X3'' Bench Corded Patio Seat Cushion - Natural,ppr5008340888,,,99.99,99.99,167.0,167.0,SALE,False,False,available online only,False,False,original,False,True,"['Features: Water Resistant, Stain Resistant, Weather Resistant', 'Finishing Feature: Cording', 'Use: Outdoor', 'Seat Cushion Measurements: 19 Width/Inches, 60 Depth/Inches, 3 Height/Inches', 'Base Material: 100% Polyester']",0.0,0.0,SALE,False,False,62730610026,USD,more brands,"[{'colorName': 'Natural', 'swatchImageId': 'DP0110202307225105S.tif', 'colorizedImageId': 'DP0110202307225004M.tif', 'colorSeqNum': 1, 'skuId': '62730610026', 'defaultSwatch': False, 'skuAltImages': [{'imgId': 'DP0110202307224901M.tif', 'colorSeq': 0}, {'imgId': 'DP0110202307224799M.tif', 'colorSeq': 1}]}]",/p/mozaic-company-60x19x3-bench-corded-patio-seat-cushion-natural/ppr5008340888?pTmplType=regular&searchTerm=patio+and+outdoor+furniture&geoZip=55057,"[{'message': 'Online Only', 'icon': 'mouse'}, {'message': 'Available for Shipping', 'icon': 'check'}]",False,627,True,89.99,89.99,YULETIDE,False,False,2023-03-07T04:40:46,DP0110202307225004M.tif,DP0110202307224901M.tif,,,https://www.jcpenney.com/p/mozaic-company-60x19x3-bench-corded-patio-seat-cushion-natural/ppr5008340888?pTmplType=regular&searchTerm=patio+and+outdoor+furniture&geoZip=55057,20251225,patio and outdoor furniture
Safavieh Vernon Collection Rocking Chair,ppr5008088361,3.75,4.0,680.0,680.0,680.0,680.0,ORIGINAL,False,False,available online only,False,False,original,False,True,"['Included: 1 Chair(s), 1 Seat Back Cushion(s)', 'Features: Rocking, Reversible Cushions, Quick Ship, Weather Resistant', 'Joinery: Screwed, Glued', 'Seating Capacity: 1', 'Tools Required: Allen Wrench (included), Screws (included)']",0.0,0.0,ORIGINAL,False,False,79101400067,USD,safavieh,"[{'colorName': 'Black White', 'swatchImageId': 'DP0224202107044758S.tif', 'colorizedImageId': 'DP0224202107044736M.tif', 'colorSeqNum': 1, 'skuId': '79101400075', 'defaultSwatch': False, 'skuAltImages': [{'imgId': 'DP0224202107044850M.tif', 'colorSeq': 0}, {'imgId': 'DP0224202107044828M.tif', 'colorSeq': 1}, {'imgId': 'DP0224202107044805M.tif', 'colorSeq': 2}]}, {'colorName': 'Natural Beige', 'swatchImageId': 'DP0224202107044765S.tif', 'colorizedImageId': 'DP0224202107044744M.tif', 'colorSeqNum': 2, 'skuId': '79101400026', 'defaultSwatch': False, 'skuAltImages': [{'imgId': 'DP0224202107044858M.tif', 'colorSeq': 0}, {'imgId': 'DP0224202107044835M.tif', 'colorSeq': 1}, {'imgId': 'DP0224202107044812M.tif', 'colorSeq': 2}]}, {'colorName': 'Natural Yellow', 'swatchImageId': 'DP0224202107044776S.tif', 'colorizedImageId': 'DP0224202107044754M.tif', 'colorSeqNum': 3, 'skuId': '79101400034', 'defaultSwatch': False, 'skuAltImages': [{'imgId': 'DP0224202107044870M.tif', 'colorSeq': 0}, {'imgId': 'DP0224202107044846M.tif', 'colorSeq': 1}, {'imgId': 'DP0224202107044824M.tif', 'colorSeq': 2}]}, {'colorName': 'Natural Navy', 'swatchImageId': 'DP0224202107044773S.tif', 'colorizedImageId': 'DP0224202107044751M.tif', 'colorSeqNum': 4, 'skuId': '79101400042', 'defaultSwatch': False, 'skuAltImages': [{'imgId': 'DP0224202107044866M.tif', 'colorSeq': 0}, {'imgId': 'DP0224202107044843M.tif', 'colorSeq': 1}, {'imgId': 'DP0224202107044819M.tif', 'colorSeq': 2}]}, {'colorName': 'Natural Grey', 'swatchImageId': 'DP0224202107044769S.tif', 'colorizedImageId': 'DP0224202107044747M.tif', 'colorSeqNum': 5, 'skuId': '79101400059', 'defaultSwatch': False, 'skuAltImages': [{'imgId': 'DP0224202107044862M.tif', 'colorSeq': 0}, {'imgId': 'DP0224202107044839M.tif', 'colorSeq': 1}, {'imgId': 'DP0224202107044816M.tif', 'colorSeq': 2}]}, {'colorName': 'Grey Beige', 'swatchImageId': 'DP0224202107044761S.tif', 'colorizedImageId': 'DP0224202107044740M.tif', 'colorSeqNum': 6, 'skuId': '79101400067', 'defaultSwatch': False, 'skuAltImages': [{'imgId': 'DP0224202107044854M.tif', 'colorSeq': 0}, {'imgId': 'DP0224202107044831M.tif', 'colorSeq': 1}, {'imgId': 'DP0224202107044808M.tif', 'colorSeq': 2}]}, {'colorName': 'Natural Royal Blue', 'swatchImageId': 'DP0903202407121747S.tif', 'colorizedImageId': 'DP0903202407115712M.tif', 'colorSeqNum': 7, 'skuId': '79101400083', 'defaultSwatch': False, 'skuAltImages': [{'imgId': 'DP0903202407120222M.tif', 'colorSeq': 0}, {'imgId': 'DP0903202407120730M.tif', 'colorSeq': 1}, {'imgId': 'DP0903202407114694M.tif', 'colorSeq': 2}]}, {'colorName': 'Natural Green', 'swatchImageId': 'DP0903202407121544S.tif', 'colorizedImageId': 'DP0903202407115509M.tif', 'colorSeqNum': 8, 'skuId': '79101400091', 'defaultSwatch': False, 'skuAltImages': [{'imgId': 'DP0903202407120019M.tif', 'colorSeq': 0}, {'imgId': 'DP0903202407120527M.tif', 'colorSeq': 1}, {'imgId': 'DP0903202407114491M.tif', 'colorSeq': 2}]}, {'colorName': 'Natural Aqua', 'swatchImageId': 'DP0903202407121340S.tif', 'colorizedImageId': 'DP0903202407115305M.tif', 'colorSeqNum': 9, 'skuId': '79101400109', 'defaultSwatch': False, 'skuAltImages': [{'imgId': 'DP0903202407115814M.tif', 'colorSeq': 0}, {'imgId': 'DP0903202407120323M.tif', 'colorSeq': 1}, {'imgId': 'DP0903202407114287M.tif', 'colorSeq': 2}]}, {'colorName': 'Natural Red', 'swatchImageId': 'DP0903202407121645S.tif', 'colorizedImageId': 'DP0903202407115611M.tif', 'colorSeqNum': 10, 'skuId': '79101400117', 'defaultSwatch': False, 'skuAltImages': [{'imgId': 'DP0903202407120120M.tif', 'colorSeq': 0}, {'imgId': 'DP0903202407120628M.tif', 'colorSeq': 1}, {'imgId': 'DP0903202407114593M.tif', 'colorSeq': 2}]}, {'colorName': 'Natural Black', 'swatchImageId': 'DP0903202407121442S.tif', 'colorizedImageId': 'DP0903202407115407M.tif', 'colorSeqNum': 11, 'skuId': '79101400125', 'defaultSwatch': False, 'skuAltImages': [{'imgId': 'DP0903202407115917M.tif', 'colorSeq': 0}, {'imgId': 'DP0903202407120425M.tif', 'colorSeq': 1}, {'imgId': 'DP0903202407114389M.tif', 'colorSeq': 2}]}]",/p/safavieh-vernon-collection-rocking-chair/ppr5008088361?pTmplType=regular&searchTerm=patio+and+outdoor+furniture&geoZip=55057,"[{'message': 'Online Only', 'icon': 'mouse'}, {'message': 'Available for Shipping', 'icon': 'check'}]",False,791,True,612.0,612.0,GIFTWRAP,False,False,2021-02-24T22:04:48,DP0224202107044736M.tif,DP0224202107044850M.tif,,,https://www.jcpenney.com/p/safavieh-vernon-collection-rocking-chair/ppr5008088361?pTmplType=regular&searchTerm=patio+and+outdoor+furniture&geoZip=55057,20251225,patio and outdoor furniture
Safavieh Lara Collection Bench,ppr5008091377,,,840.0,840.0,840.0,840.0,ORIGINAL,False,False,available online only,False,False,original,False,True,"['Included: 1 Bench(es)', 'Features: Water Resistant, Quick Ship', 'Joinery: Screwed, Welded Joint', 'Seating Capacity: 2', 'Tools Required: Screws (included), Allen Wrench (included)']",0.0,0.0,ORIGINAL,False,False,79108750018,USD,safavieh,"[{'colorName': 'Antique White', 'swatchImageId': 'DP0302202115031783S.tif', 'colorizedImageId': 'DP0302202115031775M.tif', 'colorSeqNum': 1, 'skuId': '79108750018', 'defaultSwatch': False, 'skuAltImages': [{'imgId': 'DP0302202115031817M.tif', 'colorSeq': 0}, {'imgId': 'DP0302202115031808M.tif', 'colorSeq': 1}, {'imgId': 'DP0302202115031801M.tif', 'colorSeq': 2}]}, {'colorName': 'Rustic Brown', 'swatchImageId': 'DP0302202115031787S.tif', 'colorizedImageId': 'DP0302202115031779M.tif', 'colorSeqNum': 2, 'skuId': '79108750026', 'defaultSwatch': False, 'skuAltImages': [{'imgId': 'DP0302202115031821M.tif', 'colorSeq': 0}, {'imgId': 'DP0302202115031812M.tif', 'colorSeq': 1}, {'imgId': 'DP0302202115031805M.tif', 'colorSeq': 2}]}, {'colorName': 'Antique Green', 'swatchImageId': 'DP0903202407195333S.tif', 'colorizedImageId': 'DP0903202407195231M.tif', 'colorSeqNum': 3, 'skuId': '79108750034', 'defaultSwatch': False, 'skuAltImages': [{'imgId': 'DP0903202407195842M.tif', 'colorSeq': 0}, {'imgId': 'DP0903202407195027M.tif', 'colorSeq': 1}, {'imgId': 'DP0903202407195637M.tif', 'colorSeq': 2}]}]",/p/safavieh-lara-collection-bench/ppr5008091377?pTmplType=regular&searchTerm=patio+and+outdoor+furniture&geoZip=55057,"[{'message': 'Online Only', 'icon': 'mouse'}, {'message': 'Available for Shipping', 'icon': 'check'}]",False,791,True,630.0,630.0,RECLINER,False,False,2021-03-02T22:04:32,DP0302202115031775M.tif,DP0302202115031817M.tif,,,https://www.jcpenney.com/p/safavieh-lara-collection-bench/ppr5008091377?pTmplType=regular&searchTerm=patio+and+outdoor+furniture&geoZip=55057,20251225,patio and outdoor furniture
Illias 4 Pack,ppr5008255091,5.0,2.0,1150.0,1150.0,1150.0,1150.0,ORIGINAL,False,False,available online only,False,False,original,False,True,"['# Pieces In Set: 4-Pack', 'Features: Portable', 'Manufacturer Warranty: 1 Year', 'Seating Capacity: 4', 'Measurements: 21.5 Depth/Inches, 33.25 Height/Inches, 22.75 Width/Inches']",0.0,0.0,ORIGINAL,False,False,79119650026,USD,more brands,"[{'colorName': 'Gray', 'swatchImageId': 'DP1023202515113627S.tif', 'colorizedImageId': 'DP1023202515113523M.tif', 'colorSeqNum': 1, 'skuId': '79119650026', 'defaultSwatch': False, 'skuAltImages': [{'imgId': 'DP0609202215103526M.tif', 'colorSeq': 0}, {'imgId': 'DP1023202515113316M.tif', 'colorSeq': 1}, {'imgId': 'DP1023202515113940M.tif', 'colorSeq': 2}]}]",/p/illias-4-pack/ppr5008255091?pTmplType=regular&searchTerm=patio+and+outdoor+furniture&geoZip=55057,"[{'message': 'Online Only', 'icon': 'mouse'}, {'message': 'Available for Shipping', 'icon': 'check'}]",False,791,True,862.5,862.5,RECLINER,False,False,2022-06-09T22:06:54,DP1023202515113523M.tif,DP0609202215103526M.tif,,,https://www.jcpenney.com/p/illias-4-pack/ppr5008255091?pTmplType=regular&searchTerm=patio+and+outdoor+furniture&geoZip=55057,20251225,patio and outdoor furniture
Safavieh Barrow Indoor Outdoor  Armchair 2-pc. Lounge Chair,ppr5008081519,,,770.0,770.0,770.0,770.0,ORIGINAL,False,False,available online only,False,False,original,False,True,"['# Pieces In Set: 2', 'Included: 2 Chair(s)', 'Features: Quick Ship', 'Joinery: Screwed', 'Seating Capacity: 1']",0.0,0.0,ORIGINAL,False,False,79108000042,USD,safavieh,"[{'colorName': 'Brown', 'swatchImageId': 'DP0209202115031122S.tif', 'colorizedImageId': 'DP0209202113021125M.tif', 'colorSeqNum': 1, 'skuId': '79108000018', 'defaultSwatch': False, 'skuAltImages': [{'imgId': 'DP0209202113021140M.tif', 'colorSeq': 0}, {'imgId': 'DP0209202113021136M.tif', 'colorSeq': 1}, {'imgId': 'DP0209202113021133M.tif', 'colorSeq': 2}]}, {'colorName': 'Grey Light Brown', 'swatchImageId': 'DP0903202411023142S.tif', 'colorizedImageId': 'DP0903202411022327M.tif', 'colorSeqNum': 2, 'skuId': '79108000026', 'defaultSwatch': False, 'skuAltImages': [{'imgId': 'DP0903202411022632M.tif', 'colorSeq': 0}, {'imgId': 'DP0903202411023548M.tif', 'colorSeq': 1}, {'imgId': 'DP0903202411023854M.tif', 'colorSeq': 2}]}, {'colorName': 'White Light Brown', 'swatchImageId': 'DP0903202411023345S.tif', 'colorizedImageId': 'DP0903202411022530M.tif', 'colorSeqNum': 3, 'skuId': '79108000034', 'defaultSwatch': False, 'skuAltImages': [{'imgId': 'DP0903202411022835M.tif', 'colorSeq': 0}, {'imgId': 'DP0903202411023650M.tif', 'colorSeq': 1}, {'imgId': 'DP0903202411023956M.tif', 'colorSeq': 2}]}, {'colorName': 'Navy', 'swatchImageId': 'DP0903202411023244S.tif', 'colorizedImageId': 'DP0903202411022428M.tif', 'colorSeqNum': 4, 'skuId': '79108000042', 'defaultSwatch': False, 'skuAltImages': [{'imgId': 'DP0903202411022733M.tif', 'colorSeq': 0}, {'imgId': 'DP0903202411022937M.tif', 'colorSeq': 1}, {'imgId': 'DP0903202411022021M.tif', 'colorSeq': 2}]}]",/p/safavieh-barrow-indoor-outdoor-armchair-2-pc-lounge-chair/ppr5008081519?pTmplType=regular&searchTerm=patio+and+outdoor+furniture&geoZip=55057,"[{'message': 'Online Only', 'icon': 'mouse'}, {'message': 'Available for Shipping', 'icon': 'check'}]",False,791,True,577.5,577.5,RECLINER,False,False,2021-02-09T22:06:27,DP0209202113021125M.tif,DP0209202113021140M.tif,,,https://www.jcpenney.com/p/safavieh-barrow-indoor-outdoor-armchair-2-pc-lounge-chair/ppr5008081519?pTmplType=regular&searchTerm=patio+and+outdoor+furniture&geoZip=55057,20251225,patio and outdoor furniture
Safavieh Daire Rocking Chair,ppr5008236707,,,580.0,580.0,580.0,580.0,ORIGINAL,False,False,available online only,False,False,original,False,True,"['Included: 1 Seat Cushion(s), 1 Seat Back Cushion(s), 1 Chair(s)', 'Features: Rocking, Water Resistant, Quick Ship', 'Joinery: Screwed, Welded Joint', 'Seating Capacity: 1', 'Tools Required: Allen Wrench (included), Screws (included)']",0.0,0.0,ORIGINAL,False,False,79116240018,USD,safavieh,"[{'colorName': 'Natural White', 'swatchImageId': 'DP0413202209024441S.tif', 'colorizedImageId': 'DP0413202209024433M.tif', 'colorSeqNum': 1, 'skuId': '79116240034', 'defaultSwatch': False, 'skuAltImages': [{'imgId': 'DP0413202209024489M.tif', 'colorSeq': 0}, {'imgId': 'DP0413202209024455M.tif', 'colorSeq': 1}, {'imgId': 'DP0413202209024469M.tif', 'colorSeq': 2}]}, {'colorName': 'Beige White', 'swatchImageId': 'DP0413202209024435S.tif', 'colorizedImageId': 'DP0413202209024428M.tif', 'colorSeqNum': 2, 'skuId': '79116240018', 'defaultSwatch': False, 'skuAltImages': [{'imgId': 'DP0413202209024483M.tif', 'colorSeq': 0}, {'imgId': 'DP0413202209024456M.tif', 'colorSeq': 1}, {'imgId': 'DP0413202209024467M.tif', 'colorSeq': 2}]}, {'colorName': 'Grey Brown White', 'swatchImageId': 'DP0413202209024438S.tif', 'colorizedImageId': 'DP0413202209024430M.tif', 'colorSeqNum': 3, 'skuId': '79116240026', 'defaultSwatch': False, 'skuAltImages': [{'imgId': 'DP0413202209024486M.tif', 'colorSeq': 0}, {'imgId': 'DP0413202209024458M.tif', 'colorSeq': 1}, {'imgId': 'DP0413202209024463M.tif', 'colorSeq': 2}]}]",/p/safavieh-daire-rocking-chair/ppr5008236707?pTmplType=regular&searchTerm=patio+and+outdoor+furniture&geoZip=55057,"[{'message': 'Online Only', 'icon': 'mouse'}, {'message': 'Available for Shipping', 'icon': 'check'}]",False,791,True,522.0,522.0,GIFTWRAP,False,False,2022-04-13T22:03:27,DP0413202209024433M.tif,DP0413202209024489M.tif,,,https://www.jcpenney.com/p/safavieh-daire-rocking-chair/ppr5008236707?pTmplType=regular&searchTerm=patio+and+outdoor+furniture&geoZip=55057,20251225,patio and outdoor furniture
Santino Egg Chair,ppr5008367149,,,1170.0,1170.0,1170.0,1170.0,ORIGINAL,False,False,available online only,False,False,original,False,True,"['Included: 1 Chair(s)', 'Features: Removable Cushions, Weather Resistant, Water Resistant, Quick Ship', 'Manufacturer Warranty: 90 Days Limited', 'Seating Capacity: 1', 'Tools Required: Allen Wrench (included), Screws (included)']",0.0,0.0,ORIGINAL,False,False,79125840018,USD,more brands,"[{'colorName': 'Bronze Brown', 'swatchImageId': 'DP1023202515145446S.tif', 'colorizedImageId': 'DP1023202515145342M.tif', 'colorSeqNum': 1, 'skuId': '79125840018', 'defaultSwatch': False, 'skuAltImages': [{'imgId': 'DP1023202515145865M.tif', 'colorSeq': 0}, {'imgId': 'DP1023202515145760M.tif', 'colorSeq': 1}, {'imgId': 'DP1023202515145551M.tif', 'colorSeq': 2}]}]",/p/santino-egg-chair/ppr5008367149?pTmplType=regular&searchTerm=patio+and+outdoor+furniture&geoZip=55057,"[{'message': 'Online Only', 'icon': 'mouse'}, {'message': 'Available for Shipping', 'icon': 'check'}]",False,791,True,877.5,877.5,RECLINER,False,False,2025-10-23T22:05:44,DP1023202515145342M.tif,DP1023202515145865M.tif,"[{'name': 'NEW', 'priority': 1, 'urlParam': 'new'}]",,https://www.jcpenney.com/p/santino-egg-chair/ppr5008367149?pTmplType=regular&searchTerm=patio+and+outdoor+furniture&geoZip=55057,20251225,patio and outdoor furniture
Signature Design by Ashley® Visola Patio Lounge Chair,ppr5008361552,4.0,1.0,820.0,820.0,820.0,820.0,ORIGINAL,False,False,available online only,False,False,original,False,True,"['Included: 1 Chair(s)', 'Features: Fade Resistant, Non-Toxic, Outdoor, Quick Ship, Stain Resistant, Removable Cushions, Rust Resistant, Uv Protection, Adjustable, Weather Resistant, Cushioned', 'Seating Capacity: 1', 'Tools Required: Allen Wrench (included), Screws (included)', 'Measurements: 32.75 Width/Inches, 24.38 Height/Inches, 78 Depth/Inches']",0.0,0.0,ORIGINAL,False,False,79124290018,USD,signature design by ashley,"[{'colorName': 'Light Gray', 'swatchImageId': 'DP0518202313024950S.tif', 'colorizedImageId': 'DP0518202313024742M.tif', 'colorSeqNum': 1, 'skuId': '79124290018', 'defaultSwatch': False, 'skuAltImages': [{'imgId': 'DP0518202313024846M.tif', 'colorSeq': 0}, {'imgId': 'DP0518202313025053M.tif', 'colorSeq': 1}, {'imgId': 'DP0518202313024639M.tif', 'colorSeq': 2}]}]",/p/signature-design-by-ashley-visola-patio-lounge-chair/ppr5008361552?pTmplType=regular&searchTerm=patio+and+outdoor+furniture&geoZip=55057,"[{'message': 'Online Only', 'icon': 'mouse'}, {'message': 'Available for Shipping', 'icon': 'check'}]",False,791,True,615.0,615.0,RECLINER,False,False,2023-05-22T09:03:49,DP0518202313024742M.tif,DP0518202313024846M.tif,,,https://www.jcpenney.com/p/signature-design-by-ashley-visola-patio-lounge-chair/ppr5008361552?pTmplType=regular&searchTerm=patio+and+outdoor+furniture&geoZip=55057,20251225,patio and outdoor furniture
Giovanna Loveseat,ppr5008367198,,,1690.0,1690.0,1690.0,1690.0,ORIGINAL,False,False,available online only,False,False,original,False,True,"['Included: 2 Seat Cushion(s), 1 Loveseat(s), 2 Seat Back Cushion(s)', 'Features: Easy Clean, Easy To Use, 4 Legs, Quick Ship, Cushioned', 'Manufacturer Warranty: 90 Days Limited', 'Seating Capacity: 2', 'Tools Required: Screws (included), Allen Wrench (included)']",0.0,0.0,ORIGINAL,False,False,79126330018,USD,more brands,"[{'colorName': 'Black Natural', 'swatchImageId': 'DP1023202517023733S.tif', 'colorizedImageId': 'DP1023202517023629M.tif', 'colorSeqNum': 1, 'skuId': '79126330018', 'defaultSwatch': False, 'skuAltImages': [{'imgId': 'DP1023202517024148M.tif', 'colorSeq': 0}, {'imgId': 'DP1023202517024045M.tif', 'colorSeq': 1}, {'imgId': 'DP1023202517023838M.tif', 'colorSeq': 2}]}]",/p/giovanna-loveseat/ppr5008367198?pTmplType=regular&searchTerm=patio+and+outdoor+furniture&geoZip=55057,"[{'message': 'Online Only', 'icon': 'mouse'}, {'message': 'Available for Shipping', 'icon': 'check'}]",False,791,True,1267.5,1267.5,RECLINER,False,False,2025-10-23T22:05:51,DP1023202517023629M.tif,DP1023202517024148M.tif,"[{'name': 'NEW', 'priority': 1, 'urlParam': 'new'}]",,https://www.jcpenney.com/p/giovanna-loveseat/ppr5008367198?pTmplType=regular&searchTerm=patio+and+outdoor+furniture&geoZip=55057,20251225,patio and outdoor furniture
Safavieh Montez 4-pc. Conversation Set Cushioned,ppr5008448176,,,1700.0,1700.0,1700.0,1700.0,ORIGINAL,False,False,available online only,False,False,original,False,True,"['# Pieces In Set: 4', 'Included: 3 Seat Cushion(s), 1 Table(s), 2 Chair(s), 1 Bench(es), 4 Seat Back Cushion(s), 4 Throw Pillow(s)', 'Features: Quick Ship, Cushioned', 'Joinery: Screwed', 'Seating Capacity: 4']",0.0,0.0,ORIGINAL,False,False,79131290018,USD,safavieh,"[{'colorName': 'White Navy', 'swatchImageId': 'DP0428202407043758S.tif', 'colorizedImageId': 'DP0428202407043451M.tif', 'colorSeqNum': 1, 'skuId': '79131290018', 'defaultSwatch': False, 'skuAltImages': [{'imgId': 'DP0428202407043553M.tif', 'colorSeq': 0}, {'imgId': 'DP0428202407044062M.tif', 'colorSeq': 1}, {'imgId': 'DP0428202407043961M.tif', 'colorSeq': 2}]}]",/p/safavieh-montez-4-pc-conversation-set-cushioned/ppr5008448176?pTmplType=regular&searchTerm=patio+and+outdoor+furniture&geoZip=55057,"[{'message': 'Online Only', 'icon': 'mouse'}, {'message': 'Available for Shipping', 'icon': 'check'}]",False,791,True,1275.0,1275.0,RECLINER,False,False,2024-04-25T22:03:01,DP0428202407043451M.tif,DP0428202407043553M.tif,,,https://www.jcpenney.com/p/safavieh-montez-4-pc-conversation-set-cushioned/ppr5008448176?pTmplType=regular&searchTerm=patio+and+outdoor+furniture&geoZip=55057,20251225,patio and outdoor furniture
Safavieh Montez 4-pc. Conversation Set Cushioned,ppr5008448175,,,1700.0,1700.0,1700.0,1700.0,ORIGINAL,False,False,available online only,False,False,original,False,True,"['# Pieces In Set: 4', 'Included: 1 Bench(es)', 'Features: Quick Ship, Cushioned', 'Joinery: Screwed', 'Seating Capacity: 4']",0.0,0.0,ORIGINAL,False,False,79131280018,USD,safavieh,"[{'colorName': 'Gray Navy White', 'swatchImageId': 'DP0428202407042942S.tif', 'colorizedImageId': 'DP0428202407042635M.tif', 'colorSeqNum': 1, 'skuId': '79131280018', 'defaultSwatch': False, 'skuAltImages': [{'imgId': 'DP0428202407042737M.tif', 'colorSeq': 0}, {'imgId': 'DP0428202407043146M.tif', 'colorSeq': 1}, {'imgId': 'DP0428202407043044M.tif', 'colorSeq': 2}]}]",/p/safavieh-montez-4-pc-conversation-set-cushioned/ppr5008448175?pTmplType=regular&searchTerm=patio+and+outdoor+furniture&geoZip=55057,"[{'message': 'Online Only', 'icon': 'mouse'}, {'message': 'Available for Shipping', 'icon': 'check'}]",False,791,True,1275.0,1275.0,RECLINER,False,False,2024-04-25T22:03:01,DP0428202407042635M.tif,DP0428202407042737M.tif,,,https://www.jcpenney.com/p/safavieh-montez-4-pc-conversation-set-cushioned/ppr5008448175?pTmplType=regular&searchTerm=patio+and+outdoor+furniture&geoZip=55057,20251225,patio and outdoor furniture
Safavieh Montez 4-pc. Conversation Set Cushioned,ppr5008448171,,,1700.0,1700.0,1700.0,1700.0,ORIGINAL,False,False,available online only,False,False,original,False,True,"['# Pieces In Set: 4', 'Included: 1 Bench(es)', 'Features: Cushioned', 'Joinery: Screwed', 'Seating Capacity: 4']",0.0,0.0,ORIGINAL,False,False,79131220018,USD,safavieh,"[{'colorName': 'White Navy', 'swatchImageId': 'DP0428202407035375S.tif', 'colorizedImageId': 'DP0428202407034967M.tif', 'colorSeqNum': 1, 'skuId': '79131220018', 'defaultSwatch': False, 'skuAltImages': [{'imgId': 'DP0428202407035579M.tif', 'colorSeq': 0}, {'imgId': 'DP0428202407035069M.tif', 'colorSeq': 1}, {'imgId': 'DP0428202407035172M.tif', 'colorSeq': 2}]}]",/p/safavieh-montez-4-pc-conversation-set-cushioned/ppr5008448171?pTmplType=regular&searchTerm=patio+and+outdoor+furniture&geoZip=55057,"[{'message': 'Online Only', 'icon': 'mouse'}, {'message': 'Available for Shipping', 'icon': 'check'}]",False,791,True,1275.0,1275.0,RECLINER,False,False,2024-04-25T22:03:00,DP0428202407034967M.tif,DP0428202407035579M.tif,,,https://www.jcpenney.com/p/safavieh-montez-4-pc-conversation-set-cushioned/ppr5008448171?pTmplType=regular&searchTerm=patio+and+outdoor+furniture&geoZip=55057,20251225,patio and outdoor furniture
Safavieh Montez 4-pc. Conversation Set Cushioned,ppr5008448168,,,1700.0,1700.0,1700.0,1700.0,ORIGINAL,False,False,available online only,False,False,original,False,True,"['# Pieces In Set: 4', 'Included: 3 Seat Cushion(s), 1 Bench(es), 4 Seat Back Cushion(s), 4 Throw Pillow(s), 1 Table(s)', 'Features: Cushioned, Quick Ship', 'Joinery: Screwed', 'Seating Capacity: 4']",0.0,0.0,ORIGINAL,False,False,79131190018,USD,safavieh,"[{'colorName': 'Natural Beige Navy', 'swatchImageId': 'DP0428202407032627S.tif', 'colorizedImageId': 'DP0428202407032525M.tif', 'colorSeqNum': 1, 'skuId': '79131190018', 'defaultSwatch': False, 'skuAltImages': [{'imgId': 'DP0428202407033034M.tif', 'colorSeq': 0}, {'imgId': 'DP0428202407032932M.tif', 'colorSeq': 1}, {'imgId': 'DP0428202407032830M.tif', 'colorSeq': 2}]}]",/p/safavieh-montez-4-pc-conversation-set-cushioned/ppr5008448168?pTmplType=regular&searchTerm=patio+and+outdoor+furniture&geoZip=55057,"[{'message': 'Online Only', 'icon': 'mouse'}, {'message': 'Available for Shipping', 'icon': 'check'}]",False,791,True,1275.0,1275.0,RECLINER,False,False,2024-04-25T22:02:58,DP0428202407032525M.tif,DP0428202407033034M.tif,,,https://www.jcpenney.com/p/safavieh-montez-4-pc-conversation-set-cushioned/ppr5008448168?pTmplType=regular&searchTerm=patio+and+outdoor+furniture&geoZip=55057,20251225,patio and outdoor furniture
Aston 11-pc. Conversation Set,ppr5008431277,,,2300.0,2300.0,2300.0,2300.0,ORIGINAL,False,False,available online only,False,False,original,False,True,"['# Pieces In Set: 11', 'Included: 4 Seat Back Cushion(s), 3 Seat Cushion(s), 2 Chair(s), 1 Coffee Table, 1 Loveseat(s)', 'Features: Removable Cushions, Quick Ship, Water Resistant', 'Manufacturer Warranty: 90 Days Limited', 'Seating Capacity: 4']",0.0,0.0,ORIGINAL,False,False,79129570018,USD,more brands,"[{'colorName': 'Gray', 'swatchImageId': 'DP0209202413054221S.tif', 'colorizedImageId': 'DP0220202407102354M.tif', 'colorSeqNum': 1, 'skuId': '79129570018', 'defaultSwatch': False, 'skuAltImages': [{'imgId': 'DP0220202407102149M.tif', 'colorSeq': 0}, {'imgId': 'DP0220202407102560M.tif', 'colorSeq': 2}, {'imgId': 'DP0220202407102457M.tif', 'colorSeq': 3}]}]",/p/aston-11-pc-conversation-set/ppr5008431277?pTmplType=regular&searchTerm=patio+and+outdoor+furniture&geoZip=55057,"[{'message': 'Online Only', 'icon': 'mouse'}, {'message': 'Available for Shipping', 'icon': 'check'}]",False,791,True,1725.0,1725.0,RECLINER,False,False,2024-02-09T22:03:26,DP0220202407102354M.tif,DP0220202407102149M.tif,,,https://www.jcpenney.com/p/aston-11-pc-conversation-set/ppr5008431277?pTmplType=regular&searchTerm=patio+and+outdoor+furniture&geoZip=55057,20251225,patio and outdoor furniture
Aston 4-pc. Conversation Set,ppr5008431276,,,2260.0,2260.0,2260.0,2260.0,ORIGINAL,False,False,available online only,False,False,original,False,True,"['# Pieces In Set: 4', 'Included: 1 Loveseat(s), 1 Coffee Table, 2 Chair(s), 3 Seat Cushion(s), 4 Seat Back Cushion(s)', 'Features: Water Resistant, Quick Ship, Removable Cushions', 'Manufacturer Warranty: 90 Days Limited', 'Seating Capacity: 4']",0.0,0.0,ORIGINAL,False,False,79129560018,USD,more brands,"[{'colorName': 'Cream', 'swatchImageId': 'DP0209202413053297S.tif', 'colorizedImageId': 'DP0313202407235889M.tif', 'colorSeqNum': 1, 'skuId': '79129560018', 'defaultSwatch': False, 'skuAltImages': [{'imgId': 'DP0313202407235683M.tif', 'colorSeq': 0}, {'imgId': 'DP0313202407240095M.tif', 'colorSeq': 2}, {'imgId': 'DP0313202407235992M.tif', 'colorSeq': 3}]}]",/p/aston-4-pc-conversation-set/ppr5008431276?pTmplType=regular&searchTerm=patio+and+outdoor+furniture&geoZip=55057,"[{'message': 'Online Only', 'icon': 'mouse'}, {'message': 'Available for Shipping', 'icon': 'check'}]",False,791,True,1695.0,1695.0,RECLINER,False,False,2024-02-09T22:03:26,DP0313202407235889M.tif,DP0313202407235683M.tif,,,https://www.jcpenney.com/p/aston-4-pc-conversation-set/ppr5008431276?pTmplType=regular&searchTerm=patio+and+outdoor+furniture&geoZip=55057,20251225,patio and outdoor furniture
Perla 5-pc. Conversation Set,ppr5008431269,,,5070.0,5070.0,5070.0,5070.0,ORIGINAL,False,False,available online only,False,False,original,False,True,"['# Pieces In Set: 5', 'Included: 8 Seat Cushion(s), 8 Seat Back Cushion(s), 1 Table(s), 2 Chair(s), 2 Sofa(s)', 'Features: Water Resistant, Removable Cushions, Quick Ship', 'Manufacturer Warranty: 90 Days Limited', 'Seating Capacity: 8']",0.0,0.0,ORIGINAL,False,False,79129490018,USD,more brands,"[{'colorName': 'Cream', 'swatchImageId': 'DP0209202413042916S.tif', 'colorizedImageId': 'DP0221202407144885M.tif', 'colorSeqNum': 1, 'skuId': '79129490018', 'defaultSwatch': False, 'skuAltImages': [{'imgId': 'DP0221202407144782M.tif', 'colorSeq': 0}, {'imgId': 'DP0221202407145091M.tif', 'colorSeq': 2}, {'imgId': 'DP0221202407144988M.tif', 'colorSeq': 3}]}]",/p/perla-5-pc-conversation-set/ppr5008431269?pTmplType=regular&searchTerm=patio+and+outdoor+furniture&geoZip=55057,"[{'message': 'Online Only', 'icon': 'mouse'}, {'message': 'Available for Shipping', 'icon': 'check'}]",False,791,True,3802.5,3802.5,RECLINER,False,False,2024-02-09T22:03:24,DP0221202407144885M.tif,DP0221202407144782M.tif,,,https://www.jcpenney.com/p/perla-5-pc-conversation-set/ppr5008431269?pTmplType=regular&searchTerm=patio+and+outdoor+furniture&geoZip=55057,20251225,patio and outdoor furniture
Safavieh Wilton Patio Collection 2-pc. Lounge Set,ppr5008099359,,,1270.0,1270.0,1270.0,1270.0,ORIGINAL,False,False,available online only,False,False,original,False,True,"['# Pieces In Set: 2', 'Included: 1 Table(s), 1 Sectional(s), 2 Seat Cushion(s)', 'Features: Removable Cushions, Quick Ship, Folding, Weather Resistant', 'Joinery: Screwed, Nailed, Glued', 'Seating Capacity: 4']",0.0,0.0,ORIGINAL,False,False,79111810018,USD,safavieh,"[{'colorName': 'Natural Navy', 'swatchImageId': 'DP0324202115021418S.tif', 'colorizedImageId': 'DP0324202115021407M.tif', 'colorSeqNum': 1, 'skuId': '79111810018', 'defaultSwatch': False, 'skuAltImages': [{'imgId': 'DP0324202115021438M.tif', 'colorSeq': 0}, {'imgId': 'DP0324202115021457M.tif', 'colorSeq': 1}, {'imgId': 'DP0324202115021442M.tif', 'colorSeq': 2}]}, {'colorName': 'Natural Beige', 'swatchImageId': 'DP0324202115021412S.tif', 'colorizedImageId': 'DP0324202115021402M.tif', 'colorSeqNum': 2, 'skuId': '79111810026', 'defaultSwatch': False, 'skuAltImages': [{'imgId': 'DP0324202115021447M.tif', 'colorSeq': 0}, {'imgId': 'DP0324202115021452M.tif', 'colorSeq': 1}, {'imgId': 'DP0324202115021433M.tif', 'colorSeq': 2}]}, {'colorName': 'Ash Grey White', 'swatchImageId': 'DP0902202415063498S.tif', 'colorizedImageId': 'DP0902202415063193M.tif', 'colorSeqNum': 3, 'skuId': '79111810034', 'defaultSwatch': False, 'skuAltImages': [{'imgId': 'DP0902202415063295M.tif', 'colorSeq': 0}, {'imgId': 'DP0902202415063397M.tif', 'colorSeq': 1}, {'imgId': 'DP0902202415063701M.tif', 'colorSeq': 2}]}]",/p/safavieh-wilton-patio-collection-2-pc-lounge-set/ppr5008099359?pTmplType=regular&searchTerm=patio+and+outdoor+furniture&geoZip=55057,"[{'message': 'Online Only', 'icon': 'mouse'}, {'message': 'Available for Shipping', 'icon': 'check'}]",False,791,True,952.5,952.5,RECLINER,False,False,2021-03-26T15:04:17,DP0324202115021407M.tif,DP0324202115021438M.tif,,,https://www.jcpenney.com/p/safavieh-wilton-patio-collection-2-pc-lounge-set/ppr5008099359?pTmplType=regular&searchTerm=patio+and+outdoor+furniture&geoZip=55057,20251225,patio and outdoor furniture
Kyomi Lounge Set,ppr5008342560,,,1230.0,1230.0,1230.0,1230.0,ORIGINAL,False,False,available online only,False,False,original,False,True,"['# Pieces In Set: 5', 'Included: 2 Seat Cushion(s), 1 Table(s), 2 Chair(s)', 'Features: Cushioned', 'Joinery: Screwed', 'Seating Capacity: 2']",0.0,0.0,ORIGINAL,True,False,79122930018,USD,safavieh,"[{'colorName': 'Grey', 'swatchImageId': 'DP0322202307235078S.tif', 'colorizedImageId': 'DP0322202307234663M.tif', 'colorSeqNum': 1, 'skuId': '79122930026', 'defaultSwatch': False, 'skuAltImages': [{'imgId': 'DP0322202307235906M.tif', 'colorSeq': 0}, {'imgId': 'DP0322202307234871M.tif', 'colorSeq': 1}, {'imgId': 'DP0322202307235698M.tif', 'colorSeq': 2}]}, {'colorName': 'Black Rope', 'swatchImageId': 'DP0322202307234974S.tif', 'colorizedImageId': 'DP0322202307234560M.tif', 'colorSeqNum': 2, 'skuId': '79122930018', 'defaultSwatch': False, 'skuAltImages': [{'imgId': 'DP0322202307240009M.tif', 'colorSeq': 0}, {'imgId': 'DP0322202307235802M.tif', 'colorSeq': 1}, {'imgId': 'DP0322202307234767M.tif', 'colorSeq': 2}]}]",/p/kyomi-lounge-set/ppr5008342560?pTmplType=regular&searchTerm=patio+and+outdoor+furniture&geoZip=55057,"[{'message': 'Online Only', 'icon': 'mouse'}, {'message': 'Available for Shipping', 'icon': 'check'}]",False,791,True,922.5,922.5,RECLINER,False,False,2023-04-27T04:52:28,DP0322202307234663M.tif,DP0322202307235906M.tif,,,https://www.jcpenney.com/p/kyomi-lounge-set/ppr5008342560?pTmplType=regular&searchTerm=patio+and+outdoor+furniture&geoZip=55057,20251225,patio and outdoor furniture
Carribean 3-pc. Bar Set,ppr5008305702,,,730.0,730.0,730.0,730.0,ORIGINAL,False,False,available online only,False,False,original,False,True,"['# Pieces In Set: 3', 'Included: 2 Stool(s), 1 Table(s)', 'Features: Backless', 'Manufacturer Warranty: 90 Days Limited', 'Seating Capacity: 2']",0.0,0.0,ORIGINAL,False,False,79121010018,USD,more brands,"[{'colorName': 'Natural', 'swatchImageId': 'DP1107202211424978S.tif', 'colorizedImageId': 'DP1107202211424647M.tif', 'colorSeqNum': 1, 'skuId': '79121010018', 'defaultSwatch': False, 'skuAltImages': [{'imgId': 'DP1107202211424762M.tif', 'colorSeq': 0}, {'imgId': 'DP1107202211424428M.tif', 'colorSeq': 1}, {'imgId': 'DP1107202211424875M.tif', 'colorSeq': 2}]}]",/p/carribean-3-pc-bar-set/ppr5008305702?pTmplType=regular&searchTerm=patio+and+outdoor+furniture&geoZip=55057,"[{'message': 'Online Only', 'icon': 'mouse'}, {'message': 'Available for Shipping', 'icon': 'check'}]",False,791,True,657.0,657.0,GIFTWRAP,False,False,2022-11-08T07:10:45,DP1107202211424647M.tif,DP1107202211424762M.tif,,,https://www.jcpenney.com/p/carribean-3-pc-bar-set/ppr5008305702?pTmplType=regular&searchTerm=patio+and+outdoor+furniture&geoZip=55057,20251225,patio and outdoor furniture
Safavieh Warlen Patio Collection 3-pc. Bistro Set,ppr5008095972,,,1790.0,1790.0,1790.0,1790.0,ORIGINAL,False,False,available online only,False,False,original,False,True,"['# Pieces In Set: 3', 'Included: 1 Table(s), 2 Throw Pillow(s), 2 Seat Cushion(s), 2 Chair(s)', 'Features: Quick Ship, Weather Resistant, Removable Cushions', 'Joinery: Nailed, Screwed, Welded Joint', 'Seating Capacity: 2']",0.0,0.0,ORIGINAL,False,False,79111010018,USD,safavieh,"[{'colorName': 'Natural Beige', 'swatchImageId': 'DP0312202115005932S.tif', 'colorizedImageId': 'DP0312202115005928M.tif', 'colorSeqNum': 1, 'skuId': '79111010018', 'defaultSwatch': False, 'skuAltImages': [{'imgId': 'DP0518202117011769M.tif', 'colorSeq': 0}, {'imgId': 'DP0312202115005936M.tif', 'colorSeq': 1}]}]",/p/safavieh-warlen-patio-collection-3-pc-bistro-set/ppr5008095972?pTmplType=regular&searchTerm=patio+and+outdoor+furniture&geoZip=55057,"[{'message': 'Online Only', 'icon': 'mouse'}, {'message': 'Available for Shipping', 'icon': 'check'}]",False,791,True,1342.5,1342.5,RECLINER,False,False,2021-05-11T11:03:17,DP0312202115005928M.tif,DP0518202117011769M.tif,,,https://www.jcpenney.com/p/safavieh-warlen-patio-collection-3-pc-bistro-set/ppr5008095972?pTmplType=regular&searchTerm=patio+and+outdoor+furniture&geoZip=55057,20251225,patio and outdoor furniture
Newport Patio Lounge Chair with Stripe Cushion and Pull Out Side Table,ppr5008099362,5.0,1.0,1010.0,1010.0,1010.0,1010.0,ORIGINAL,False,False,available online only,False,False,original,False,True,"['Included: 1 Seat Cushion(s), 1 Chair(s)', 'Features: Folding, Removable Cushions, Weather Resistant, Quick Ship', 'Joinery: Glued, Screwed, Nailed', 'Seating Capacity: 1', 'Tools Required: Screws (included), Allen Wrench (included)']",0.0,0.0,ORIGINAL,False,False,79111840059,USD,safavieh,"[{'colorName': 'Natural Royal Blue', 'swatchImageId': 'DP0902202415070246S.tif', 'colorizedImageId': 'DP0902202415065941M.tif', 'colorSeqNum': 1, 'skuId': '79111840059', 'defaultSwatch': False, 'skuAltImages': [{'imgId': 'DP0902202415070042M.tif', 'colorSeq': 0}, {'imgId': 'DP0902202415065737M.tif', 'colorSeq': 1}, {'imgId': 'DP0902202415070144M.tif', 'colorSeq': 2}]}, {'colorName': 'Natural Blue White', 'swatchImageId': 'DP0324202115021506S.tif', 'colorizedImageId': 'DP0324202115021501M.tif', 'colorSeqNum': 2, 'skuId': '79111840018', 'defaultSwatch': False, 'skuAltImages': [{'imgId': 'DP0324202115021520M.tif', 'colorSeq': 1}, {'imgId': 'DP0324202115021516M.tif', 'colorSeq': 2}, {'imgId': 'DP0324202115021511M.tif', 'colorSeq': 3}]}]",/p/newport-patio-lounge-chair-with-stripe-cushion-and-pull-out-side-table/ppr5008099362?pTmplType=regular&searchTerm=patio+and+outdoor+furniture&geoZip=55057,"[{'message': 'Online Only', 'icon': 'mouse'}, {'message': 'Available for Shipping', 'icon': 'check'}]",False,791,True,757.5,757.5,RECLINER,False,False,2021-03-26T15:04:17,DP0902202415065941M.tif,DP0902202415070042M.tif,,,https://www.jcpenney.com/p/newport-patio-lounge-chair-with-stripe-cushion-and-pull-out-side-table/ppr5008099362?pTmplType=regular&searchTerm=patio+and+outdoor+furniture&geoZip=55057,20251225,patio and outdoor furniture
Arcadia Rocking Chair,ppr5008431399,,,400.0,400.0,400.0,400.0,ORIGINAL,False,False,available online only,False,False,original,False,True,"['Included: 1 Chair(s)', 'Features: Rocking, Quick Ship', 'Manufacturer Warranty: 90 Days Limited', 'Seating Capacity: 1', 'Tools Required: Allen Wrench (included), Screws (included)']",0.0,0.0,ORIGINAL,False,False,79129770018,USD,more brands,"[{'colorName': 'Brown', 'swatchImageId': 'DP0212202407431641S.tif', 'colorizedImageId': 'DP0221202407151253M.tif', 'colorSeqNum': 1, 'skuId': '79129770018', 'defaultSwatch': False, 'skuAltImages': [{'imgId': 'DP0221202407151355M.tif', 'colorSeq': 0}, {'imgId': 'DP0221202407151047M.tif', 'colorSeq': 2}, {'imgId': 'DP0212202407431538M.tif', 'colorSeq': 4}]}]",/p/arcadia-rocking-chair/ppr5008431399?pTmplType=regular&searchTerm=patio+and+outdoor+furniture&geoZip=55057,"[{'message': 'Online Only', 'icon': 'mouse'}, {'message': 'Available for Shipping', 'icon': 'check'}]",False,791,True,360.0,360.0,GIFTWRAP,False,False,2024-02-12T22:05:44,DP0221202407151253M.tif,DP0221202407151355M.tif,,,https://www.jcpenney.com/p/arcadia-rocking-chair/ppr5008431399?pTmplType=regular&searchTerm=patio+and+outdoor+furniture&geoZip=55057,20251225,patio and outdoor furniture
Signature Design by Ashley® Elite Park Patio Accent Chair,ppr5008241757,,,1500.0,1500.0,1500.0,1500.0,ORIGINAL,False,False,available online only,False,False,original,False,True,"['Included: 1 Seat Back Cushion(s), 1 Chair(s), 1 Seat Cushion(s)', 'Features: Weather Resistant', 'Joinery: Screwed, Butt Joint', 'Manufacturer Warranty: 1 Year Parts Limited', 'Seating Capacity: 1']",0.0,0.0,ORIGINAL,True,False,79117600018,USD,signature design by ashley,"[{'colorName': 'Gray', 'swatchImageId': 'DP0429202209012817S.tif', 'colorizedImageId': 'DP0429202209012814M.tif', 'colorSeqNum': 1, 'skuId': '79117600018', 'defaultSwatch': False, 'skuAltImages': [{'imgId': 'DP0429202209012816M.tif', 'colorSeq': 0}, {'imgId': 'DP0504202207033094M.tif', 'colorSeq': 1}, {'imgId': 'DP0429202209012812M.tif', 'colorSeq': 2}]}]",/p/signature-design-by-ashley-elite-park-patio-accent-chair/ppr5008241757?pTmplType=regular&searchTerm=patio+and+outdoor+furniture&geoZip=55057,"[{'message': 'Online Only', 'icon': 'mouse'}, {'message': 'Available for Shipping', 'icon': 'check'}]",False,791,True,1125.0,1125.0,RECLINER,False,False,2022-04-29T22:03:32,DP0429202209012814M.tif,DP0429202209012816M.tif,,,https://www.jcpenney.com/p/signature-design-by-ashley-elite-park-patio-accent-chair/ppr5008241757?pTmplType=regular&searchTerm=patio+and+outdoor+furniture&geoZip=55057,20251225,patio and outdoor furniture
2 Pack Dining Chair,ppr5008246701,,,550.0,550.0,550.0,550.0,ORIGINAL,False,False,available online only,False,False,original,False,True,"['# Pieces In Set: 2-Pack', 'Features: Folding, Quick Ship', 'Manufacturer Warranty: 1 Year', 'Seating Capacity: 1', 'Measurements: 37 Height/Inches, 24 Depth/Inches, 18 Width/Inches']",0.0,0.0,ORIGINAL,False,False,79118500018,USD,more brands,"[{'colorName': 'Light Brown', 'swatchImageId': 'DP1031202507202986S.tif', 'colorizedImageId': 'DP1016202511144869M.tif', 'colorSeqNum': 1, 'skuId': '79118500018', 'defaultSwatch': False, 'skuAltImages': [{'imgId': 'DP1016202511144972M.tif', 'colorSeq': 2}, {'imgId': 'DP1016202511145283M.tif', 'colorSeq': 7}, {'imgId': 'DP1016202511144766M.tif', 'colorSeq': 8}]}]",/p/2-pack-dining-chair/ppr5008246701?pTmplType=regular&searchTerm=patio+and+outdoor+furniture&geoZip=55057,"[{'message': 'Online Only', 'icon': 'mouse'}, {'message': 'Available for Shipping', 'icon': 'check'}]",False,791,True,495.0,495.0,GIFTWRAP,False,False,2022-09-30T13:05:24,DP1016202511144869M.tif,DP1016202511144972M.tif,,,https://www.jcpenney.com/p/2-pack-dining-chair/ppr5008246701?pTmplType=regular&searchTerm=patio+and+outdoor+furniture&geoZip=55057,20251225,patio and outdoor furniture
Safavieh Breslin Sling Chairs 2-pc. Sling Chair,ppr5008216095,5.0,1.0,460.0,460.0,460.0,460.0,ORIGINAL,False,False,available online only,False,False,original,False,True,"['# Pieces In Set: 2', 'Included: 2 Chair(s)', 'Features: Folding Frame, Quick Ship, Weather Resistant, Adjustable Seat', 'Joinery: Welded Joint, Screwed', 'Seating Capacity: 1']",0.0,0.0,ORIGINAL,False,False,79114930026,USD,safavieh,"[{'colorName': 'Beige', 'swatchImageId': 'DP0209202207035034S.tif', 'colorizedImageId': 'DP0209202207035006M.tif', 'colorSeqNum': 1, 'skuId': '79114930026', 'defaultSwatch': False, 'skuAltImages': [{'imgId': 'DP0209202207035021M.tif', 'colorSeq': 0}, {'imgId': 'DP0209202207034977M.tif', 'colorSeq': 1}, {'imgId': 'DP0209202207034991M.tif', 'colorSeq': 2}]}]",/p/safavieh-breslin-sling-chairs-2-pc-sling-chair/ppr5008216095?pTmplType=regular&searchTerm=patio+and+outdoor+furniture&geoZip=55057,"[{'message': 'Online Only', 'icon': 'mouse'}, {'message': 'Available for Shipping', 'icon': 'check'}]",False,791,True,414.0,414.0,GIFTWRAP,False,False,2022-02-09T22:03:18,DP0209202207035006M.tif,DP0209202207035021M.tif,,,https://www.jcpenney.com/p/safavieh-breslin-sling-chairs-2-pc-sling-chair/ppr5008216095?pTmplType=regular&searchTerm=patio+and+outdoor+furniture&geoZip=55057,20251225,patio and outdoor furniture
Gargon Patio Collection Weather Resistant Concrete Coffee Table,ppr5008094588,,,1180.0,1180.0,1180.0,1180.0,ORIGINAL,False,False,available online only,False,False,original,False,True,"['Included: 1 Table(s)', 'Features: Weather Resistant, Wheeled, Quick Ship', 'Joinery: Screwed', 'Shape: Square', 'Bar Measurements: 31.5 Width/Inches, 9.8 Height/Inches, 31.5 Depth/Inches']",0.0,0.0,ORIGINAL,False,False,79109840018,USD,more brands,"[{'colorName': 'Dark Grey', 'swatchImageId': 'DP0311202113020429S.tif', 'colorizedImageId': 'DP0311202113020426M.tif', 'colorSeqNum': 1, 'skuId': '79109840018', 'defaultSwatch': False, 'skuAltImages': [{'imgId': 'DP0311202113020437M.tif', 'colorSeq': 0}, {'imgId': 'DP0311202113020441M.tif', 'colorSeq': 1}, {'imgId': 'DP0311202113020445M.tif', 'colorSeq': 2}]}]",/p/gargon-patio-collection-weather-resistant-concrete-coffee-table/ppr5008094588?pTmplType=regular&searchTerm=patio+and+outdoor+furniture&geoZip=55057,"[{'message': 'Online Only', 'icon': 'mouse'}, {'message': 'Available for Shipping', 'icon': 'check'}]",False,791,True,885.0,885.0,RECLINER,False,False,2021-03-11T22:03:12,DP0311202113020426M.tif,DP0311202113020437M.tif,,,https://www.jcpenney.com/p/gargon-patio-collection-weather-resistant-concrete-coffee-table/ppr5008094588?pTmplType=regular&searchTerm=patio+and+outdoor+furniture&geoZip=55057,20251225,patio and outdoor furniture
Wynn Weather Resistant Patio Coffee Table,ppr5008094579,,,1040.0,1040.0,1040.0,1040.0,ORIGINAL,False,False,available online only,False,False,original,False,True,"['Included: 1 Table(s)', 'Features: Quick Ship, Weather Resistant', 'Joinery: Nailed, Glued, Screwed', 'Shape: Round', 'Maximum Weight Limit: 50 Lbs']",0.0,0.0,ORIGINAL,False,False,79109770018,USD,safavieh,"[{'colorName': 'Dark Gray', 'swatchImageId': 'DP0311202113020252S.tif', 'colorizedImageId': 'DP0311202113020248M.tif', 'colorSeqNum': 1, 'skuId': '79109770018', 'defaultSwatch': False, 'skuAltImages': [{'imgId': 'DP0311202113020261M.tif', 'colorSeq': 0}, {'imgId': 'DP0311202113020271M.tif', 'colorSeq': 1}, {'imgId': 'DP0311202113020267M.tif', 'colorSeq': 2}]}]",/p/wynn-weather-resistant-patio-coffee-table/ppr5008094579?pTmplType=regular&searchTerm=patio+and+outdoor+furniture&geoZip=55057,"[{'message': 'Online Only', 'icon': 'mouse'}, {'message': 'Available for Shipping', 'icon': 'check'}]",False,791,True,780.0,780.0,RECLINER,False,False,2021-03-11T22:03:11,DP0311202113020248M.tif,DP0311202113020261M.tif,,,https://www.jcpenney.com/p/wynn-weather-resistant-patio-coffee-table/ppr5008094579?pTmplType=regular&searchTerm=patio+and+outdoor+furniture&geoZip=55057,20251225,patio and outdoor furniture
"Signature Design by Ashley® Brook Ranch Outdoor Lounge Chair with Cushion
",ppr5008438080,,,1200.0,1200.0,1200.0,1200.0,ORIGINAL,False,False,available online only,False,False,original,False,True,"['Included: 1 Seat Cushion(s), 1 Seat Back Cushion(s), 1 Chair(s)', 'Features: Removable Cushions, Cushioned, Rust Resistant, Stain Resistant, Weather Resistant, Uv Protection, Fade Resistant, 4 Legs', 'Seating Capacity: 1', 'Tools Required: Screws (included), Allen Wrench (included)', 'Seat Height: 21 In']",0.0,0.0,ORIGINAL,False,False,79130230018,USD,signature design by ashley,"[{'colorName': 'Dk Brown', 'swatchImageId': 'DP0313202413021342S.tif', 'colorizedImageId': 'DP0318202407053464M.tif', 'colorSeqNum': 1, 'skuId': '79130230018', 'defaultSwatch': False, 'skuAltImages': [{'imgId': 'DP0318202407053567M.tif', 'colorSeq': 0}, {'imgId': 'DP0318202407053670M.tif', 'colorSeq': 2}, {'imgId': 'DP0318202407053360M.tif', 'colorSeq': 4}]}]",/p/signature-design-by-ashley-brook-ranch-outdoor-lounge-chair-with-cushion/ppr5008438080?pTmplType=regular&searchTerm=patio+and+outdoor+furniture&geoZip=55057,"[{'message': 'Online Only', 'icon': 'mouse'}, {'message': 'Available for Shipping', 'icon': 'check'}]",False,791,True,900.0,900.0,RECLINER,False,False,2024-03-13T22:04:52,DP0318202407053464M.tif,DP0318202407053567M.tif,,"[{'name': 'Shop the Collection', 'priority': 1, 'urlParam': 'collection'}]",https://www.jcpenney.com/p/signature-design-by-ashley-brook-ranch-outdoor-lounge-chair-with-cushion/ppr5008438080?pTmplType=regular&searchTerm=patio+and+outdoor+furniture&geoZip=55057,20251225,patio and outdoor furniture
Safavieh Pate Patio Collection 3-pc. Bistro Set Folding,ppr5008095960,,,1260.0,1260.0,1260.0,1260.0,ORIGINAL,False,False,available online only,False,False,original,False,True,"['# Pieces In Set: 3', 'Included: 2 Chair(s), 1 Table(s), 2 Seat Cushion(s), 2 Throw Pillow(s)', 'Features: Reversible Cushions, Quick Ship, Folding, Removable Cushions, Weather Resistant', 'Joinery: Screwed, Glued, Nailed', 'Seating Capacity: 2']",0.0,0.0,ORIGINAL,False,False,79110920034,USD,safavieh,"[{'colorName': 'Natural White', 'swatchImageId': 'DP0317202107031274S.tif', 'colorizedImageId': 'DP0317202107031243M.tif', 'colorSeqNum': 1, 'skuId': '79110920018', 'defaultSwatch': False, 'skuAltImages': [{'imgId': 'DP0316202107031301M.tif', 'colorSeq': 3}, {'imgId': 'DP0316202107031286M.tif', 'colorSeq': 4}, {'imgId': 'DP0316202107031273M.tif', 'colorSeq': 5}]}, {'colorName': 'Grey Wash White', 'swatchImageId': 'DP0317202107031259S.tif', 'colorizedImageId': 'DP0317202107031220M.tif', 'colorSeqNum': 2, 'skuId': '79110920026', 'defaultSwatch': False, 'skuAltImages': [{'imgId': 'DP0316202107031323M.tif', 'colorSeq': 4}, {'imgId': 'DP0316202107031297M.tif', 'colorSeq': 5}, {'imgId': 'DP0316202107031279M.tif', 'colorSeq': 6}]}, {'colorName': 'Natural Navy', 'swatchImageId': 'DP0317202107031270S.tif', 'colorizedImageId': 'DP0317202107031238M.tif', 'colorSeqNum': 3, 'skuId': '79110920034', 'defaultSwatch': False, 'skuAltImages': [{'imgId': 'DP0316202107031312M.tif', 'colorSeq': 0}, {'imgId': 'DP0316202107031331M.tif', 'colorSeq': 5}, {'imgId': 'DP0316202107031282M.tif', 'colorSeq': 6}]}, {'colorName': 'Natural Beige', 'swatchImageId': 'DP0317202107031263S.tif', 'colorizedImageId': 'DP0317202107031306M.tif', 'colorSeqNum': 4, 'skuId': '79110920042', 'defaultSwatch': False, 'skuAltImages': [{'imgId': 'DP0316202107031217M.tif', 'colorSeq': 0}, {'imgId': 'DP0316202107031308M.tif', 'colorSeq': 1}, {'imgId': 'DP0316202107031327M.tif', 'colorSeq': 5}]}, {'colorName': 'Black Beige', 'swatchImageId': 'DP0317202107031248S.tif', 'colorizedImageId': 'DP0317202107031210M.tif', 'colorSeqNum': 5, 'skuId': '79110920059', 'defaultSwatch': False, 'skuAltImages': [{'imgId': 'DP0316202107031290M.tif', 'colorSeq': 0}, {'imgId': 'DP0316202107031316M.tif', 'colorSeq': 5}, {'imgId': 'DP0316202107031294M.tif', 'colorSeq': 6}]}, {'colorName': 'Grey Beige', 'swatchImageId': 'DP0317202107031254S.tif', 'colorizedImageId': 'DP0317202107031295M.tif', 'colorSeqNum': 6, 'skuId': '79110920067', 'defaultSwatch': False, 'skuAltImages': [{'imgId': 'DP0316202107031213M.tif', 'colorSeq': 0}, {'imgId': 'DP0316202107031305M.tif', 'colorSeq': 1}, {'imgId': 'DP0316202107031320M.tif', 'colorSeq': 5}]}, {'colorName': 'Natural Beig Nvy W', 'swatchImageId': 'DP0903202409150258S.tif', 'colorizedImageId': 'DP0903202409150055M.tif', 'colorSeqNum': 7, 'skuId': '79110920075', 'defaultSwatch': False, 'skuAltImages': [{'imgId': 'DP0903202409145750M.tif', 'colorSeq': 0}, {'imgId': 'DP0903202409150766M.tif', 'colorSeq': 1}, {'imgId': 'DP0903202409151172M.tif', 'colorSeq': 2}]}, {'colorName': 'White Navy', 'swatchImageId': 'DP0903202409150360S.tif', 'colorizedImageId': 'DP0903202409150157M.tif', 'colorSeqNum': 8, 'skuId': '79110920083', 'defaultSwatch': False, 'skuAltImages': [{'imgId': 'DP0903202409150664M.tif', 'colorSeq': 0}, {'imgId': 'DP0903202409150868M.tif', 'colorSeq': 1}, {'imgId': 'DP0903202409151274M.tif', 'colorSeq': 2}]}]",/p/safavieh-pate-patio-collection-3-pc-bistro-set-folding/ppr5008095960?pTmplType=regular&searchTerm=patio+and+outdoor+furniture&geoZip=55057,"[{'message': 'Online Only', 'icon': 'mouse'}, {'message': 'Available for Shipping', 'icon': 'check'}]",False,791,True,945.0,945.0,RECLINER,False,False,2021-03-16T22:02:45,DP0317202107031243M.tif,DP0316202107031301M.tif,,,https://www.jcpenney.com/p/safavieh-pate-patio-collection-3-pc-bistro-set-folding/ppr5008095960?pTmplType=regular&searchTerm=patio+and+outdoor+furniture&geoZip=55057,20251225,patio and outdoor furniture
5-pc. Square Dining Set,ppr5008336780,,,1710.0,1710.0,1710.0,1710.0,ORIGINAL,False,False,available online only,False,False,original,False,True,"['# Pieces In Set: 5', 'Included: 4 Chair(s), 1 Table(s)', 'Features: Quick Ship, 4 Legs', 'Seating Capacity: 4', 'Shape: Square']",0.0,0.0,ORIGINAL,False,False,79122770018,USD,more brands,"[{'colorName': 'Brown', 'swatchImageId': 'DP0314202309342125S.tif', 'colorizedImageId': 'DP0314202309341710M.tif', 'colorSeqNum': 1, 'skuId': '79122770018', 'defaultSwatch': False, 'skuAltImages': [{'imgId': 'DP0314202309341813M.tif', 'colorSeq': 0}, {'imgId': 'DP0314202309341918M.tif', 'colorSeq': 1}, {'imgId': 'DP0314202309341503M.tif', 'colorSeq': 2}]}]",/p/5-pc-square-dining-set/ppr5008336780?pTmplType=regular&searchTerm=patio+and+outdoor+furniture&geoZip=55057,"[{'message': 'Online Only', 'icon': 'mouse'}, {'message': 'Available for Shipping', 'icon': 'check'}]",False,791,True,1282.5,1282.5,RECLINER,False,False,2023-03-14T22:10:15,DP0314202309341710M.tif,DP0314202309341813M.tif,,,https://www.jcpenney.com/p/5-pc-square-dining-set/ppr5008336780?pTmplType=regular&searchTerm=patio+and+outdoor+furniture&geoZip=55057,20251225,patio and outdoor furniture
Lincoln 7-pc. Rectangular Dining Set,ppr5008333948,,,2285.0,2285.0,2285.0,2285.0,ORIGINAL,False,False,available online only,False,False,original,False,True,"['# Pieces In Set: 7', 'Included: 1 Table(s), 6 Chair(s)', 'Features: Upholstered, Quick Ship', 'Manufacturer Warranty: 90 Days Limited', 'Seating Capacity: 6']",0.0,0.0,ORIGINAL,False,False,79121800018,USD,more brands,"[{'colorName': 'Beige', 'swatchImageId': 'DP0223202307241031S.tif', 'colorizedImageId': 'DP0223202307240406M.tif', 'colorSeqNum': 1, 'skuId': '79121800018', 'defaultSwatch': False, 'skuAltImages': [{'imgId': 'DP0223202307240615M.tif', 'colorSeq': 0}, {'imgId': 'DP0223202307240719M.tif', 'colorSeq': 1}, {'imgId': 'DP0223202307240197M.tif', 'colorSeq': 2}]}]",/p/lincoln-7-pc-rectangular-dining-set/ppr5008333948?pTmplType=regular&searchTerm=patio+and+outdoor+furniture&geoZip=55057,"[{'message': 'Online Only', 'icon': 'mouse'}, {'message': 'Available for Shipping', 'icon': 'check'}]",False,791,True,1713.75,1713.75,RECLINER,False,False,2023-02-23T22:03:33,DP0223202307240406M.tif,DP0223202307240615M.tif,,,https://www.jcpenney.com/p/lincoln-7-pc-rectangular-dining-set/ppr5008333948?pTmplType=regular&searchTerm=patio+and+outdoor+furniture&geoZip=55057,20251225,patio and outdoor furniture
Denali 3-pc. Bar Set,ppr5008305700,,,980.0,980.0,980.0,980.0,ORIGINAL,False,False,available online only,False,False,original,False,True,"['# Pieces In Set: 3', 'Included: 1 Table(s), 2 Stool(s)', 'Features: Backless', 'Manufacturer Warranty: 90 Days Limited', 'Seating Capacity: 2']",0.0,0.0,ORIGINAL,False,False,79120990018,USD,more brands,"[{'colorName': 'Teak Finish', 'swatchImageId': 'DP1107202211423290S.tif', 'colorizedImageId': 'DP1107202211423084M.tif', 'colorSeqNum': 1, 'skuId': '79120990018', 'defaultSwatch': False, 'skuAltImages': [{'imgId': 'DP1107202211422877M.tif', 'colorSeq': 0}, {'imgId': 'DP1107202211423187M.tif', 'colorSeq': 1}, {'imgId': 'DP1107202211423500M.tif', 'colorSeq': 2}]}]",/p/denali-3-pc-bar-set/ppr5008305700?pTmplType=regular&searchTerm=patio+and+outdoor+furniture&geoZip=55057,"[{'message': 'Online Only', 'icon': 'mouse'}, {'message': 'Available for Shipping', 'icon': 'check'}]",False,791,True,735.0,735.0,RECLINER,False,False,2022-11-08T07:10:45,DP1107202211423084M.tif,DP1107202211422877M.tif,,,https://www.jcpenney.com/p/denali-3-pc-bar-set/ppr5008305700?pTmplType=regular&searchTerm=patio+and+outdoor+furniture&geoZip=55057,20251225,patio and outdoor furniture
Safavieh Monico 6-pc. Round Dining Set,ppr5008233297,,,760.0,760.0,760.0,760.0,ORIGINAL,False,False,available online only,False,False,original,False,True,"['# Pieces In Set: 6', 'Included: 1 Coffee Table(s), 4 Chair(s), 1 Umbrella(s)', 'Features: Water Resistant, Quick Ship, Umbrella Hole', 'Joinery: Screwed, Welded Joint', 'Seating Capacity: 4']",0.0,0.0,ORIGINAL,False,False,79115250018,USD,safavieh,"[{'colorName': 'Grey', 'swatchImageId': 'DP0404202207062920S.tif', 'colorizedImageId': 'DP0404202207062905M.tif', 'colorSeqNum': 1, 'skuId': '79115250018', 'defaultSwatch': False, 'skuAltImages': [{'imgId': 'DP0404202207062910M.tif', 'colorSeq': 0}, {'imgId': 'DP0404202207062913M.tif', 'colorSeq': 1}, {'imgId': 'DP0404202207062896M.tif', 'colorSeq': 2}]}]",/p/safavieh-monico-6-pc-round-dining-set/ppr5008233297?pTmplType=regular&searchTerm=patio+and+outdoor+furniture&geoZip=55057,"[{'message': 'Online Only', 'icon': 'mouse'}, {'message': 'Available for Shipping', 'icon': 'check'}]",False,791,True,570.0,570.0,RECLINER,False,False,2022-04-04T22:04:24,DP0404202207062905M.tif,DP0404202207062910M.tif,,,https://www.jcpenney.com/p/safavieh-monico-6-pc-round-dining-set/ppr5008233297?pTmplType=regular&searchTerm=patio+and+outdoor+furniture&geoZip=55057,20251225,patio and outdoor furniture
Safavieh Trunk Patio Collection Concrete Side Table,ppr5008094550,,,440.0,440.0,440.0,440.0,ORIGINAL,False,False,available online only,False,False,original,False,True,"['Included: 1 Table(s)', 'Features: Quick Ship, Water Resistant', 'Shape: Round', 'Maximum Weight Limit: 50 Lbs', 'Table Measurements: 14.9 Width/Inches, 16.5 Height/Inches, 14.9 Length/Inches']",0.0,0.0,ORIGINAL,False,False,79109680026,USD,safavieh,"[{'colorName': 'Dark Grey', 'swatchImageId': 'DP0311202113015853S.tif', 'colorizedImageId': 'DP0311202113015842M.tif', 'colorSeqNum': 1, 'skuId': '79109680018', 'defaultSwatch': False, 'skuAltImages': [{'imgId': 'DP0311202113015888M.tif', 'colorSeq': 0}, {'imgId': 'DP0311202113015896M.tif', 'colorSeq': 1}, {'imgId': 'DP0311202113015876M.tif', 'colorSeq': 2}]}, {'colorName': 'Ivory', 'swatchImageId': 'DP0311202113015857S.tif', 'colorizedImageId': 'DP0311202113015846M.tif', 'colorSeqNum': 2, 'skuId': '79109680026', 'defaultSwatch': False, 'skuAltImages': [{'imgId': 'DP0311202113015892M.tif', 'colorSeq': 0}, {'imgId': 'DP0322202115005037M.tif', 'colorSeq': 1}, {'imgId': 'DP0311202113015901M.tif', 'colorSeq': 2}]}, {'colorName': 'Black', 'swatchImageId': 'DP0311202113015849S.tif', 'colorizedImageId': 'DP0311202113015838M.tif', 'colorSeqNum': 3, 'skuId': '79109680034', 'defaultSwatch': False, 'skuAltImages': [{'imgId': 'DP0311202113015884M.tif', 'colorSeq': 0}, {'imgId': 'DP0311202113015905M.tif', 'colorSeq': 1}, {'imgId': 'DP0311202113015872M.tif', 'colorSeq': 2}]}]",/p/safavieh-trunk-patio-collection-concrete-side-table/ppr5008094550?pTmplType=regular&searchTerm=patio+and+outdoor+furniture&geoZip=55057,"[{'message': 'Online Only', 'icon': 'mouse'}, {'message': 'Available for Shipping', 'icon': 'check'}]",False,791,True,396.0,396.0,GIFTWRAP,False,False,2021-03-11T22:03:09,DP0311202113015842M.tif,DP0311202113015888M.tif,,,https://www.jcpenney.com/p/safavieh-trunk-patio-collection-concrete-side-table/ppr5008094550?pTmplType=regular&searchTerm=patio+and+outdoor+furniture&geoZip=55057,20251225,patio and outdoor furniture
Genson Patio Collection Side Table,ppr5008090574,,,320.0,320.0,320.0,320.0,ORIGINAL,False,False,available online only,False,False,original,False,True,"['Included: 1 Table(s)', 'Features: Weather Resistant, Quick Ship', 'Joinery: Welded Joint, Screwed', 'Tools Required: Screws (included), Allen Wrench (included)', 'Maximum Weight Limit: 100 Lbs']",0.0,0.0,ORIGINAL,False,False,79108580042,USD,safavieh,"[{'colorName': 'Pearl White', 'swatchImageId': 'DP0302202115030976S.tif', 'colorizedImageId': 'DP0302202115030964M.tif', 'colorSeqNum': 1, 'skuId': '79108580018', 'defaultSwatch': False, 'skuAltImages': [{'imgId': 'DP0302202115031025M.tif', 'colorSeq': 0}, {'imgId': 'DP0302202115031013M.tif', 'colorSeq': 1}, {'imgId': 'DP0302202115031001M.tif', 'colorSeq': 2}]}, {'colorName': 'Unearthed Rust', 'swatchImageId': 'DP0302202115030980S.tif', 'colorizedImageId': 'DP0302202115030968M.tif', 'colorSeqNum': 2, 'skuId': '79108580026', 'defaultSwatch': False, 'skuAltImages': [{'imgId': 'DP0302202115031030M.tif', 'colorSeq': 0}, {'imgId': 'DP0302202115031017M.tif', 'colorSeq': 1}, {'imgId': 'DP0302202115031005M.tif', 'colorSeq': 2}]}, {'colorName': 'Antique Green', 'swatchImageId': 'DP0903202407183908S.tif', 'colorizedImageId': 'DP0903202407183705M.tif', 'colorSeqNum': 4, 'skuId': '79108580042', 'defaultSwatch': False, 'skuAltImages': [{'imgId': 'DP0903202407184314M.tif', 'colorSeq': 0}, {'imgId': 'DP0903202407184009M.tif', 'colorSeq': 1}, {'imgId': 'DP0903202407184111M.tif', 'colorSeq': 2}]}]",/p/genson-patio-collection-side-table/ppr5008090574?pTmplType=regular&searchTerm=patio+and+outdoor+furniture&geoZip=55057,"[{'message': 'Online Only', 'icon': 'mouse'}, {'message': 'Available for Shipping', 'icon': 'check'}]",False,791,True,288.0,288.0,GIFTWRAP,False,False,2021-03-02T22:04:28,DP0302202115030964M.tif,DP0302202115031025M.tif,,,https://www.jcpenney.com/p/genson-patio-collection-side-table/ppr5008090574?pTmplType=regular&searchTerm=patio+and+outdoor+furniture&geoZip=55057,20251225,patio and outdoor furniture
Hallie Metal Side Table,ppr5008297615,,,160.0,160.0,160.0,160.0,ORIGINAL,False,False,available online only,False,False,original,False,True,"['Included: 1 Table(s)', 'Features: Quick Ship, Easy Care', 'Joinery: Nailed', 'Manufacturer Warranty: 30 Days', 'Shape: Circle']",0.0,0.0,ORIGINAL,False,False,79120940018,USD,more brands,"[{'colorName': 'Red', 'swatchImageId': 'DP1013202207505795S.tif', 'colorizedImageId': 'DP1013202207505589M.tif', 'colorSeqNum': 1, 'skuId': '79120940018', 'defaultSwatch': False, 'skuAltImages': [{'imgId': 'DP1013202207505692M.tif', 'colorSeq': 0}, {'imgId': 'DP1013202207510001M.tif', 'colorSeq': 1}, {'imgId': 'DP1013202207505486M.tif', 'colorSeq': 2}]}]",/p/hallie-metal-side-table/ppr5008297615?pTmplType=regular&searchTerm=patio+and+outdoor+furniture&geoZip=55057,"[{'message': 'Online Only', 'icon': 'mouse'}, {'message': 'Available for Shipping', 'icon': 'check'}]",False,791,True,144.0,144.0,GIFTWRAP,False,False,2022-10-13T22:05:34,DP1013202207505589M.tif,DP1013202207505692M.tif,,,https://www.jcpenney.com/p/hallie-metal-side-table/ppr5008297615?pTmplType=regular&searchTerm=patio+and+outdoor+furniture&geoZip=55057,20251225,patio and outdoor furniture
Sherwood Coffee Table,ppr5008297260,,,510.0,510.0,510.0,510.0,ORIGINAL,False,False,available online only,False,False,original,False,True,"['Features: 4 Legs', 'Manufacturer Warranty: 90 Days', 'Shape: Rectangle', 'Tools Required: Screws (included), Allen Wrench (included)', 'Maximum Weight Limit: 300 Lbs']",0.0,0.0,ORIGINAL,False,False,79120780018,USD,more brands,"[{'colorName': 'Gray', 'swatchImageId': 'DP1010202207505654S.tif', 'colorizedImageId': 'DP1010202207505341M.tif', 'colorSeqNum': 1, 'skuId': '79120780018', 'defaultSwatch': False, 'skuAltImages': [{'imgId': 'DP1010202207505446M.tif', 'colorSeq': 0}, {'imgId': 'DP1010202207505757M.tif', 'colorSeq': 1}, {'imgId': 'DP1010202207505550M.tif', 'colorSeq': 2}]}]",/p/sherwood-coffee-table/ppr5008297260?pTmplType=regular&searchTerm=patio+and+outdoor+furniture&geoZip=55057,"[{'message': 'Online Only', 'icon': 'mouse'}, {'message': 'Available for Shipping', 'icon': 'check'}]",False,791,True,459.0,459.0,GIFTWRAP,False,False,2022-10-10T22:09:34,DP1010202207505341M.tif,DP1010202207505446M.tif,,,https://www.jcpenney.com/p/sherwood-coffee-table/ppr5008297260?pTmplType=regular&searchTerm=patio+and+outdoor+furniture&geoZip=55057,20251225,patio and outdoor furniture
Sunnydaze® 10-Foot Steel Offset Solar Patio Umbrella,ppr5008109634,3.1538,13.0,350.0,350.0,350.0,350.0,ORIGINAL,False,False,available online only,False,False,original,False,True,"['Features: Vented, Quick Ship, Solar Powered, Water Repellent, Led Lights', 'Manufacturer Warranty: 1 Year', 'Shape: Octagon', 'Measurements: 126 Width/Inches, 115 Length/Inches, 99 Height/Inches', 'Diameter: 10 Ft']",0.0,0.0,ORIGINAL,False,False,79110820026,USD,more brands,"[{'colorName': 'Navy Blue', 'swatchImageId': 'DP1016202507150405S.tif', 'colorizedImageId': 'DP1016202507150302M.tif', 'colorSeqNum': 1, 'skuId': '79110820034', 'defaultSwatch': False, 'skuAltImages': [{'imgId': 'DP1016202507150819M.tif', 'colorSeq': 0}, {'imgId': 'DP1016202507150716M.tif', 'colorSeq': 1}, {'imgId': 'DP1016202507150613M.tif', 'colorSeq': 2}]}, {'colorName': 'Beige', 'swatchImageId': 'DP0318202107031000S.tif', 'colorizedImageId': 'DP0318202107030986M.tif', 'colorSeqNum': 2, 'skuId': '79110820018', 'defaultSwatch': False}, {'colorName': 'Burnt Orange', 'swatchImageId': 'DP0318202107031005S.tif', 'colorizedImageId': 'DP0318202107030991M.tif', 'colorSeqNum': 3, 'skuId': '79110820026', 'defaultSwatch': False, 'skuAltImages': [{'imgId': 'DP0318202107031070M.tif', 'colorSeq': 0}, {'imgId': 'DP0318202107031060M.tif', 'colorSeq': 1}, {'imgId': 'DP0318202107031050M.tif', 'colorSeq': 2}]}]",/p/sunnydaze-10-foot-steel-offset-solar-patio-umbrella/ppr5008109634?pTmplType=regular&searchTerm=patio+and+outdoor+furniture&geoZip=55057,"[{'message': 'Online Only', 'icon': 'mouse'}, {'message': 'Available for Shipping', 'icon': 'check'}]",False,791,True,,,,False,False,2021-04-09T12:48:54,DP1016202507150302M.tif,DP1016202507150819M.tif,,,https://www.jcpenney.com/p/sunnydaze-10-foot-steel-offset-solar-patio-umbrella/ppr5008109634?pTmplType=regular&searchTerm=patio+and+outdoor+furniture&geoZip=55057,20251225,patio and outdoor furniture
Mozaic Company Sunbrella Chair Pad Corded (Set of 2),ppr5008321185,,,99.99,108.99,167.0,183.0,SALE,False,False,available online only,False,False,original,False,True,"['# Pieces In Set: 2', 'Features: Weather Resistant, Stain Resistant, Water Resistant', 'Chair Fastening: String Ties', 'Finishing Feature: Cording', 'Use: Outdoor']",0.0,0.0,SALE,False,False,62731370018,USD,more brands,"[{'colorName': 'Canvas Jockey Red', 'swatchImageId': 'DP0110202307285869S.tif', 'colorizedImageId': 'DP0110202307285766M.tif', 'colorSeqNum': 1, 'skuId': '62731350018', 'defaultSwatch': False, 'skuAltImages': [{'imgId': 'DP0110202307290176M.tif', 'colorSeq': 0}, {'imgId': 'DP0110202307290073M.tif', 'colorSeq': 1}, {'imgId': 'DP0110202307285971M.tif', 'colorSeq': 2}]}, {'colorName': 'Navy', 'swatchImageId': 'DP0110202307295558S.tif', 'colorizedImageId': 'DP0110202307295455M.tif', 'colorSeqNum': 2, 'skuId': '62731360018', 'defaultSwatch': False, 'skuAltImages': [{'imgId': 'DP0110202307295866M.tif', 'colorSeq': 0}, {'imgId': 'DP0110202307295763M.tif', 'colorSeq': 1}, {'imgId': 'DP0110202307295661M.tif', 'colorSeq': 2}]}, {'colorName': 'Canvas Aruba', 'swatchImageId': 'DP0110202307292779S.tif', 'colorizedImageId': 'DP0110202307292676M.tif', 'colorSeqNum': 3, 'skuId': '62731390018', 'defaultSwatch': False, 'skuAltImages': [{'imgId': 'DP0110202307293088M.tif', 'colorSeq': 0}, {'imgId': 'DP0110202307292984M.tif', 'colorSeq': 1}, {'imgId': 'DP0110202307292882M.tif', 'colorSeq': 2}]}, {'colorName': 'Canvas Forest Grn', 'swatchImageId': 'DP0110202307294114S.tif', 'colorizedImageId': 'DP0110202307294011M.tif', 'colorSeqNum': 4, 'skuId': '62731410018', 'defaultSwatch': False, 'skuAltImages': [{'imgId': 'DP0110202307294423M.tif', 'colorSeq': 0}, {'imgId': 'DP0110202307294321M.tif', 'colorSeq': 1}, {'imgId': 'DP0110202307294217M.tif', 'colorSeq': 2}]}, {'colorName': 'Canvas Black', 'swatchImageId': 'DP0110202307292047S.tif', 'colorizedImageId': 'DP0110202307291941M.tif', 'colorSeqNum': 5, 'skuId': '62731380018', 'defaultSwatch': False, 'skuAltImages': [{'imgId': 'DP0110202307292364M.tif', 'colorSeq': 0}, {'imgId': 'DP0110202307292262M.tif', 'colorSeq': 1}, {'imgId': 'DP0110202307292154M.tif', 'colorSeq': 2}]}, {'colorName': 'Canvas Spa', 'swatchImageId': 'DP0110202307300276S.tif', 'colorizedImageId': 'DP0110202307300174M.tif', 'colorSeqNum': 6, 'skuId': '62731440018', 'defaultSwatch': False, 'skuAltImages': [{'imgId': 'DP0110202307300584M.tif', 'colorSeq': 0}, {'imgId': 'DP0110202307300482M.tif', 'colorSeq': 1}, {'imgId': 'DP0110202307300379M.tif', 'colorSeq': 2}]}, {'colorName': 'Navy Blue', 'swatchImageId': 'DP0110202307291305S.tif', 'colorizedImageId': 'DP0110202307291202M.tif', 'colorSeqNum': 7, 'skuId': '62731370018', 'defaultSwatch': False, 'skuAltImages': [{'imgId': 'DP0110202307291615M.tif', 'colorSeq': 0}, {'imgId': 'DP0110202307291511M.tif', 'colorSeq': 1}, {'imgId': 'DP0110202307291408M.tif', 'colorSeq': 2}]}, {'colorName': 'Canvas Red', 'swatchImageId': 'DP0110202307294836S.tif', 'colorizedImageId': 'DP0110202307294733M.tif', 'colorSeqNum': 8, 'skuId': '62731420018', 'defaultSwatch': False, 'skuAltImages': [{'imgId': 'DP0110202307295147M.tif', 'colorSeq': 0}, {'imgId': 'DP0110202307295045M.tif', 'colorSeq': 1}, {'imgId': 'DP0110202307294939M.tif', 'colorSeq': 2}]}]",/p/mozaic-company-sunbrella-chair-pad-corded-set-of-2/ppr5008321185?pTmplType=regular&searchTerm=patio+and+outdoor+furniture&geoZip=55057,"[{'message': 'Online Only', 'icon': 'mouse'}, {'message': 'Available for Shipping', 'icon': 'check'}]",False,627,True,98.09,89.99,YULETIDE,False,False,2023-01-27T15:03:59,DP0110202307285766M.tif,DP0110202307290176M.tif,,,https://www.jcpenney.com/p/mozaic-company-sunbrella-chair-pad-corded-set-of-2/ppr5008321185?pTmplType=regular&searchTerm=patio+and+outdoor+furniture&geoZip=55057,20251225,patio and outdoor furniture
"Signature Design by Ashley® Hyland Wave Outdoor Glider Loveseat
",ppr5008438088,5.0,2.0,2700.0,2700.0,2700.0,2700.0,ORIGINAL,False,False,available online only,False,False,original,False,True,"['Included: 1 Loveseat(s)', 'Features: Weather Resistant, Cup Holder, Gliding', 'Seating Capacity: 2', 'Tools Required: Screws (included), Allen Wrench (included)', 'Measurements: 31.5 Depth/Inches, 41.75 Height/Inches, 67 Width/Inches']",0.0,0.0,ORIGINAL,True,False,79130360018,USD,signature design by ashley,"[{'colorName': 'White', 'swatchImageId': 'DP0313202413034109S.tif', 'colorizedImageId': 'DP0313202413033800M.tif', 'colorSeqNum': 1, 'skuId': '79130370018', 'defaultSwatch': False, 'skuAltImages': [{'imgId': 'DP0313202413034212M.tif', 'colorSeq': 0}, {'imgId': 'DP0313202413033903M.tif', 'colorSeq': 1}, {'imgId': 'DP0313202413034006M.tif', 'colorSeq': 2}]}, {'colorName': 'Black', 'swatchImageId': 'DP0313202413032563S.tif', 'colorizedImageId': 'DP0313202413032255M.tif', 'colorSeqNum': 2, 'skuId': '79130350018', 'defaultSwatch': False, 'skuAltImages': [{'imgId': 'DP0313202413032666M.tif', 'colorSeq': 0}, {'imgId': 'DP0313202413032357M.tif', 'colorSeq': 1}, {'imgId': 'DP0313202413032460M.tif', 'colorSeq': 2}]}, {'colorName': 'Driftwood', 'swatchImageId': 'DP0313202413033285S.tif', 'colorizedImageId': 'DP0313202413032976M.tif', 'colorSeqNum': 3, 'skuId': '79130360018', 'defaultSwatch': False, 'skuAltImages': [{'imgId': 'DP0313202413033490M.tif', 'colorSeq': 0}, {'imgId': 'DP0313202413033078M.tif', 'colorSeq': 1}, {'imgId': 'DP0313202413033181M.tif', 'colorSeq': 2}]}]",/p/signature-design-by-ashley-hyland-wave-outdoor-glider-loveseat/ppr5008438088?pTmplType=regular&searchTerm=patio+and+outdoor+furniture&geoZip=55057,"[{'message': 'Online Only', 'icon': 'mouse'}, {'message': 'Available for Shipping', 'icon': 'check'}]",False,791,True,2025.0,2025.0,RECLINER,False,False,2024-03-13T22:04:54,DP0313202413033800M.tif,DP0313202413034212M.tif,,,https://www.jcpenney.com/p/signature-design-by-ashley-hyland-wave-outdoor-glider-loveseat/ppr5008438088?pTmplType=regular&searchTerm=patio+and+outdoor+furniture&geoZip=55057,20251225,patio and outdoor furniture
Safavieh Kinnell Armchair,ppr5008349102,1.0,1.0,520.0,520.0,520.0,520.0,ORIGINAL,False,False,available online only,False,False,original,False,True,"['Included: 1 Seat Cushion(s), 1 Seat Back Cushion(s), 1 Chair(s)', 'Joinery: Screwed', 'Seating Capacity: 1', 'Tools Required: Screws (included)', 'Measurements: 25.78 Depth/Inches, 25.59 Width/Inches, 25.59 Height/Inches']",0.0,0.0,ORIGINAL,False,False,79123420026,USD,safavieh,"[{'colorName': 'Natural Beige', 'swatchImageId': 'DP0405202311115634S.tif', 'colorizedImageId': 'DP0405202309261354M.tif', 'colorSeqNum': 1, 'skuId': '79123420018', 'defaultSwatch': False, 'skuAltImages': [{'imgId': 'DP0405202309261664M.tif', 'colorSeq': 0}, {'imgId': 'DP0405202311115118M.tif', 'colorSeq': 1}, {'imgId': 'DP0405202311120252M.tif', 'colorSeq': 2}]}, {'colorName': 'Grey  White', 'swatchImageId': 'DP0405202311115531S.tif', 'colorizedImageId': 'DP0405202309261250M.tif', 'colorSeqNum': 2, 'skuId': '79123420026', 'defaultSwatch': False, 'skuAltImages': [{'imgId': 'DP0405202309261561M.tif', 'colorSeq': 0}, {'imgId': 'DP0405202309261870M.tif', 'colorSeq': 1}, {'imgId': 'DP0405202311120149M.tif', 'colorSeq': 2}]}, {'colorName': 'Natural Grey', 'swatchImageId': 'DP0405202311115737S.tif', 'colorizedImageId': 'DP0405202309261457M.tif', 'colorSeqNum': 3, 'skuId': '79123420034', 'defaultSwatch': False, 'skuAltImages': [{'imgId': 'DP0405202309261767M.tif', 'colorSeq': 0}, {'imgId': 'DP0405202311115221M.tif', 'colorSeq': 1}, {'imgId': 'DP0405202311120355M.tif', 'colorSeq': 2}]}]",/p/safavieh-kinnell-armchair/ppr5008349102?pTmplType=regular&searchTerm=patio+and+outdoor+furniture&geoZip=55057,"[{'message': 'Online Only', 'icon': 'mouse'}, {'message': 'Available for Shipping', 'icon': 'check'}]",False,791,True,468.0,468.0,GIFTWRAP,False,False,2023-04-05T22:05:17,DP0405202309261354M.tif,DP0405202309261664M.tif,,,https://www.jcpenney.com/p/safavieh-kinnell-armchair/ppr5008349102?pTmplType=regular&searchTerm=patio+and+outdoor+furniture&geoZip=55057,20251225,patio and outdoor furniture
Ally Wrought Iron Tree Bench,ppr5008214540,,,1100.0,1100.0,1100.0,1100.0,ORIGINAL,False,False,available online only,False,False,original,False,True,"['Included: 1 Bench(es)', 'Features: Armless, Quick Ship, Weather Resistant', 'Joinery: Welded Joint, Screwed', 'Seating Capacity: 4', 'Tools Required: Allen Wrench (included), Screws (included)']",0.0,0.0,ORIGINAL,False,False,79114570018,USD,safavieh,"[{'colorName': 'Antique Blue', 'swatchImageId': 'DP0204202207020760S.tif', 'colorizedImageId': 'DP0204202207020748M.tif', 'colorSeqNum': 1, 'skuId': '79114570018', 'defaultSwatch': False, 'skuAltImages': [{'imgId': 'DP0204202207020752M.tif', 'colorSeq': 0}, {'imgId': 'DP0204202207020756M.tif', 'colorSeq': 1}, {'imgId': 'DP0204202207020744M.tif', 'colorSeq': 2}]}]",/p/ally-wrought-iron-tree-bench/ppr5008214540?pTmplType=regular&searchTerm=patio+and+outdoor+furniture&geoZip=55057,"[{'message': 'Online Only', 'icon': 'mouse'}, {'message': 'Available for Shipping', 'icon': 'check'}]",False,791,True,825.0,825.0,RECLINER,False,False,2022-02-04T22:02:41,DP0204202207020748M.tif,DP0204202207020752M.tif,,,https://www.jcpenney.com/p/ally-wrought-iron-tree-bench/ppr5008214540?pTmplType=regular&searchTerm=patio+and+outdoor+furniture&geoZip=55057,20251225,patio and outdoor furniture
Safavieh Oakley Collection Weather Resistant Coffee Table,ppr5008090576,,,480.0,480.0,480.0,480.0,ORIGINAL,False,False,available online only,False,False,original,False,True,"['Included: 1 Table(s)', 'Features: Quick Ship, Weather Resistant', 'Joinery: Nailed, Screwed', 'Shape: Rectangle', 'Tools Required: Allen Wrench (included), Screws (included)']",0.0,0.0,ORIGINAL,False,False,79108590034,USD,safavieh,"[{'colorName': 'Natural', 'swatchImageId': 'DP0302202115031040S.tif', 'colorizedImageId': 'DP0302202115031035M.tif', 'colorSeqNum': 1, 'skuId': '79108590018', 'defaultSwatch': False, 'skuAltImages': [{'imgId': 'DP0302202115031058M.tif', 'colorSeq': 0}, {'imgId': 'DP0302202115031054M.tif', 'colorSeq': 1}, {'imgId': 'DP0302202115031049M.tif', 'colorSeq': 2}]}, {'colorName': 'Ash Grey', 'swatchImageId': 'DP0903202407184822S.tif', 'colorizedImageId': 'DP0903202407184619M.tif', 'colorSeqNum': 2, 'skuId': '79108590026', 'defaultSwatch': False, 'skuAltImages': [{'imgId': 'DP0903202407185330M.tif', 'colorSeq': 0}, {'imgId': 'DP0903202407185026M.tif', 'colorSeq': 1}, {'imgId': 'DP0903202407184416M.tif', 'colorSeq': 2}]}, {'colorName': 'Dark Slate Grey', 'swatchImageId': 'DP0903202407184924S.tif', 'colorizedImageId': 'DP0903202407184721M.tif', 'colorSeqNum': 3, 'skuId': '79108590034', 'defaultSwatch': False, 'skuAltImages': [{'imgId': 'DP0903202407185432M.tif', 'colorSeq': 0}, {'imgId': 'DP0903202407185127M.tif', 'colorSeq': 1}, {'imgId': 'DP0903202407184517M.tif', 'colorSeq': 2}]}]",/p/safavieh-oakley-collection-weather-resistant-coffee-table/ppr5008090576?pTmplType=regular&searchTerm=patio+and+outdoor+furniture&geoZip=55057,"[{'message': 'Online Only', 'icon': 'mouse'}, {'message': 'Available for Shipping', 'icon': 'check'}]",False,791,True,432.0,432.0,GIFTWRAP,False,False,2021-12-10T17:05:45,DP0302202115031035M.tif,DP0302202115031058M.tif,,,https://www.jcpenney.com/p/safavieh-oakley-collection-weather-resistant-coffee-table/ppr5008090576?pTmplType=regular&searchTerm=patio+and+outdoor+furniture&geoZip=55057,20251225,patio and outdoor furniture
Yukon Weather Resistant Side Table,ppr5008431413,,,300.0,300.0,300.0,300.0,ORIGINAL,False,False,available online only,False,False,original,False,True,"['Included: 1 Table(s)', 'Features: Weather Resistant', 'Manufacturer Warranty: 90 Days Limited', 'Shape: Circle', 'Tools Required: Screws (included), Allen Wrench (included)']",0.0,0.0,ORIGINAL,False,False,79129900018,USD,more brands,"[{'colorName': 'Brown', 'swatchImageId': 'DP0212202407450349S.tif', 'colorizedImageId': 'DP0212202407450040M.tif', 'colorSeqNum': 1, 'skuId': '79129900018', 'defaultSwatch': False, 'skuAltImages': [{'imgId': 'DP0212202407450143M.tif', 'colorSeq': 0}, {'imgId': 'DP0212202407450246M.tif', 'colorSeq': 2}, {'imgId': 'DP0212202407450452M.tif', 'colorSeq': 3}]}]",/p/yukon-weather-resistant-side-table/ppr5008431413?pTmplType=regular&searchTerm=patio+and+outdoor+furniture&geoZip=55057,"[{'message': 'Online Only', 'icon': 'mouse'}, {'message': 'Available for Shipping', 'icon': 'check'}]",False,791,True,270.0,270.0,GIFTWRAP,False,False,2024-02-12T22:05:47,DP0212202407450040M.tif,DP0212202407450143M.tif,,,https://www.jcpenney.com/p/yukon-weather-resistant-side-table/ppr5008431413?pTmplType=regular&searchTerm=patio+and+outdoor+furniture&geoZip=55057,20251225,patio and outdoor furniture
Brooklyn Side Table,ppr5008297261,,,200.0,200.0,200.0,200.0,ORIGINAL,False,False,available online only,False,False,original,False,True,"['Features: 4 Legs', 'Manufacturer Warranty: 90 Days', 'Shape: Round', 'Tools Required: Screws (included), Allen Wrench (included)', 'Maximum Weight Limit: 30 Lbs']",0.0,0.0,ORIGINAL,False,False,79120790018,USD,more brands,"[{'colorName': 'Teak Finish', 'swatchImageId': 'DP1010202207510272S.tif', 'colorizedImageId': 'DP1010202207510066M.tif', 'colorSeqNum': 1, 'skuId': '79120790018', 'defaultSwatch': False, 'skuAltImages': [{'imgId': 'DP1010202207510375M.tif', 'colorSeq': 0}, {'imgId': 'DP1010202207510478M.tif', 'colorSeq': 1}, {'imgId': 'DP1010202207510581M.tif', 'colorSeq': 2}]}]",/p/brooklyn-side-table/ppr5008297261?pTmplType=regular&searchTerm=patio+and+outdoor+furniture&geoZip=55057,"[{'message': 'Online Only', 'icon': 'mouse'}, {'message': 'Available for Shipping', 'icon': 'check'}]",False,791,True,180.0,180.0,GIFTWRAP,False,False,2022-11-14T13:03:58,DP1010202207510066M.tif,DP1010202207510375M.tif,,,https://www.jcpenney.com/p/brooklyn-side-table/ppr5008297261?pTmplType=regular&searchTerm=patio+and+outdoor+furniture&geoZip=55057,20251225,patio and outdoor furniture
Zurcher Glass Top Weather Resistant Side Table,ppr5008234215,,,500.0,500.0,500.0,500.0,ORIGINAL,False,False,available online only,False,False,original,False,True,"['Included: 1 Chairside Table(s)', 'Features: Waterproof, Outdoor, 4 Legs, Quick Ship, Glass Top, Weather Resistant', 'Joinery: Cam And Bolt Lock', 'Manufacturer Warranty: 1 Year', 'Shape: Round']",0.0,0.0,ORIGINAL,False,False,79115580018,USD,more brands,"[{'colorName': 'Gray', 'swatchImageId': 'DP1120202307374104S.tif', 'colorizedImageId': 'DP0418202209021222M.tif', 'colorSeqNum': 1, 'skuId': '79115580018', 'defaultSwatch': False}]",/p/zurcher-glass-top-weather-resistant-side-table/ppr5008234215?pTmplType=regular&searchTerm=patio+and+outdoor+furniture&geoZip=55057,"[{'message': 'Online Only', 'icon': 'mouse'}, {'message': 'Available for Shipping', 'icon': 'check'}]",False,791,True,450.0,450.0,GIFTWRAP,False,False,2023-10-26T07:07:22,DP0418202209021222M.tif,,"[{'name': 'Few Left', 'priority': 1, 'urlParam': 'fewleft'}]",,https://www.jcpenney.com/p/zurcher-glass-top-weather-resistant-side-table/ppr5008234215?pTmplType=regular&searchTerm=patio+and+outdoor+furniture&geoZip=55057,20251225,patio and outdoor furniture
Babette Patio Collection Console Table,ppr5008094586,,,1300.0,1300.0,1300.0,1300.0,ORIGINAL,False,False,available online only,False,False,original,False,True,"['Included: 1 Table(s)', 'Features: Weather Resistant, Quick Ship', 'Joinery: Screwed', 'Shape: Rectangle', 'Tools Required: Allen Wrench (included), Screws (included)']",0.0,0.0,ORIGINAL,False,False,79109820018,USD,safavieh,"[{'colorName': 'Dark Grey', 'swatchImageId': 'DP0311202113020382S.tif', 'colorizedImageId': 'DP0311202113020378M.tif', 'colorSeqNum': 1, 'skuId': '79109820018', 'defaultSwatch': False, 'skuAltImages': [{'imgId': 'DP0311202113020394M.tif', 'colorSeq': 0}, {'imgId': 'DP0311202113020398M.tif', 'colorSeq': 1}, {'imgId': 'DP0311202113020389M.tif', 'colorSeq': 2}]}]",/p/babette-patio-collection-console-table/ppr5008094586?pTmplType=regular&searchTerm=patio+and+outdoor+furniture&geoZip=55057,"[{'message': 'Online Only', 'icon': 'mouse'}, {'message': 'Available for Shipping', 'icon': 'check'}]",False,791,True,975.0,975.0,RECLINER,False,False,2021-03-11T22:03:12,DP0311202113020378M.tif,DP0311202113020394M.tif,,,https://www.jcpenney.com/p/babette-patio-collection-console-table/ppr5008094586?pTmplType=regular&searchTerm=patio+and+outdoor+furniture&geoZip=55057,20251225,patio and outdoor furniture
Corliving Parksville Patio Collection Rocking Chair,ppr5008089832,5.0,1.0,650.0,650.0,650.0,650.0,ORIGINAL,False,False,available online only,False,False,original,False,True,"['Included: 1 Chair(s), 1 Seat Cushion(s), 1 Seat Back Cushion(s)', 'Features: Water Resistant, Quick Ship, Rocking', 'Joinery: Nailed', 'Seating Capacity: 1', 'Tools Required: Allen Wrench (included), Screws (included)']",0.0,0.0,ORIGINAL,False,False,79108260026,USD,more brands,"[{'colorName': 'Ash Gray', 'swatchImageId': 'DP0225202115010836S.tif', 'colorizedImageId': 'DP0225202115010773M.tif', 'colorSeqNum': 1, 'skuId': '79108260026', 'defaultSwatch': False, 'skuAltImages': [{'imgId': 'DP0225202115010829M.tif', 'colorSeq': 0}, {'imgId': 'DP0225202115010821M.tif', 'colorSeq': 1}, {'imgId': 'DP0225202115010814M.tif', 'colorSeq': 2}]}]",/p/corliving-parksville-patio-collection-rocking-chair/ppr5008089832?pTmplType=regular&searchTerm=patio+and+outdoor+furniture&geoZip=55057,"[{'message': 'Online Only', 'icon': 'mouse'}, {'message': 'Available for Shipping', 'icon': 'check'}]",False,791,True,585.0,585.0,GIFTWRAP,False,False,2021-02-25T22:04:28,DP0225202115010773M.tif,DP0225202115010829M.tif,,,https://www.jcpenney.com/p/corliving-parksville-patio-collection-rocking-chair/ppr5008089832?pTmplType=regular&searchTerm=patio+and+outdoor+furniture&geoZip=55057,20251225,patio and outdoor furniture
Signature Design by Ashley® Visola Patio Sofa,ppr5008244955,5.0,7.0,2800.0,2800.0,2800.0,2800.0,ORIGINAL,False,False,available online only,False,False,original,False,True,"['Included: 1 Sofa(s), 2 Throw Pillow(s), 3 Seat Cushion(s)', 'Features: Water Resistant, Upholstered', 'Joinery: Screwed, Butt Joint', 'Manufacturer Warranty: 1 Year Parts Limited', 'Seating Capacity: 3']",0.0,0.0,ORIGINAL,True,False,79118280018,USD,signature design by ashley,"[{'colorName': 'Gray', 'swatchImageId': 'DP0614202211170326S.tif', 'colorizedImageId': 'DP0614202211170018M.tif', 'colorSeqNum': 1, 'skuId': '79118280018', 'defaultSwatch': False, 'skuAltImages': [{'imgId': 'DP0614202211170121M.tif', 'colorSeq': 0}, {'imgId': 'DP0614202211170222M.tif', 'colorSeq': 1}, {'imgId': 'DP0614202211165812M.tif', 'colorSeq': 2}]}]",/p/signature-design-by-ashley-visola-patio-sofa/ppr5008244955?pTmplType=regular&searchTerm=patio+and+outdoor+furniture&geoZip=55057,"[{'message': 'Online Only', 'icon': 'mouse'}, {'message': 'Available for Shipping', 'icon': 'check'}]",False,791,True,2100.0,2100.0,RECLINER,False,False,2022-06-14T22:06:00,DP0614202211170018M.tif,DP0614202211170121M.tif,,"[{'name': 'Shop the Collection', 'priority': 1, 'urlParam': 'collection'}]",https://www.jcpenney.com/p/signature-design-by-ashley-visola-patio-sofa/ppr5008244955?pTmplType=regular&searchTerm=patio+and+outdoor+furniture&geoZip=55057,20251225,patio and outdoor furniture
Sunnydaze Modern Coffee Table,ppr5008249462,4.2,5.0,280.0,280.0,280.0,280.0,ORIGINAL,False,False,available online only,False,False,original,False,True,"['Included: 1 Coffee Table(s)', 'Features: Quick Ship', 'Manufacturer Warranty: 1 Year', 'Shape: Rectangle', 'Tools Required: Allen Wrench (included)']",0.0,0.0,ORIGINAL,False,False,79117480018,USD,more brands,"[{'colorName': 'Brown', 'swatchImageId': 'DP0601202308141831S.tif', 'colorizedImageId': 'DP1022202517062501M.tif', 'colorSeqNum': 1, 'skuId': '79117480018', 'defaultSwatch': False, 'skuAltImages': [{'imgId': 'DP1022202517062814M.tif', 'colorSeq': 0}, {'imgId': 'DP1022202517062710M.tif', 'colorSeq': 1}, {'imgId': 'DP1022202517062605M.tif', 'colorSeq': 2}]}]",/p/sunnydaze-modern-coffee-table/ppr5008249462?pTmplType=regular&searchTerm=patio+and+outdoor+furniture&geoZip=55057,"[{'message': 'Online Only', 'icon': 'mouse'}, {'message': 'Available for Shipping', 'icon': 'check'}]",False,791,True,252.0,252.0,GIFTWRAP,False,False,2022-06-24T17:05:45,DP1022202517062501M.tif,DP1022202517062814M.tif,,,https://www.jcpenney.com/p/sunnydaze-modern-coffee-table/ppr5008249462?pTmplType=regular&searchTerm=patio+and+outdoor+furniture&geoZip=55057,20251225,patio and outdoor furniture
Kinzie Patio Daybed,ppr5008376214,,,1880.0,1880.0,1880.0,1880.0,ORIGINAL,False,False,available online only,False,False,original,False,True,"['Features: Upholstered', 'Manufacturer Warranty: 90 Days Limited', 'Seating Capacity: 2', 'Tools Required: Screws (included), Allen Wrench (included)', 'Chair Measurements: 78.75 Width/Inches, 78.75 Height/Inches, 51.25 Depth/Inches']",0.0,0.0,ORIGINAL,False,False,79126560018,USD,more brands,"[{'colorName': 'Teak Cream', 'swatchImageId': 'DP0705202307091224S.tif', 'colorizedImageId': 'DP0705202307090914M.tif', 'colorSeqNum': 1, 'skuId': '79126560018', 'defaultSwatch': False, 'skuAltImages': [{'imgId': 'DP0705202307091017M.tif', 'colorSeq': 0}, {'imgId': 'DP0705202307091120M.tif', 'colorSeq': 1}, {'imgId': 'DP0705202307090708M.tif', 'colorSeq': 2}]}]",/p/kinzie-patio-daybed/ppr5008376214?pTmplType=regular&searchTerm=patio+and+outdoor+furniture&geoZip=55057,"[{'message': 'Online Only', 'icon': 'mouse'}, {'message': 'Available for Shipping', 'icon': 'check'}]",False,791,True,1410.0,1410.0,RECLINER,False,False,2023-07-14T19:04:39,DP0705202307090914M.tif,DP0705202307091017M.tif,,,https://www.jcpenney.com/p/kinzie-patio-daybed/ppr5008376214?pTmplType=regular&searchTerm=patio+and+outdoor+furniture&geoZip=55057,20251225,patio and outdoor furniture
Mozaic Company Sunbrella Egg Chair Cushion Patio Seat,ppr5008320231,,,134.99,153.99,225.0,258.0,SALE,False,False,available online only,False,False,original,False,True,"['Features: Stain Resistant, Weather Resistant, Tufted', 'Chair Fastening: String Ties', 'Use: Outdoor', 'Seat Cushion Measurements: 4 Height/Inches, 44 Depth/Inches, 27 Width/Inches', 'Base Material: 100% Acrylic']",0.0,0.0,SALE,False,False,62730480018,USD,more brands,"[{'colorName': 'Canvas Granite', 'swatchImageId': 'DP0110202307212866S.tif', 'colorizedImageId': 'DP0110202307212755M.tif', 'colorSeqNum': 1, 'skuId': '62730480018', 'defaultSwatch': False, 'skuAltImages': [{'imgId': 'DP0110202307213288M.tif', 'colorSeq': 0}, {'imgId': 'DP0110202307213184M.tif', 'colorSeq': 1}, {'imgId': 'DP0110202307213081M.tif', 'colorSeq': 2}]}, {'colorName': 'Spectrum Denim', 'swatchImageId': 'DP0110202307185308S.tif', 'colorizedImageId': 'DP0110202307185205M.tif', 'colorSeqNum': 2, 'skuId': '62730020026', 'defaultSwatch': False, 'skuAltImages': [{'imgId': 'DP0110202307185618M.tif', 'colorSeq': 0}, {'imgId': 'DP0110202307185515M.tif', 'colorSeq': 1}, {'imgId': 'DP0110202307185412M.tif', 'colorSeq': 2}]}, {'colorName': 'Canvas Taupe', 'swatchImageId': 'DP0110202307181711S.tif', 'colorizedImageId': 'DP0110202307181608M.tif', 'colorSeqNum': 3, 'skuId': '62720410018', 'defaultSwatch': False, 'skuAltImages': [{'imgId': 'DP0110202307182019M.tif', 'colorSeq': 0}, {'imgId': 'DP0110202307181915M.tif', 'colorSeq': 1}, {'imgId': 'DP0110202307181813M.tif', 'colorSeq': 2}]}, {'colorName': 'Canvas Rust', 'swatchImageId': 'DP0110202307183148S.tif', 'colorizedImageId': 'DP0110202307183046M.tif', 'colorSeqNum': 4, 'skuId': '62724800075', 'defaultSwatch': False, 'skuAltImages': [{'imgId': 'DP0110202307183458M.tif', 'colorSeq': 0}, {'imgId': 'DP0110202307183354M.tif', 'colorSeq': 1}, {'imgId': 'DP0110202307183251M.tif', 'colorSeq': 2}]}, {'colorName': 'Canvas Hot Pk', 'swatchImageId': 'DP0110202307183869S.tif', 'colorizedImageId': 'DP0110202307183766M.tif', 'colorSeqNum': 5, 'skuId': '62729800018', 'defaultSwatch': False, 'skuAltImages': [{'imgId': 'DP0110202307184177M.tif', 'colorSeq': 0}, {'imgId': 'DP0110202307184075M.tif', 'colorSeq': 1}, {'imgId': 'DP0110202307183972M.tif', 'colorSeq': 2}]}, {'colorName': 'Dupione Sand', 'swatchImageId': 'DP0110202307213597S.tif', 'colorizedImageId': 'DP0110202307213493M.tif', 'colorSeqNum': 6, 'skuId': '62730490018', 'defaultSwatch': False, 'skuAltImages': [{'imgId': 'DP0110202307214009M.tif', 'colorSeq': 0}, {'imgId': 'DP0110202307213906M.tif', 'colorSeq': 1}, {'imgId': 'DP0110202307213803M.tif', 'colorSeq': 2}]}, {'colorName': 'Canvas Natural', 'swatchImageId': 'DP0110202307180988S.tif', 'colorizedImageId': 'DP0110202307180885M.tif', 'colorSeqNum': 7, 'skuId': '62720320026', 'defaultSwatch': False, 'skuAltImages': [{'imgId': 'DP0110202307181296M.tif', 'colorSeq': 0}, {'imgId': 'DP0110202307181193M.tif', 'colorSeq': 1}, {'imgId': 'DP0110202307181091M.tif', 'colorSeq': 2}]}, {'colorName': 'Canvas Spa', 'swatchImageId': 'DP0110202307182429S.tif', 'colorizedImageId': 'DP0110202307182327M.tif', 'colorSeqNum': 8, 'skuId': '62720420018', 'defaultSwatch': False, 'skuAltImages': [{'imgId': 'DP0110202307182737M.tif', 'colorSeq': 0}, {'imgId': 'DP0110202307182634M.tif', 'colorSeq': 1}, {'imgId': 'DP0110202307182532M.tif', 'colorSeq': 2}]}, {'colorName': 'Cast Silver', 'swatchImageId': 'DP0110202307184589S.tif', 'colorizedImageId': 'DP0110202307184486M.tif', 'colorSeqNum': 9, 'skuId': '62730000018', 'defaultSwatch': False, 'skuAltImages': [{'imgId': 'DP0110202307184899M.tif', 'colorSeq': 0}, {'imgId': 'DP0110202307184796M.tif', 'colorSeq': 1}, {'imgId': 'DP0110202307184693M.tif', 'colorSeq': 2}]}]",/p/mozaic-company-sunbrella-egg-chair-cushion-patio-seat/ppr5008320231?pTmplType=regular&searchTerm=patio+and+outdoor+furniture&geoZip=55057&selectedSKUId=62730480018,"[{'message': 'Online Only', 'icon': 'mouse'}, {'message': 'Available for Shipping', 'icon': 'check'}]",False,627,True,138.59,121.49,YULETIDE,False,True,2023-01-27T15:03:58,DP0110202307212755M.tif,DP0110202307213288M.tif,,,https://www.jcpenney.com/p/mozaic-company-sunbrella-egg-chair-cushion-patio-seat/ppr5008320231?pTmplType=regular&searchTerm=patio+and+outdoor+furniture&geoZip=55057&selectedSKUId=62730480018,20251225,patio and outdoor furniture
Mozaic Company Sunbrella Tufted Bench Cushion,ppr5008321355,,,99.99,134.99,167.0,225.0,SALE,False,False,available online only,False,False,original,False,True,"['Features: Weather Resistant, Tufted, Stain Resistant', 'Finishing Feature: Knife-Edge', 'Use: Outdoor', 'Seat Cushion Measurements: 19 Width/Inches, 60 Depth/Inches, 3 Height/Inches', 'Base Material: 100% Acrylic']",0.0,0.0,SALE,False,False,62738030026,USD,more brands,"[{'colorName': 'Canvas Granite', 'swatchImageId': 'DP0110202307342714S.tif', 'colorizedImageId': 'DP0110202307342610M.tif', 'colorSeqNum': 1, 'skuId': '62739200026', 'defaultSwatch': False, 'skuAltImages': [{'imgId': 'DP0110202307343024M.tif', 'colorSeq': 0}, {'imgId': 'DP0110202307342919M.tif', 'colorSeq': 1}, {'imgId': 'DP0110202307342816M.tif', 'colorSeq': 2}]}, {'colorName': 'Canvas Navy', 'swatchImageId': 'DP0110202307344667S.tif', 'colorizedImageId': 'DP0110202307344564M.tif', 'colorSeqNum': 2, 'skuId': '62740170026', 'defaultSwatch': False, 'skuAltImages': [{'imgId': 'DP0110202307344976M.tif', 'colorSeq': 0}, {'imgId': 'DP0110202307344873M.tif', 'colorSeq': 1}, {'imgId': 'DP0110202307344770M.tif', 'colorSeq': 2}]}, {'colorName': 'Canvas Melon', 'swatchImageId': 'DP0110202307340761S.tif', 'colorizedImageId': 'DP0110202307340658M.tif', 'colorSeqNum': 3, 'skuId': '62738030026', 'defaultSwatch': False, 'skuAltImages': [{'imgId': 'DP0110202307341070M.tif', 'colorSeq': 0}, {'imgId': 'DP0110202307340967M.tif', 'colorSeq': 1}, {'imgId': 'DP0110202307340864M.tif', 'colorSeq': 2}]}, {'colorName': 'Canvas Natural', 'swatchImageId': 'DP0110202307334082S.tif', 'colorizedImageId': 'DP0110202307333980M.tif', 'colorSeqNum': 4, 'skuId': '62736220026', 'defaultSwatch': False, 'skuAltImages': [{'imgId': 'DP0110202307334391M.tif', 'colorSeq': 0}, {'imgId': 'DP0110202307334289M.tif', 'colorSeq': 1}, {'imgId': 'DP0110202307334185M.tif', 'colorSeq': 2}]}, {'colorName': 'Cabana Classic', 'swatchImageId': 'DP0110202307333362S.tif', 'colorizedImageId': 'DP0110202307333260M.tif', 'colorSeqNum': 5, 'skuId': '62736210026', 'defaultSwatch': False, 'skuAltImages': [{'imgId': 'DP0110202307333671M.tif', 'colorSeq': 0}, {'imgId': 'DP0110202307333568M.tif', 'colorSeq': 1}, {'imgId': 'DP0110202307333464M.tif', 'colorSeq': 2}]}]",/p/mozaic-company-sunbrella-tufted-bench-cushion/ppr5008321355?pTmplType=regular&searchTerm=patio+and+outdoor+furniture&geoZip=55057,"[{'message': 'Online Only', 'icon': 'mouse'}, {'message': 'Available for Shipping', 'icon': 'check'}]",False,627,True,121.49,89.99,YULETIDE,False,False,2023-01-27T15:03:59,DP0110202307342610M.tif,DP0110202307343024M.tif,,,https://www.jcpenney.com/p/mozaic-company-sunbrella-tufted-bench-cushion/ppr5008321355?pTmplType=regular&searchTerm=patio+and+outdoor+furniture&geoZip=55057,20251225,patio and outdoor furniture
Mozaic Company Deep Seating Pillow And Set Patio Chair Cushion - Canvas Spa,ppr5008340898,,,209.99,209.99,350.0,350.0,SALE,False,False,available online only,False,False,original,False,True,"['# Pieces In Set: 2', 'Features: Water Resistant, Weather Resistant, Stain Resistant', 'Use: Outdoor', 'Back Cushion Measurements: 27 Width/Inches, 22 Depth/Inches, 5 Height/Inches', 'Seat Cushion Measurements: 23 Width/Inches, 25 Depth/Inches, 5 Height/Inches']",0.0,0.0,SALE,False,False,62730120026,USD,more brands,"[{'colorName': 'Canvas Spa', 'swatchImageId': 'DP0110202307194250S.tif', 'colorizedImageId': 'DP0110202307194147M.tif', 'colorSeqNum': 1, 'skuId': '62730120026', 'defaultSwatch': False, 'skuAltImages': [{'imgId': 'DP0110202307194559M.tif', 'colorSeq': 0}, {'imgId': 'DP0110202307194456M.tif', 'colorSeq': 1}, {'imgId': 'DP0110202307194353M.tif', 'colorSeq': 2}]}]",/p/mozaic-company-deep-seating-pillow-and-set-patio-chair-cushion-canvas-spa/ppr5008340898?pTmplType=regular&searchTerm=patio+and+outdoor+furniture&geoZip=55057,"[{'message': 'Online Only', 'icon': 'mouse'}, {'message': 'Available for Shipping', 'icon': 'check'}]",False,627,True,188.99,188.99,YULETIDE,False,False,2023-03-07T04:40:46,DP0110202307194147M.tif,DP0110202307194559M.tif,,,https://www.jcpenney.com/p/mozaic-company-deep-seating-pillow-and-set-patio-chair-cushion-canvas-spa/ppr5008340898?pTmplType=regular&searchTerm=patio+and+outdoor+furniture&geoZip=55057,20251225,patio and outdoor furniture
Mirage 4-pc. Dining Chair,ppr5008333947,,,1505.0,1505.0,1505.0,1505.0,ORIGINAL,False,False,available online only,False,False,original,False,True,"['# Pieces In Set: 4', 'Included: 4 Chair(s)', 'Features: Stackable, Quick Ship', 'Manufacturer Warranty: 90 Days Limited', 'Seating Capacity: 4']",0.0,0.0,ORIGINAL,False,False,79121790018,USD,more brands,"[{'colorName': 'Brown', 'swatchImageId': 'DP0223202307235990S.tif', 'colorizedImageId': 'DP0223202307235366M.tif', 'colorSeqNum': 1, 'skuId': '79121790018', 'defaultSwatch': False, 'skuAltImages': [{'imgId': 'DP0223202307235573M.tif', 'colorSeq': 0}, {'imgId': 'DP0223202307235677M.tif', 'colorSeq': 1}, {'imgId': 'DP0223202307235160M.tif', 'colorSeq': 2}]}]",/p/mirage-4-pc-dining-chair/ppr5008333947?pTmplType=regular&searchTerm=patio+and+outdoor+furniture&geoZip=55057,"[{'message': 'Online Only', 'icon': 'mouse'}, {'message': 'Available for Shipping', 'icon': 'check'}]",False,791,True,1128.75,1128.75,RECLINER,False,False,2023-02-23T22:03:32,DP0223202307235366M.tif,DP0223202307235573M.tif,"[{'name': 'Few Left', 'priority': 1, 'urlParam': 'fewleft'}]",,https://www.jcpenney.com/p/mirage-4-pc-dining-chair/ppr5008333947?pTmplType=regular&searchTerm=patio+and+outdoor+furniture&geoZip=55057,20251225,patio and outdoor furniture
Safavieh Rendi Relax Chair With Pillow 2-pc. Lounge Chair,ppr5008081438,,,580.0,580.0,580.0,580.0,ORIGINAL,False,False,available online only,False,False,original,False,True,"['# Pieces In Set: 2', 'Included: 2 Chair(s)', 'Features: Quick Ship, Weather Resistant, Folding', 'Joinery: Screwed', 'Seating Capacity: 1']",0.0,0.0,ORIGINAL,False,False,79105040042,USD,safavieh,"[{'colorName': 'Natural Beige', 'swatchImageId': 'DP0209202115031111S.tif', 'colorizedImageId': 'DP0209202113021040M.tif', 'colorSeqNum': 1, 'skuId': '79105040026', 'defaultSwatch': False, 'skuAltImages': [{'imgId': 'DP0209202113021076M.tif', 'colorSeq': 0}, {'imgId': 'DP0209202113021065M.tif', 'colorSeq': 1}, {'imgId': 'DP0209202113021055M.tif', 'colorSeq': 2}]}, {'colorName': 'Natural Navy', 'swatchImageId': 'DP0903202411021412S.tif', 'colorizedImageId': 'DP0903202411021107M.tif', 'colorSeqNum': 3, 'skuId': '79105040042', 'defaultSwatch': False, 'skuAltImages': [{'imgId': 'DP0903202411021209M.tif', 'colorSeq': 0}, {'imgId': 'DP0903202411021310M.tif', 'colorSeq': 1}, {'imgId': 'DP0903202411021514M.tif', 'colorSeq': 2}]}]",/p/safavieh-rendi-relax-chair-with-pillow-2-pc-lounge-chair/ppr5008081438?pTmplType=regular&searchTerm=patio+and+outdoor+furniture&geoZip=55057,"[{'message': 'Online Only', 'icon': 'mouse'}, {'message': 'Available for Shipping', 'icon': 'check'}]",False,791,True,522.0,522.0,GIFTWRAP,False,False,2021-02-09T22:06:26,DP0209202113021040M.tif,DP0209202113021076M.tif,,,https://www.jcpenney.com/p/safavieh-rendi-relax-chair-with-pillow-2-pc-lounge-chair/ppr5008081438?pTmplType=regular&searchTerm=patio+and+outdoor+furniture&geoZip=55057,20251225,patio and outdoor furniture
Safavieh Rive Folding,ppr5008349101,,,390.0,390.0,390.0,390.0,ORIGINAL,False,False,available online only,False,False,original,False,True,"['Included: 1 Seat Cushion(s), 1 Seat Back Cushion(s), 1 Chair(s)', 'Features: Folding', 'Joinery: Screwed', 'Seating Capacity: 1', 'Tools Required: Screws (included)']",0.0,0.0,ORIGINAL,False,False,79123410018,USD,safavieh,"[{'colorName': 'White Wash Navy', 'swatchImageId': 'DP0405202309260113S.tif', 'colorizedImageId': 'DP0405202309255803M.tif', 'colorSeqNum': 1, 'skuId': '79123410018', 'defaultSwatch': False, 'skuAltImages': [{'imgId': 'DP0405202309255906M.tif', 'colorSeq': 0}, {'imgId': 'DP0405202309260009M.tif', 'colorSeq': 1}, {'imgId': 'DP0405202309260319M.tif', 'colorSeq': 2}]}]",/p/safavieh-rive-folding/ppr5008349101?pTmplType=regular&searchTerm=patio+and+outdoor+furniture&geoZip=55057,"[{'message': 'Online Only', 'icon': 'mouse'}, {'message': 'Available for Shipping', 'icon': 'check'}]",False,791,True,351.0,351.0,GIFTWRAP,False,False,2023-04-05T22:05:17,DP0405202309255803M.tif,DP0405202309255906M.tif,,,https://www.jcpenney.com/p/safavieh-rive-folding/ppr5008349101?pTmplType=regular&searchTerm=patio+and+outdoor+furniture&geoZip=55057,20251225,patio and outdoor furniture
Safavieh Willamy 3-pc. Rectangular Dining Set,ppr5008445653,,,1840.0,1840.0,1840.0,1840.0,ORIGINAL,False,False,available online only,False,False,original,False,True,"['# Pieces In Set: 3', 'Included: 2 Bench(es), 1 Table(s)', 'Features: Quick Ship, Armless, Backless', 'Joinery: Screwed', 'Seating Capacity: 4']",0.0,0.0,ORIGINAL,False,False,79130650018,USD,safavieh,"[{'colorName': 'Dark Gray', 'swatchImageId': 'DP0423202407110838S.tif', 'colorizedImageId': 'DP0423202407105816M.tif', 'colorSeqNum': 1, 'skuId': '79130650026', 'defaultSwatch': False, 'skuAltImages': [{'imgId': 'DP0423202407110123M.tif', 'colorSeq': 0}, {'imgId': 'DP0423202407110429M.tif', 'colorSeq': 1}, {'imgId': 'DP0423202407111653M.tif', 'colorSeq': 2}]}, {'colorName': 'Natural', 'swatchImageId': 'DP0423202407110939S.tif', 'colorizedImageId': 'DP0423202407105919M.tif', 'colorSeqNum': 2, 'skuId': '79130650018', 'defaultSwatch': False, 'skuAltImages': [{'imgId': 'DP0423202407110225M.tif', 'colorSeq': 0}, {'imgId': 'DP0423202407110531M.tif', 'colorSeq': 1}, {'imgId': 'DP0423202407111754M.tif', 'colorSeq': 2}]}, {'colorName': 'Ash Grey', 'swatchImageId': 'DP0423202407110737S.tif', 'colorizedImageId': 'DP0423202407105715M.tif', 'colorSeqNum': 3, 'skuId': '79130650034', 'defaultSwatch': False, 'skuAltImages': [{'imgId': 'DP0423202407110020M.tif', 'colorSeq': 0}, {'imgId': 'DP0423202407110327M.tif', 'colorSeq': 1}, {'imgId': 'DP0423202407111551M.tif', 'colorSeq': 2}]}]",/p/safavieh-willamy-3-pc-rectangular-dining-set/ppr5008445653?pTmplType=regular&searchTerm=patio+and+outdoor+furniture&geoZip=55057,"[{'message': 'Online Only', 'icon': 'mouse'}, {'message': 'Available for Shipping', 'icon': 'check'}]",False,791,True,1380.0,1380.0,RECLINER,False,False,2024-04-23T22:02:54,DP0423202407105816M.tif,DP0423202407110123M.tif,,,https://www.jcpenney.com/p/safavieh-willamy-3-pc-rectangular-dining-set/ppr5008445653?pTmplType=regular&searchTerm=patio+and+outdoor+furniture&geoZip=55057,20251225,patio and outdoor furniture
Safavieh Alton 3-pc. Bistro Set,ppr5008095963,,,960.0,960.0,960.0,960.0,ORIGINAL,False,False,available online only,False,False,original,False,True,"['# Pieces In Set: 3', 'Included: 2 Chair(s), 2 Seat Cushion(s), 1 Table(s)', 'Features: Quick Ship, Weather Resistant, Glass Top, Removable Cushions', 'Joinery: Screwed, Nailed, Welded Joint', 'Seating Capacity: 2']",0.0,0.0,ORIGINAL,False,False,79110950026,USD,safavieh,"[{'colorName': 'Light Brown White', 'swatchImageId': 'DP0317202107031458S.tif', 'colorizedImageId': 'DP0317202107031444M.tif', 'colorSeqNum': 1, 'skuId': '79110950018', 'defaultSwatch': False, 'skuAltImages': [{'imgId': 'DP0316202107031480M.tif', 'colorSeq': 0}, {'imgId': 'DP0316202107031492M.tif', 'colorSeq': 5}, {'imgId': 'DP0316202107031462M.tif', 'colorSeq': 6}]}, {'colorName': 'Light Brown Navy', 'swatchImageId': 'DP0317202107031454S.tif', 'colorizedImageId': 'DP0317202107031440M.tif', 'colorSeqNum': 2, 'skuId': '79110950026', 'defaultSwatch': False, 'skuAltImages': [{'imgId': 'DP0316202107031469M.tif', 'colorSeq': 0}, {'imgId': 'DP0316202107031488M.tif', 'colorSeq': 5}, {'imgId': 'DP0316202107031477M.tif', 'colorSeq': 6}]}, {'colorName': 'Light Brown Beige', 'swatchImageId': 'DP0317202107031449S.tif', 'colorizedImageId': 'DP0317202107031435M.tif', 'colorSeqNum': 3, 'skuId': '79110950034', 'defaultSwatch': False, 'skuAltImages': [{'imgId': 'DP0316202107031465M.tif', 'colorSeq': 0}, {'imgId': 'DP0316202107031484M.tif', 'colorSeq': 5}, {'imgId': 'DP0316202107031473M.tif', 'colorSeq': 6}]}]",/p/safavieh-alton-3-pc-bistro-set/ppr5008095963?pTmplType=regular&searchTerm=patio+and+outdoor+furniture&geoZip=55057,"[{'message': 'Online Only', 'icon': 'mouse'}, {'message': 'Available for Shipping', 'icon': 'check'}]",False,791,True,720.0,720.0,RECLINER,False,False,2021-03-16T22:02:46,DP0317202107031444M.tif,DP0316202107031480M.tif,,,https://www.jcpenney.com/p/safavieh-alton-3-pc-bistro-set/ppr5008095963?pTmplType=regular&searchTerm=patio+and+outdoor+furniture&geoZip=55057,20251225,patio and outdoor furniture
Caryl 2-pc. Bistro Set,ppr5008429889,,,1020.0,1020.0,1020.0,1020.0,ORIGINAL,False,False,available online only,False,False,original,False,True,"['# Pieces In Set: 2', 'Included: 2 Chair(s), 1 Table(s)', 'Features: Water Resistant, Uv Protection, Weather Resistant, Removable Cushions', 'Manufacturer Warranty: 90 Days Limited', 'Seating Capacity: 2']",0.0,0.0,ORIGINAL,False,False,79129210018,USD,more brands,"[{'colorName': 'Brown', 'swatchImageId': 'DP1001202409203026S.tif', 'colorizedImageId': 'DP1001202409202719M.tif', 'colorSeqNum': 1, 'skuId': '79129210018', 'defaultSwatch': False, 'skuAltImages': [{'imgId': 'DP1001202409202822M.tif', 'colorSeq': 0}, {'imgId': 'DP1001202409202515M.tif', 'colorSeq': 1}, {'imgId': 'DP1001202409203128M.tif', 'colorSeq': 2}]}]",/p/caryl-2-pc-bistro-set/ppr5008429889?pTmplType=regular&searchTerm=patio+and+outdoor+furniture&geoZip=55057,"[{'message': 'Online Only', 'icon': 'mouse'}, {'message': 'Available for Shipping', 'icon': 'check'}]",False,791,True,765.0,765.0,RECLINER,False,False,2024-10-01T22:06:27,DP1001202409202719M.tif,DP1001202409202822M.tif,,,https://www.jcpenney.com/p/caryl-2-pc-bistro-set/ppr5008429889?pTmplType=regular&searchTerm=patio+and+outdoor+furniture&geoZip=55057,20251225,patio and outdoor furniture
Modesta 2-pc. Lounge Set,ppr5008429784,,,1450.0,1450.0,1450.0,1450.0,ORIGINAL,False,False,available online only,False,False,original,False,True,"['# Pieces In Set: 2', 'Included: 2 Chair(s)', 'Features: Water Resistant, Weather Resistant, Adjustable', 'Manufacturer Warranty: 90 Days Limited', 'Seating Capacity: 2']",0.0,0.0,ORIGINAL,False,False,79129160018,USD,more brands,"[{'colorName': 'Gray', 'swatchImageId': 'DP1001202407195815S.tif', 'colorizedImageId': 'DP1001202407195409M.tif', 'colorSeqNum': 1, 'skuId': '79129160018', 'defaultSwatch': False, 'skuAltImages': [{'imgId': 'DP1001202407195511M.tif', 'colorSeq': 0}, {'imgId': 'DP1001202407195612M.tif', 'colorSeq': 1}, {'imgId': 'DP1016202407121437M.tif', 'colorSeq': 2}]}]",/p/modesta-2-pc-lounge-set/ppr5008429784?pTmplType=regular&searchTerm=patio+and+outdoor+furniture&geoZip=55057,"[{'message': 'Online Only', 'icon': 'mouse'}, {'message': 'Available for Shipping', 'icon': 'check'}]",False,791,True,1087.5,1087.5,RECLINER,False,False,2024-10-01T22:02:48,DP1001202407195409M.tif,DP1001202407195511M.tif,,,https://www.jcpenney.com/p/modesta-2-pc-lounge-set/ppr5008429784?pTmplType=regular&searchTerm=patio+and+outdoor+furniture&geoZip=55057,20251225,patio and outdoor furniture
Safavieh Arvin Patio Collection 5-pc. Weather Resistant Square Dining Set,ppr5008099350,,,1290.0,1290.0,1290.0,1290.0,ORIGINAL,False,False,available online only,False,False,original,False,True,"['# Pieces In Set: 5', 'Included: 1 Table(s), 4 Chair(s)', 'Features: Folding, Quick Ship, Weather Resistant', 'Joinery: Screwed, Glued, Nailed', 'Seating Capacity: 4']",0.0,0.0,ORIGINAL,False,False,79111700018,USD,safavieh,"[{'colorName': 'Black', 'swatchImageId': 'DP0324202115020981S.tif', 'colorizedImageId': 'DP0324202115020977M.tif', 'colorSeqNum': 1, 'skuId': '79111700018', 'defaultSwatch': False, 'skuAltImages': [{'imgId': 'DP0324202115020991M.tif', 'colorSeq': 0}, {'imgId': 'DP0324202115020986M.tif', 'colorSeq': 1}, {'imgId': 'DP0324202115020995M.tif', 'colorSeq': 2}]}]",/p/safavieh-arvin-patio-collection-5-pc-weather-resistant-square-dining-set/ppr5008099350?pTmplType=regular&searchTerm=patio+and+outdoor+furniture&geoZip=55057,"[{'message': 'Online Only', 'icon': 'mouse'}, {'message': 'Available for Shipping', 'icon': 'check'}]",False,791,True,967.5,967.5,RECLINER,False,False,2021-03-26T15:04:17,DP0324202115020977M.tif,DP0324202115020991M.tif,,,https://www.jcpenney.com/p/safavieh-arvin-patio-collection-5-pc-weather-resistant-square-dining-set/ppr5008099350?pTmplType=regular&searchTerm=patio+and+outdoor+furniture&geoZip=55057,20251225,patio and outdoor furniture
Liliac Iron Side Table,ppr5008431404,,,160.0,160.0,160.0,160.0,ORIGINAL,False,False,available online only,False,False,original,False,True,"['Included: 1 Table(s)', 'Features: Quick Ship', 'Manufacturer Warranty: 90 Days Limited', 'Shape: Round', 'Dining Height: Standard Height']",0.0,0.0,ORIGINAL,False,False,79129820018,USD,more brands,"[{'colorName': 'Teal', 'swatchImageId': 'DP0212202407435654S.tif', 'colorizedImageId': 'DP0221202407152076M.tif', 'colorSeqNum': 1, 'skuId': '79129820018', 'defaultSwatch': False, 'skuAltImages': [{'imgId': 'DP0212202407435551M.tif', 'colorSeq': 0}, {'imgId': 'DP0221202407151973M.tif', 'colorSeq': 1}, {'imgId': 'DP0212202407435964M.tif', 'colorSeq': 2}]}]",/p/liliac-iron-side-table/ppr5008431404?pTmplType=regular&searchTerm=patio+and+outdoor+furniture&geoZip=55057,"[{'message': 'Online Only', 'icon': 'mouse'}, {'message': 'Available for Shipping', 'icon': 'check'}]",False,791,True,144.0,144.0,GIFTWRAP,False,False,2024-02-12T22:05:45,DP0221202407152076M.tif,DP0212202407435551M.tif,,,https://www.jcpenney.com/p/liliac-iron-side-table/ppr5008431404?pTmplType=regular&searchTerm=patio+and+outdoor+furniture&geoZip=55057,20251225,patio and outdoor furniture
Cadeo Patio Collection Sofa,ppr5008090568,,,1390.0,1390.0,1390.0,1390.0,ORIGINAL,False,False,available online only,False,False,original,False,True,"['Included: 2 Seat Back Cushion(s), 2 Seat Cushion(s), 1 Sofa(s), 2 Throw Pillow(s)', 'Features: Reversible Cushions, Weather Resistant, Quick Ship', 'Joinery: Screwed, Welded Joint', 'Seating Capacity: 4', 'Tools Required: Screws (included), Allen Wrench (included)']",0.0,0.0,ORIGINAL,False,False,79108520059,USD,safavieh,"[{'colorName': 'Black Beige', 'swatchImageId': 'DP0526202107015394S.tif', 'colorizedImageId': 'DP0525202113005447M.tif', 'colorSeqNum': 1, 'skuId': '79108520018', 'defaultSwatch': False, 'skuAltImages': [{'imgId': 'DP0525202113005468M.tif', 'colorSeq': 0}, {'imgId': 'DP0525202113005464M.tif', 'colorSeq': 1}, {'imgId': 'DP0525202113005460M.tif', 'colorSeq': 2}]}, {'colorName': 'Grey', 'swatchImageId': 'DP0302202115030765S.tif', 'colorizedImageId': 'DP0302202115030757M.tif', 'colorSeqNum': 2, 'skuId': '79108520026', 'defaultSwatch': False, 'skuAltImages': [{'imgId': 'DP0302202115030799M.tif', 'colorSeq': 0}, {'imgId': 'DP0302202115030791M.tif', 'colorSeq': 1}, {'imgId': 'DP0302202115030783M.tif', 'colorSeq': 2}]}, {'colorName': 'Gray White', 'swatchImageId': 'DP0903202413031990S.tif', 'colorizedImageId': 'DP0903202413031075M.tif', 'colorSeqNum': 3, 'skuId': '79108520034', 'defaultSwatch': False, 'skuAltImages': [{'imgId': 'DP0903202413031380M.tif', 'colorSeq': 0}, {'imgId': 'DP0903202413031684M.tif', 'colorSeq': 1}, {'imgId': 'DP0903202413030769M.tif', 'colorSeq': 2}]}, {'colorName': 'Natural White', 'swatchImageId': 'DP0903202413032091S.tif', 'colorizedImageId': 'DP0903202413031176M.tif', 'colorSeqNum': 4, 'skuId': '79108520042', 'defaultSwatch': False, 'skuAltImages': [{'imgId': 'DP0903202413031481M.tif', 'colorSeq': 0}, {'imgId': 'DP0903202413031786M.tif', 'colorSeq': 1}, {'imgId': 'DP0903202413030871M.tif', 'colorSeq': 2}]}, {'colorName': 'Black Light Grey', 'swatchImageId': 'DP0903202413031888S.tif', 'colorizedImageId': 'DP0903202413030973M.tif', 'colorSeqNum': 5, 'skuId': '79108520059', 'defaultSwatch': False, 'skuAltImages': [{'imgId': 'DP0903202413031278M.tif', 'colorSeq': 0}, {'imgId': 'DP0903202413031583M.tif', 'colorSeq': 1}, {'imgId': 'DP0903202413030668M.tif', 'colorSeq': 2}]}]",/p/cadeo-patio-collection-sofa/ppr5008090568?pTmplType=regular&searchTerm=patio+and+outdoor+furniture&geoZip=55057,"[{'message': 'Online Only', 'icon': 'mouse'}, {'message': 'Available for Shipping', 'icon': 'check'}]",False,791,True,1042.5,1042.5,RECLINER,False,False,2021-03-02T22:04:27,DP0525202113005447M.tif,DP0525202113005468M.tif,,,https://www.jcpenney.com/p/cadeo-patio-collection-sofa/ppr5008090568?pTmplType=regular&searchTerm=patio+and+outdoor+furniture&geoZip=55057,20251225,patio and outdoor furniture
Julyvia Concrete Accent Table,ppr5008216354,,,470.0,470.0,470.0,470.0,ORIGINAL,False,False,available online only,False,False,original,False,True,"['Included: 1 Table(s)', 'Features: Quick Ship, Weather Resistant', 'Shape: Round', 'Maximum Weight Limit: 100 Lbs', 'Table Measurements: 15.75 Length/Inches, 15.75 Width/Inches, 18.11 Height/Inches']",0.0,0.0,ORIGINAL,False,False,79115120018,USD,safavieh,"[{'colorName': 'Dark Grey', 'swatchImageId': 'DP0209202207040163S.tif', 'colorizedImageId': 'DP0209202207040149M.tif', 'colorSeqNum': 1, 'skuId': '79115120018', 'defaultSwatch': False, 'skuAltImages': [{'imgId': 'DP0209202207040156M.tif', 'colorSeq': 0}, {'imgId': 'DP0209202207040172M.tif', 'colorSeq': 1}, {'imgId': 'DP0209202207040141M.tif', 'colorSeq': 2}]}, {'colorName': 'Black', 'swatchImageId': 'DP0209202207040257S.tif', 'colorizedImageId': 'DP0209202207040242M.tif', 'colorSeqNum': 2, 'skuId': '79115140018', 'defaultSwatch': False, 'skuAltImages': [{'imgId': 'DP0209202207040249M.tif', 'colorSeq': 0}, {'imgId': 'DP0209202207040265M.tif', 'colorSeq': 1}, {'imgId': 'DP0209202207040234M.tif', 'colorSeq': 2}]}]",/p/julyvia-concrete-accent-table/ppr5008216354?pTmplType=regular&searchTerm=patio+and+outdoor+furniture&geoZip=55057,"[{'message': 'Online Only', 'icon': 'mouse'}, {'message': 'Available for Shipping', 'icon': 'check'}]",False,791,True,423.0,423.0,GIFTWRAP,False,False,2022-02-09T22:03:23,DP0209202207040149M.tif,DP0209202207040156M.tif,,,https://www.jcpenney.com/p/julyvia-concrete-accent-table/ppr5008216354?pTmplType=regular&searchTerm=patio+and+outdoor+furniture&geoZip=55057,20251225,patio and outdoor furniture
Ottawa Weather Resistant Rattan Side Table,ppr5008431412,,,355.0,355.0,355.0,355.0,ORIGINAL,False,False,available online only,False,False,original,False,True,"['Included: 1 Table(s)', 'Features: Weather Resistant, Uv Protection, Rust Resistant', 'Manufacturer Warranty: 90 Days Limited', 'Seating Capacity: 2', 'Shape: Circle']",0.0,0.0,ORIGINAL,False,False,79129890018,USD,more brands,"[{'colorName': 'Light Brown', 'swatchImageId': 'DP0212202407445524S.tif', 'colorizedImageId': 'DP0221202407152793M.tif', 'colorSeqNum': 1, 'skuId': '79129890018', 'defaultSwatch': False, 'skuAltImages': [{'imgId': 'DP0221202407152897M.tif', 'colorSeq': 0}, {'imgId': 'DP0221202407153000M.tif', 'colorSeq': 2}, {'imgId': 'DP0212202407445421M.tif', 'colorSeq': 4}]}]",/p/ottawa-weather-resistant-rattan-side-table/ppr5008431412?pTmplType=regular&searchTerm=patio+and+outdoor+furniture&geoZip=55057,"[{'message': 'Online Only', 'icon': 'mouse'}, {'message': 'Available for Shipping', 'icon': 'check'}]",False,791,True,319.5,319.5,GIFTWRAP,False,False,2024-02-12T22:05:47,DP0221202407152793M.tif,DP0221202407152897M.tif,,,https://www.jcpenney.com/p/ottawa-weather-resistant-rattan-side-table/ppr5008431412?pTmplType=regular&searchTerm=patio+and+outdoor+furniture&geoZip=55057,20251225,patio and outdoor furniture
Selma Side Table,ppr5008367089,,,150.0,150.0,150.0,150.0,ORIGINAL,False,False,available online only,False,False,original,False,True,"['Included: 1 Table(s)', 'Features: Easy Clean, Easy Care', 'Manufacturer Warranty: 90 Days Limited', 'Shape: Rectangle', 'Tools Required: Screws (included), Allen Wrench (included)']",0.0,0.0,ORIGINAL,False,False,79125610018,USD,more brands,"[{'colorName': 'Teak', 'swatchImageId': 'DP1023202515142103S.tif', 'colorizedImageId': 'DP1023202515141998M.tif', 'colorSeqNum': 1, 'skuId': '79125610018', 'defaultSwatch': False, 'skuAltImages': [{'imgId': 'DP1023202515142519M.tif', 'colorSeq': 0}, {'imgId': 'DP1023202515142415M.tif', 'colorSeq': 1}, {'imgId': 'DP1023202515142207M.tif', 'colorSeq': 2}]}]",/p/selma-side-table/ppr5008367089?pTmplType=regular&searchTerm=patio+and+outdoor+furniture&geoZip=55057,"[{'message': 'Online Only', 'icon': 'mouse'}, {'message': 'Available for Shipping', 'icon': 'check'}]",False,791,True,135.0,135.0,GIFTWRAP,False,False,2025-10-23T22:05:43,DP1023202515141998M.tif,DP1023202515142519M.tif,"[{'name': 'NEW', 'priority': 1, 'urlParam': 'new'}]",,https://www.jcpenney.com/p/selma-side-table/ppr5008367089?pTmplType=regular&searchTerm=patio+and+outdoor+furniture&geoZip=55057,20251225,patio and outdoor furniture
Cape Coral Side Table,ppr5008297263,,,300.0,300.0,300.0,300.0,ORIGINAL,False,False,available online only,False,False,original,False,True,"['Features: 4 Legs', 'Manufacturer Warranty: 90 Days', 'Shape: Rectangle', 'Tools Required: Screws (included), Allen Wrench (included)', 'Maximum Weight Limit: 10 Lbs']",0.0,0.0,ORIGINAL,False,False,79120810018,USD,more brands,"[{'colorName': 'Silver', 'swatchImageId': 'DP1010202207512233S.tif', 'colorizedImageId': 'DP1010202207512027M.tif', 'colorSeqNum': 1, 'skuId': '79120810018', 'defaultSwatch': False, 'skuAltImages': [{'imgId': 'DP1010202207511821M.tif', 'colorSeq': 0}, {'imgId': 'DP1010202207512130M.tif', 'colorSeq': 1}, {'imgId': 'DP1010202207512542M.tif', 'colorSeq': 2}]}]",/p/cape-coral-side-table/ppr5008297263?pTmplType=regular&searchTerm=patio+and+outdoor+furniture&geoZip=55057,"[{'message': 'Online Only', 'icon': 'mouse'}, {'message': 'Available for Shipping', 'icon': 'check'}]",False,791,True,270.0,270.0,GIFTWRAP,False,False,2022-10-10T22:09:34,DP1010202207512027M.tif,DP1010202207511821M.tif,,,https://www.jcpenney.com/p/cape-coral-side-table/ppr5008297263?pTmplType=regular&searchTerm=patio+and+outdoor+furniture&geoZip=55057,20251225,patio and outdoor furniture
Safavieh Randor Outdoor And Patio Room Collection Weather Resistant Side Table,ppr5008216092,,,190.0,190.0,190.0,190.0,ORIGINAL,False,False,available online only,False,False,original,False,True,"['Included: 1 Table(s)', 'Features: Quick Ship, Weather Resistant', 'Joinery: Glued, Nailed, Screwed', 'Shape: Square', 'Tools Required: Allen Wrench (included), Screws (included)']",0.0,0.0,ORIGINAL,False,False,79114900018,USD,safavieh,"[{'colorName': 'Natural', 'swatchImageId': 'DP0209202207034784S.tif', 'colorizedImageId': 'DP0209202207034762M.tif', 'colorSeqNum': 1, 'skuId': '79114900018', 'defaultSwatch': False, 'skuAltImages': [{'imgId': 'DP0209202207034769M.tif', 'colorSeq': 0}, {'imgId': 'DP0209202207034776M.tif', 'colorSeq': 1}, {'imgId': 'DP0209202207034755M.tif', 'colorSeq': 2}]}]",/p/safavieh-randor-outdoor-and-patio-room-collection-weather-resistant-side-table/ppr5008216092?pTmplType=regular&searchTerm=patio+and+outdoor+furniture&geoZip=55057,"[{'message': 'Online Only', 'icon': 'mouse'}, {'message': 'Available for Shipping', 'icon': 'check'}]",False,791,True,171.0,171.0,GIFTWRAP,False,False,2022-02-09T22:03:18,DP0209202207034762M.tif,DP0209202207034769M.tif,,,https://www.jcpenney.com/p/safavieh-randor-outdoor-and-patio-room-collection-weather-resistant-side-table/ppr5008216092?pTmplType=regular&searchTerm=patio+and+outdoor+furniture&geoZip=55057,20251225,patio and outdoor furniture
Safavieh Charlen Patio Collection Weather Resistant Side Table,ppr5008094077,,,420.0,420.0,420.0,420.0,ORIGINAL,False,False,available online only,False,False,original,False,True,"['Included: 1 Table(s)', 'Features: Weather Resistant, Quick Ship', 'Joinery: Screwed, Glued, Nailed', 'Shape: Round', 'Maximum Weight Limit: 30 Lbs']",0.0,0.0,ORIGINAL,False,False,79109570018,USD,safavieh,"[{'colorName': 'Natural Grey', 'swatchImageId': 'DP0310202109020779S.tif', 'colorizedImageId': 'DP0310202109020771M.tif', 'colorSeqNum': 1, 'skuId': '79109570018', 'defaultSwatch': False, 'skuAltImages': [{'imgId': 'DP0310202109020793M.tif', 'colorSeq': 0}, {'imgId': 'DP0310202109020800M.tif', 'colorSeq': 1}, {'imgId': 'DP0310202109020808M.tif', 'colorSeq': 2}]}]",/p/safavieh-charlen-patio-collection-weather-resistant-side-table/ppr5008094077?pTmplType=regular&searchTerm=patio+and+outdoor+furniture&geoZip=55057,"[{'message': 'Online Only', 'icon': 'mouse'}, {'message': 'Available for Shipping', 'icon': 'check'}]",False,791,True,378.0,378.0,GIFTWRAP,False,False,2021-03-10T22:04:24,DP0310202109020771M.tif,DP0310202109020793M.tif,,,https://www.jcpenney.com/p/safavieh-charlen-patio-collection-weather-resistant-side-table/ppr5008094077?pTmplType=regular&searchTerm=patio+and+outdoor+furniture&geoZip=55057,20251225,patio and outdoor furniture
Signature Design by Ashley® Visola Collection Weather Resistant Patio Coffee Table,ppr5008092982,2.4,10.0,630.0,630.0,630.0,630.0,ORIGINAL,False,False,available online only,False,False,original,False,True,"['Included: 1 Table(s)', 'Features: Weather Resistant', 'Joinery: Screwed, Butt Joint, Nailed', 'Tools Required: Allen Wrench (included), Screws (included)', 'Weight (lb.): 46 Lb']",0.0,0.0,ORIGINAL,False,False,79108910018,USD,signature design by ashley,"[{'colorName': 'Gray', 'swatchImageId': 'DP0406202107021039S.tif', 'colorizedImageId': 'DP0406202107021014M.tif', 'colorSeqNum': 1, 'skuId': '79108910018', 'defaultSwatch': False, 'skuAltImages': [{'imgId': 'DP0406202107021045M.tif', 'colorSeq': 0}, {'imgId': 'DP0406202107021033M.tif', 'colorSeq': 1}, {'imgId': 'DP0406202107021026M.tif', 'colorSeq': 2}]}]",/p/signature-design-by-ashley-visola-collection-weather-resistant-patio-coffee-table/ppr5008092982?pTmplType=regular&searchTerm=patio+and+outdoor+furniture&geoZip=55057,"[{'message': 'Online Only', 'icon': 'mouse'}, {'message': 'Available for Shipping', 'icon': 'check'}]",False,791,True,567.0,567.0,GIFTWRAP,False,False,2021-04-06T22:03:48,DP0406202107021014M.tif,DP0406202107021045M.tif,,,https://www.jcpenney.com/p/signature-design-by-ashley-visola-collection-weather-resistant-patio-coffee-table/ppr5008092982?pTmplType=regular&searchTerm=patio+and+outdoor+furniture&geoZip=55057,20251225,patio and outdoor furniture
Aston 2-pc. Upholstered Club Chair,ppr5008376206,,,1080.0,1080.0,1080.0,1080.0,ORIGINAL,False,False,available online only,False,False,original,False,True,"['# Pieces In Set: 2', 'Included: 2 Chair(s)', 'Features: Upholstered', 'Manufacturer Warranty: 90 Days Limited', 'Seating Capacity: 2']",0.0,0.0,ORIGINAL,False,False,79126480018,USD,more brands,"[{'colorName': 'Teak Cream', 'swatchImageId': 'DP0705202307075175S.tif', 'colorizedImageId': 'DP0705202307074762M.tif', 'colorSeqNum': 1, 'skuId': '79126480018', 'defaultSwatch': False, 'skuAltImages': [{'imgId': 'DP0705202307074865M.tif', 'colorSeq': 0}, {'imgId': 'DP0705202307074968M.tif', 'colorSeq': 1}, {'imgId': 'DP0705202307074555M.tif', 'colorSeq': 2}]}]",/p/aston-2-pc-upholstered-club-chair/ppr5008376206?pTmplType=regular&searchTerm=patio+and+outdoor+furniture&geoZip=55057,"[{'message': 'Online Only', 'icon': 'mouse'}, {'message': 'Available for Shipping', 'icon': 'check'}]",False,791,True,810.0,810.0,RECLINER,False,False,2023-07-10T07:08:27,DP0705202307074762M.tif,DP0705202307074865M.tif,,,https://www.jcpenney.com/p/aston-2-pc-upholstered-club-chair/ppr5008376206?pTmplType=regular&searchTerm=patio+and+outdoor+furniture&geoZip=55057,20251225,patio and outdoor furniture
Signature Design by Ashley® Elite Park Removable Cushions Bench,ppr5008359904,,,1000.0,1000.0,1000.0,1000.0,ORIGINAL,False,False,available online only,False,False,original,False,True,"['Included: 1 Bench(es), 1 Seat Cushion(s)', 'Features: Quick Ship, Weather Resistant, Removable Cushions, Non-Toxic, Cushioned, Outdoor, Stain Resistant, Fade Resistant, Uv Protection, Rust Resistant', 'Seating Capacity: 2', 'Tools Required: Screws (included), Allen Wrench (included)', 'Measurements: 16.93 Depth/Inches, 17.13 Height/Inches, 53.94 Width/Inches']",0.0,0.0,ORIGINAL,False,False,79124110018,USD,signature design by ashley,"[{'colorName': 'Light Gray', 'swatchImageId': 'DP0524202307273424S.tif', 'colorizedImageId': 'DP0524202307273008M.tif', 'colorSeqNum': 1, 'skuId': '79124110018', 'defaultSwatch': False, 'skuAltImages': [{'imgId': 'DP0524202307273112M.tif', 'colorSeq': 0}, {'imgId': 'DP0524202307273216M.tif', 'colorSeq': 1}, {'imgId': 'DP0524202307273320M.tif', 'colorSeq': 2}]}]",/p/signature-design-by-ashley-elite-park-removable-cushions-bench/ppr5008359904?pTmplType=regular&searchTerm=patio+and+outdoor+furniture&geoZip=55057,"[{'message': 'Online Only', 'icon': 'mouse'}, {'message': 'Available for Shipping', 'icon': 'check'}]",False,791,True,750.0,750.0,RECLINER,False,False,2023-05-24T22:03:40,DP0524202307273008M.tif,DP0524202307273112M.tif,,,https://www.jcpenney.com/p/signature-design-by-ashley-elite-park-removable-cushions-bench/ppr5008359904?pTmplType=regular&searchTerm=patio+and+outdoor+furniture&geoZip=55057,20251225,patio and outdoor furniture
Creekside Collection Bench,ppr5008103979,,,443.0,443.0,443.0,443.0,ORIGINAL,False,False,available online only,False,False,original,False,True,"['Included: 1 Bench(es)', 'Features: Deep Seat, Quick Ship, Weather Resistant', 'Joinery: Screwed, Butt Joint', 'Manufacturer Warranty: 6 Month', 'Seating Capacity: 2']",0.0,0.0,ORIGINAL,False,False,79113060018,USD,more brands,"[{'colorName': 'Acorn', 'swatchImageId': 'DP0409202111032474S.tif', 'colorizedImageId': 'DP0414202113005573M.tif', 'colorSeqNum': 1, 'skuId': '79113060018', 'defaultSwatch': False, 'skuAltImages': [{'imgId': 'DP0414202113005579M.tif', 'colorSeq': 0}, {'imgId': 'DP0414202113005561M.tif', 'colorSeq': 1}, {'imgId': 'DP0414202113005586M.tif', 'colorSeq': 2}]}]",/p/creekside-collection-bench/ppr5008103979?pTmplType=regular&searchTerm=patio+and+outdoor+furniture&geoZip=55057,"[{'message': 'Online Only', 'icon': 'mouse'}, {'message': 'Available for Shipping', 'icon': 'check'}]",False,791,True,398.7,398.7,GIFTWRAP,False,False,2021-06-02T15:03:50,DP0414202113005573M.tif,DP0414202113005579M.tif,,,https://www.jcpenney.com/p/creekside-collection-bench/ppr5008103979?pTmplType=regular&searchTerm=patio+and+outdoor+furniture&geoZip=55057,20251225,patio and outdoor furniture
4-pc. Weather Resistant Side Table,ppr5008244792,4.25,4.0,250.0,250.0,250.0,250.0,ORIGINAL,False,False,available online only,False,False,original,False,True,"['# Pieces In Set: 4', 'Features: Quick Ship, Weather Resistant', 'Manufacturer Warranty: 1 Year', 'Shape: Square', 'Dining Height: Standard Height']",0.0,0.0,ORIGINAL,False,False,79118060026,USD,more brands,"[{'colorName': 'Brown', 'swatchImageId': 'DP1023202515104210S.tif', 'colorizedImageId': 'DP1023202515104001M.tif', 'colorSeqNum': 1, 'skuId': '79118060018', 'defaultSwatch': False, 'skuAltImages': [{'imgId': 'DP1023202515105251M.tif', 'colorSeq': 2}, {'imgId': 'DP1023202515105043M.tif', 'colorSeq': 3}, {'imgId': 'DP1023202515104836M.tif', 'colorSeq': 4}]}, {'colorName': 'Gray', 'swatchImageId': 'DP1023202515104314S.tif', 'colorizedImageId': 'DP1023202515104105M.tif', 'colorSeqNum': 2, 'skuId': '79118060026', 'defaultSwatch': False, 'skuAltImages': [{'imgId': 'DP1023202515105355M.tif', 'colorSeq': 2}, {'imgId': 'DP1023202515105148M.tif', 'colorSeq': 3}, {'imgId': 'DP1023202515104939M.tif', 'colorSeq': 4}]}]",/p/4-pc-weather-resistant-side-table/ppr5008244792?pTmplType=regular&searchTerm=patio+and+outdoor+furniture&geoZip=55057,"[{'message': 'Online Only', 'icon': 'mouse'}, {'message': 'Available for Shipping', 'icon': 'check'}]",False,791,True,225.0,225.0,GIFTWRAP,False,False,2022-05-24T15:05:01,DP1023202515104001M.tif,DP1023202515105251M.tif,,,https://www.jcpenney.com/p/4-pc-weather-resistant-side-table/ppr5008244792?pTmplType=regular&searchTerm=patio+and+outdoor+furniture&geoZip=55057,20251225,patio and outdoor furniture
Safavieh Samana Folding Rattan Side Table,ppr5008357160,,,600.0,600.0,600.0,600.0,ORIGINAL,False,False,available online only,False,False,original,False,True,"['Included: 1 Table(s)', 'Features: Folding, Quick Ship, Outdoor', 'Joinery: Screwed', 'Shape: Square', 'Tools Required: Screws (included)']",0.0,0.0,ORIGINAL,False,False,79123880018,USD,safavieh,"[{'colorName': 'Brown', 'swatchImageId': 'DP0508202309192078S.tif', 'colorizedImageId': 'DP0508202309191666M.tif', 'colorSeqNum': 1, 'skuId': '79123880018', 'defaultSwatch': False, 'skuAltImages': [{'imgId': 'DP0508202309191872M.tif', 'colorSeq': 0}, {'imgId': 'DP0508202309191460M.tif', 'colorSeq': 1}, {'imgId': 'DP0508202309192285M.tif', 'colorSeq': 2}]}, {'colorName': 'Grey', 'swatchImageId': 'DP0508202309192182S.tif', 'colorizedImageId': 'DP0508202309191769M.tif', 'colorSeqNum': 2, 'skuId': '79123880026', 'defaultSwatch': False, 'skuAltImages': [{'imgId': 'DP0508202309191975M.tif', 'colorSeq': 0}, {'imgId': 'DP0508202309192491M.tif', 'colorSeq': 1}, {'imgId': 'DP0508202309192388M.tif', 'colorSeq': 2}]}]",/p/safavieh-samana-folding-rattan-side-table/ppr5008357160?pTmplType=regular&searchTerm=patio+and+outdoor+furniture&geoZip=55057,"[{'message': 'Online Only', 'icon': 'mouse'}, {'message': 'Available for Shipping', 'icon': 'check'}]",False,791,True,540.0,540.0,GIFTWRAP,False,False,2023-05-09T00:11:28,DP0508202309191666M.tif,DP0508202309191872M.tif,,,https://www.jcpenney.com/p/safavieh-samana-folding-rattan-side-table/ppr5008357160?pTmplType=regular&searchTerm=patio+and+outdoor+furniture&geoZip=55057,20251225,patio and outdoor furniture
Safavieh Jiraiya Weather Resistant Cement Side Table,ppr5008216496,,,440.0,440.0,440.0,440.0,ORIGINAL,False,False,available online only,False,False,original,False,True,"['Included: 1 Table(s)', 'Features: Weather Resistant, Quick Ship', 'Shape: Round', 'Maximum Weight Limit: 100 Lbs', 'Table Measurements: 17.72 Height/Inches, 15.35 Length/Inches, 15.35 Width/Inches']",0.0,0.0,ORIGINAL,False,False,79115080018,USD,safavieh,"[{'colorName': 'Dark Grey', 'swatchImageId': 'DP0209202207035934S.tif', 'colorizedImageId': 'DP0209202207035907M.tif', 'colorSeqNum': 1, 'skuId': '79115080018', 'defaultSwatch': False, 'skuAltImages': [{'imgId': 'DP0209202207035922M.tif', 'colorSeq': 0}, {'imgId': 'DP0209202207035953M.tif', 'colorSeq': 1}, {'imgId': 'DP0209202207035891M.tif', 'colorSeq': 2}]}, {'colorName': 'Black', 'swatchImageId': 'DP0209202207035929S.tif', 'colorizedImageId': 'DP0209202207035900M.tif', 'colorSeqNum': 2, 'skuId': '79115080026', 'defaultSwatch': False, 'skuAltImages': [{'imgId': 'DP0209202207035915M.tif', 'colorSeq': 0}, {'imgId': 'DP0209202207035942M.tif', 'colorSeq': 1}, {'imgId': 'DP0209202207035884M.tif', 'colorSeq': 2}]}]",/p/safavieh-jiraiya-weather-resistant-cement-side-table/ppr5008216496?pTmplType=regular&searchTerm=patio+and+outdoor+furniture&geoZip=55057,"[{'message': 'Online Only', 'icon': 'mouse'}, {'message': 'Available for Shipping', 'icon': 'check'}]",False,791,True,396.0,396.0,GIFTWRAP,False,False,2022-02-09T22:03:22,DP0209202207035907M.tif,DP0209202207035922M.tif,,,https://www.jcpenney.com/p/safavieh-jiraiya-weather-resistant-cement-side-table/ppr5008216496?pTmplType=regular&searchTerm=patio+and+outdoor+furniture&geoZip=55057,20251225,patio and outdoor furniture
Sirius Concrete Side Table,ppr5008431409,,,240.0,240.0,240.0,240.0,ORIGINAL,False,False,available online only,False,False,original,False,True,"['Included: 1 Table(s)', 'Features: Quick Ship', 'Manufacturer Warranty: 90 Days Limited', 'Shape: Round', 'Dining Height: Standard Height']",0.0,0.0,ORIGINAL,False,False,79129870018,USD,more brands,"[{'colorName': 'Concrete Finish', 'swatchImageId': 'DP0212202407443773S.tif', 'colorizedImageId': 'DP0212202407443464M.tif', 'colorSeqNum': 1, 'skuId': '79129870018', 'defaultSwatch': False, 'skuAltImages': [{'imgId': 'DP0212202407443567M.tif', 'colorSeq': 0}, {'imgId': 'DP0212202407443670M.tif', 'colorSeq': 1}, {'imgId': 'DP0212202407443978M.tif', 'colorSeq': 2}]}]",/p/sirius-concrete-side-table/ppr5008431409?pTmplType=regular&searchTerm=patio+and+outdoor+furniture&geoZip=55057,"[{'message': 'Online Only', 'icon': 'mouse'}, {'message': 'Available for Shipping', 'icon': 'check'}]",False,791,True,216.0,216.0,GIFTWRAP,False,False,2024-02-27T15:02:36,DP0212202407443464M.tif,DP0212202407443567M.tif,,,https://www.jcpenney.com/p/sirius-concrete-side-table/ppr5008431409?pTmplType=regular&searchTerm=patio+and+outdoor+furniture&geoZip=55057,20251225,patio and outdoor furniture
Tandra Patio Collection Sofa,ppr5008090567,,,1380.0,1380.0,1380.0,1380.0,ORIGINAL,False,False,available online only,False,False,original,False,True,"['Included: 3 Seat Cushion(s), 2 Throw Pillow(s), 1 Sofa(s)', 'Features: Quick Ship, Folding, Weather Resistant, Reversible Cushions', 'Joinery: Nailed, Glued, Screwed', 'Seating Capacity: 3', 'Tools Required: Screws (included), Allen Wrench (included)']",0.0,0.0,ORIGINAL,False,False,79108510026,USD,safavieh,"[{'colorName': 'Natural Navy', 'swatchImageId': 'DP0302202115030676S.tif', 'colorizedImageId': 'DP0302202115030662M.tif', 'colorSeqNum': 1, 'skuId': '79108510034', 'defaultSwatch': False, 'skuAltImages': [{'imgId': 'DP0302202115030745M.tif', 'colorSeq': 0}, {'imgId': 'DP0302202115030714M.tif', 'colorSeq': 1}, {'imgId': 'DP0302202115030702M.tif', 'colorSeq': 2}]}, {'colorName': 'Slate Grey Beige', 'swatchImageId': 'DP0302202115030680S.tif', 'colorizedImageId': 'DP0302202115030666M.tif', 'colorSeqNum': 2, 'skuId': '79108510018', 'defaultSwatch': False, 'skuAltImages': [{'imgId': 'DP0302202115030749M.tif', 'colorSeq': 0}, {'imgId': 'DP0302202115030718M.tif', 'colorSeq': 1}, {'imgId': 'DP0302202115030706M.tif', 'colorSeq': 2}]}, {'colorName': 'Natural Beige', 'swatchImageId': 'DP0302202115030671S.tif', 'colorizedImageId': 'DP0302202115030657M.tif', 'colorSeqNum': 3, 'skuId': '79108510026', 'defaultSwatch': False, 'skuAltImages': [{'imgId': 'DP0302202115030723M.tif', 'colorSeq': 0}, {'imgId': 'DP0302202115030710M.tif', 'colorSeq': 1}, {'imgId': 'DP0302202115030698M.tif', 'colorSeq': 2}]}, {'colorName': 'Ash Gray', 'swatchImageId': 'DP0903202413030160S.tif', 'colorizedImageId': 'DP0903202413025854M.tif', 'colorSeqNum': 4, 'skuId': '79108510042', 'defaultSwatch': False, 'skuAltImages': [{'imgId': 'DP0903202413025956M.tif', 'colorSeq': 0}, {'imgId': 'DP0903202413030058M.tif', 'colorSeq': 1}, {'imgId': 'DP0903202413025650M.tif', 'colorSeq': 2}]}]",/p/tandra-patio-collection-sofa/ppr5008090567?pTmplType=regular&searchTerm=patio+and+outdoor+furniture&geoZip=55057,"[{'message': 'Online Only', 'icon': 'mouse'}, {'message': 'Available for Shipping', 'icon': 'check'}]",False,791,True,1035.0,1035.0,RECLINER,False,False,2021-03-02T22:04:26,DP0302202115030662M.tif,DP0302202115030745M.tif,,,https://www.jcpenney.com/p/tandra-patio-collection-sofa/ppr5008090567?pTmplType=regular&searchTerm=patio+and+outdoor+furniture&geoZip=55057,20251225,patio and outdoor furniture
Signature Design by Ashley® Janiyah Bench,ppr5008359897,5.0,3.0,460.0,460.0,460.0,460.0,ORIGINAL,False,False,available online only,False,False,original,False,True,"['Included: 1 Bench(es)', 'Features: Outdoor, Non-Toxic, 4 Legs, Quick Ship, Rust Resistant', 'Seating Capacity: 2', 'Tools Required: Allen Wrench (included), Screws (included)', 'Measurements: 17.5 Height/Inches, 15.88 Depth/Inches, 46.88 Width/Inches']",0.0,0.0,ORIGINAL,False,False,79124080018,USD,signature design by ashley,"[{'colorName': 'Light Brown', 'swatchImageId': 'DP0524202307271562S.tif', 'colorizedImageId': 'DP0524202307271148M.tif', 'colorSeqNum': 1, 'skuId': '79124080018', 'defaultSwatch': False, 'skuAltImages': [{'imgId': 'DP0524202307271251M.tif', 'colorSeq': 0}, {'imgId': 'DP0524202307271354M.tif', 'colorSeq': 1}, {'imgId': 'DP0524202307271458M.tif', 'colorSeq': 2}]}]",/p/signature-design-by-ashley-janiyah-bench/ppr5008359897?pTmplType=regular&searchTerm=patio+and+outdoor+furniture&geoZip=55057,"[{'message': 'Online Only', 'icon': 'mouse'}, {'message': 'Available for Shipping', 'icon': 'check'}]",False,791,True,414.0,414.0,GIFTWRAP,False,False,2023-05-24T22:03:39,DP0524202307271148M.tif,DP0524202307271251M.tif,,,https://www.jcpenney.com/p/signature-design-by-ashley-janiyah-bench/ppr5008359897?pTmplType=regular&searchTerm=patio+and+outdoor+furniture&geoZip=55057,20251225,patio and outdoor furniture
Mozaic Company Sunbrella Canvas Sofa Pillow Cushion Set,ppr5008321576,,,629.99,629.99,1050.0,1050.0,SALE,False,False,available online only,False,False,original,False,True,"['# Pieces In Set: 6', 'Features: Stain Resistant, Weather Resistant, Water Resistant', 'Finishing Feature: Cording', 'Use: Outdoor', 'Back Cushion Measurements: 5 Height/Inches, 27 Depth/Inches, 22 Width/Inches']",0.0,0.0,SALE,False,False,62740310018,USD,more brands,"[{'colorName': 'Canvas Navy', 'swatchImageId': 'DP0110202307354527S.tif', 'colorizedImageId': 'DP0110202307354425M.tif', 'colorSeqNum': 1, 'skuId': '62740770018', 'defaultSwatch': False, 'skuAltImages': [{'imgId': 'DP0110202307354835M.tif', 'colorSeq': 0}, {'imgId': 'DP0110202307354733M.tif', 'colorSeq': 1}, {'imgId': 'DP0110202307354630M.tif', 'colorSeq': 2}]}, {'colorName': 'Canvas Natural', 'swatchImageId': 'DP0110202307352573S.tif', 'colorizedImageId': 'DP0110202307352470M.tif', 'colorSeqNum': 2, 'skuId': '62740310018', 'defaultSwatch': False, 'skuAltImages': [{'imgId': 'DP0110202307352882M.tif', 'colorSeq': 0}, {'imgId': 'DP0110202307352780M.tif', 'colorSeq': 1}, {'imgId': 'DP0110202307352676M.tif', 'colorSeq': 2}]}, {'colorName': 'Canvas Aruba', 'swatchImageId': 'DP0110202307361410S.tif', 'colorizedImageId': 'DP0110202307361307M.tif', 'colorSeqNum': 3, 'skuId': '62740810018', 'defaultSwatch': False, 'skuAltImages': [{'imgId': 'DP0110202307361718M.tif', 'colorSeq': 0}, {'imgId': 'DP0110202307361616M.tif', 'colorSeq': 1}, {'imgId': 'DP0110202307361513M.tif', 'colorSeq': 2}]}]",/p/mozaic-company-sunbrella-canvas-sofa-pillow-cushion-set/ppr5008321576?pTmplType=regular&searchTerm=patio+and+outdoor+furniture&geoZip=55057,"[{'message': 'Online Only', 'icon': 'mouse'}, {'message': 'Available for Shipping', 'icon': 'check'}]",False,627,True,566.99,566.99,YULETIDE,False,False,2023-01-27T15:03:58,DP0110202307354425M.tif,DP0110202307354835M.tif,,,https://www.jcpenney.com/p/mozaic-company-sunbrella-canvas-sofa-pillow-cushion-set/ppr5008321576?pTmplType=regular&searchTerm=patio+and+outdoor+furniture&geoZip=55057,20251225,patio and outdoor furniture
Safavieh Estonia Patio Umbrella,ppr5008446154,,,180.0,180.0,180.0,180.0,ORIGINAL,False,False,available online only,False,False,original,False,True,"['Features: Weather Resistant, Uv Protection, Quick Ship', 'Shape: Octagon', 'Measurements: 73.6 Depth/Inches, 73.6 Width/Inches, 87.8 Height/Inches', 'Diameter: 6 Ft', 'Weight (lb.): 5 Lb']",0.0,0.0,ORIGINAL,False,False,79131170018,USD,safavieh,"[{'colorName': 'Navy', 'swatchImageId': 'DP0423202411151228S.tif', 'colorizedImageId': 'DP0423202411150616M.tif', 'colorSeqNum': 1, 'skuId': '79131170026', 'defaultSwatch': False, 'skuAltImages': [{'imgId': 'DP0423202411150923M.tif', 'colorSeq': 0}, {'imgId': 'DP0423202411150310M.tif', 'colorSeq': 1}]}, {'colorName': 'White', 'swatchImageId': 'DP0423202411151331S.tif', 'colorizedImageId': 'DP0423202411150718M.tif', 'colorSeqNum': 2, 'skuId': '79131170018', 'defaultSwatch': False, 'skuAltImages': [{'imgId': 'DP0423202411151025M.tif', 'colorSeq': 0}, {'imgId': 'DP0423202411150412M.tif', 'colorSeq': 1}]}, {'colorName': 'Light Blue', 'swatchImageId': 'DP0423202411151126S.tif', 'colorizedImageId': 'DP0423202411150514M.tif', 'colorSeqNum': 3, 'skuId': '79131170034', 'defaultSwatch': False, 'skuAltImages': [{'imgId': 'DP0423202411150820M.tif', 'colorSeq': 0}, {'imgId': 'DP0423202411150209M.tif', 'colorSeq': 1}]}]",/p/safavieh-estonia-patio-umbrella/ppr5008446154?pTmplType=regular&searchTerm=patio+and+outdoor+furniture&geoZip=55057,"[{'message': 'Online Only', 'icon': 'mouse'}, {'message': 'Available for Shipping', 'icon': 'check'}]",False,791,True,162.0,162.0,GIFTWRAP,False,False,2024-04-23T22:04:33,DP0423202411150616M.tif,DP0423202411150923M.tif,,,https://www.jcpenney.com/p/safavieh-estonia-patio-umbrella/ppr5008446154?pTmplType=regular&searchTerm=patio+and+outdoor+furniture&geoZip=55057,20251225,patio and outdoor furniture
Meranti Wood Planter Box Patio Bench,ppr5008249457,4.8,5.0,400.0,400.0,400.0,400.0,ORIGINAL,False,False,available online only,False,False,original,False,True,"['Included: 1 Bench(es)', 'Features: Quick Ship', 'Manufacturer Warranty: 1 Year', 'Seating Capacity: 2', 'Tools Required: Allen Wrench (included)']",0.0,0.0,ORIGINAL,False,False,79117430018,USD,more brands,"[{'colorName': 'Brown', 'swatchImageId': 'DP1031202507202883S.tif', 'colorizedImageId': 'DP1016202511144143M.tif', 'colorSeqNum': 1, 'skuId': '79117430018', 'defaultSwatch': False, 'skuAltImages': [{'imgId': 'DP1016202511144560M.tif', 'colorSeq': 2}, {'imgId': 'DP1016202511144456M.tif', 'colorSeq': 3}, {'imgId': 'DP1016202511144040M.tif', 'colorSeq': 4}]}]",/p/meranti-wood-planter-box-patio-bench/ppr5008249457?pTmplType=regular&searchTerm=patio+and+outdoor+furniture&geoZip=55057,"[{'message': 'Online Only', 'icon': 'mouse'}, {'message': 'Available for Shipping', 'icon': 'check'}]",False,791,True,360.0,360.0,GIFTWRAP,False,False,2022-05-24T15:05:01,DP1016202511144143M.tif,DP1016202511144560M.tif,,,https://www.jcpenney.com/p/meranti-wood-planter-box-patio-bench/ppr5008249457?pTmplType=regular&searchTerm=patio+and+outdoor+furniture&geoZip=55057,20251225,patio and outdoor furniture
Safavieh Adriel 3-pc. Bistro Set,ppr5008445662,,,670.0,670.0,670.0,670.0,ORIGINAL,False,False,available online only,False,False,original,False,True,"['# Pieces In Set: 3', 'Included: 1 Table(s), 2 Chair(s)', 'Features: Quick Ship', 'Joinery: Screwed', 'Seating Capacity: 2']",0.0,0.0,ORIGINAL,False,False,79130740034,USD,safavieh,"[{'colorName': 'Antique Black', 'swatchImageId': 'DP0423202409123204S.tif', 'colorizedImageId': 'DP0423202409121168M.tif', 'colorSeqNum': 1, 'skuId': '79130740059', 'defaultSwatch': False, 'skuAltImages': [{'imgId': 'DP0423202409121677M.tif', 'colorSeq': 0}, {'imgId': 'DP0423202409122186M.tif', 'colorSeq': 1}, {'imgId': 'DP0423202409124733M.tif', 'colorSeq': 2}]}, {'colorName': 'Antique White', 'swatchImageId': 'DP0423202409123409S.tif', 'colorizedImageId': 'DP0423202409121371M.tif', 'colorSeqNum': 2, 'skuId': '79130740018', 'defaultSwatch': False, 'skuAltImages': [{'imgId': 'DP0423202409121881M.tif', 'colorSeq': 0}, {'imgId': 'DP0423202409122390M.tif', 'colorSeq': 1}, {'imgId': 'DP0423202409124937M.tif', 'colorSeq': 2}]}, {'colorName': 'Rustic Brown', 'swatchImageId': 'DP0423202409123613S.tif', 'colorizedImageId': 'DP0423202409121575M.tif', 'colorSeqNum': 3, 'skuId': '79130740026', 'defaultSwatch': False, 'skuAltImages': [{'imgId': 'DP0423202409122084M.tif', 'colorSeq': 0}, {'imgId': 'DP0423202409122594M.tif', 'colorSeq': 1}, {'imgId': 'DP0423202409125141M.tif', 'colorSeq': 2}]}, {'colorName': 'Mossy Blue', 'swatchImageId': 'DP0423202409123511S.tif', 'colorizedImageId': 'DP0423202409121473M.tif', 'colorSeqNum': 4, 'skuId': '79130740034', 'defaultSwatch': False, 'skuAltImages': [{'imgId': 'DP0423202409121982M.tif', 'colorSeq': 0}, {'imgId': 'DP0423202409122492M.tif', 'colorSeq': 1}, {'imgId': 'DP0423202409125039M.tif', 'colorSeq': 2}]}]",/p/safavieh-adriel-3-pc-bistro-set/ppr5008445662?pTmplType=regular&searchTerm=patio+and+outdoor+furniture&geoZip=55057,"[{'message': 'Online Only', 'icon': 'mouse'}, {'message': 'Available for Shipping', 'icon': 'check'}]",False,791,True,603.0,603.0,GIFTWRAP,False,False,2024-04-23T22:03:49,DP0423202409121168M.tif,DP0423202409121677M.tif,,,https://www.jcpenney.com/p/safavieh-adriel-3-pc-bistro-set/ppr5008445662?pTmplType=regular&searchTerm=patio+and+outdoor+furniture&geoZip=55057,20251225,patio and outdoor furniture
Mayora Mid Century 3-pc. Bistro Set,ppr5008234189,,,1550.0,1550.0,1550.0,1550.0,ORIGINAL,False,False,available online only,False,False,original,False,True,"['# Pieces In Set: 3', 'Included: 1 Chairside Table(s), 2 Chair(s)', 'Features: Waterproof, Quick Ship, Weather Resistant, 4 Legs, Outdoor, Armless', 'Joinery: Cam And Bolt Lock', 'Manufacturer Warranty: 1 Year']",0.0,0.0,ORIGINAL,False,False,79115320034,USD,more brands,"[{'colorName': 'Navy', 'swatchImageId': 'DP0418202215010373S.tif', 'colorizedImageId': 'DP0418202215010344M.tif', 'colorSeqNum': 2, 'skuId': '79115320034', 'defaultSwatch': False, 'skuAltImages': [{'imgId': 'DP0419202211010322M.tif', 'colorSeq': 0}, {'imgId': 'DP0418202215010359M.tif', 'colorSeq': 1}, {'imgId': 'DP0418202215010328M.tif', 'colorSeq': 2}]}, {'colorName': 'Gray', 'swatchImageId': 'DP0418202215010370S.tif', 'colorizedImageId': 'DP0418202215010341M.tif', 'colorSeqNum': 3, 'skuId': '79115320026', 'defaultSwatch': False, 'skuAltImages': [{'imgId': 'DP0418202215010347M.tif', 'colorSeq': 0}, {'imgId': 'DP0418202215010356M.tif', 'colorSeq': 1}, {'imgId': 'DP0418202215010325M.tif', 'colorSeq': 2}]}, {'colorName': 'Yellow', 'swatchImageId': 'DP0418202215010375S.tif', 'colorizedImageId': 'DP0419202211010320M.tif', 'colorSeqNum': 5, 'skuId': '79115320059', 'defaultSwatch': False, 'skuAltImages': [{'imgId': 'DP0418202215010353M.tif', 'colorSeq': 0}, {'imgId': 'DP0418202215010361M.tif', 'colorSeq': 1}, {'imgId': 'DP0418202215010330M.tif', 'colorSeq': 2}]}]",/p/mayora-mid-century-3-pc-bistro-set/ppr5008234189?pTmplType=regular&searchTerm=patio+and+outdoor+furniture&geoZip=55057&selectedSKUId=79115320034,"[{'message': 'Online Only', 'icon': 'mouse'}, {'message': 'Available for Shipping', 'icon': 'check'}]",False,791,True,1162.5,1162.5,RECLINER,False,True,2022-04-18T22:06:15,DP0418202215010344M.tif,DP0419202211010322M.tif,,,https://www.jcpenney.com/p/mayora-mid-century-3-pc-bistro-set/ppr5008234189?pTmplType=regular&searchTerm=patio+and+outdoor+furniture&geoZip=55057&selectedSKUId=79115320034,20251225,patio and outdoor furniture
Safavieh Jensen 3-pc. Bistro Set,ppr5008445663,,,930.0,930.0,930.0,930.0,ORIGINAL,False,False,available online only,False,False,original,False,True,"['# Pieces In Set: 3', 'Included: 1 Table(s), 2 Chair(s), 2 Seat Back Cushion(s), 2 Seat Cushion(s)', 'Features: Cushioned, Quick Ship', 'Joinery: Screwed', 'Seating Capacity: 2']",0.0,0.0,ORIGINAL,False,False,79130750026,USD,safavieh,"[{'colorName': 'Natural Gray', 'swatchImageId': 'DP0423202409130568S.tif', 'colorizedImageId': 'DP0423202409125855M.tif', 'colorSeqNum': 1, 'skuId': '79130750018', 'defaultSwatch': False, 'skuAltImages': [{'imgId': 'DP0423202409125956M.tif', 'colorSeq': 0}, {'imgId': 'DP0423202409130161M.tif', 'colorSeq': 1}, {'imgId': 'DP0423202409130875M.tif', 'colorSeq': 2}]}, {'colorName': 'Gray', 'swatchImageId': 'DP0423202409130466S.tif', 'colorizedImageId': 'DP0423202409125753M.tif', 'colorSeqNum': 2, 'skuId': '79130750026', 'defaultSwatch': False, 'skuAltImages': [{'imgId': 'DP0423202409130058M.tif', 'colorSeq': 0}, {'imgId': 'DP0423202409130773M.tif', 'colorSeq': 1}, {'imgId': 'DP0423202409125446M.tif', 'colorSeq': 2}]}]",/p/safavieh-jensen-3-pc-bistro-set/ppr5008445663?pTmplType=regular&searchTerm=patio+and+outdoor+furniture&geoZip=55057,"[{'message': 'Online Only', 'icon': 'mouse'}, {'message': 'Available for Shipping', 'icon': 'check'}]",False,791,True,697.5,697.5,RECLINER,False,False,2024-04-23T22:03:51,DP0423202409125855M.tif,DP0423202409125956M.tif,,,https://www.jcpenney.com/p/safavieh-jensen-3-pc-bistro-set/ppr5008445663?pTmplType=regular&searchTerm=patio+and+outdoor+furniture&geoZip=55057,20251225,patio and outdoor furniture
Safavieh Berlen Patio Collection 3-pc. Bistro Set,ppr5008095965,,,1120.0,1120.0,1120.0,1120.0,ORIGINAL,False,False,available online only,False,False,original,False,True,"['# Pieces In Set: 3', 'Included: 2 Chair(s), 2 Seat Cushion(s), 1 Table(s)', 'Features: Quick Ship, Removable Cushions, Weather Resistant', 'Joinery: Screwed, Nailed', 'Seating Capacity: 2']",0.0,0.0,ORIGINAL,False,False,79110970026,USD,safavieh,"[{'colorName': 'Natural Beige', 'swatchImageId': 'DP0317202107031602S.tif', 'colorizedImageId': 'DP0317202107031593M.tif', 'colorSeqNum': 1, 'skuId': '79110970018', 'defaultSwatch': False, 'skuAltImages': [{'imgId': 'DP0316202107031564M.tif', 'colorSeq': 0}, {'imgId': 'DP0316202107031572M.tif', 'colorSeq': 1}, {'imgId': 'DP0316202107031579M.tif', 'colorSeq': 6}]}, {'colorName': 'Natural Navy', 'swatchImageId': 'DP0317202107031607S.tif', 'colorizedImageId': 'DP0317202107031597M.tif', 'colorSeqNum': 2, 'skuId': '79110970026', 'defaultSwatch': False, 'skuAltImages': [{'imgId': 'DP0316202107031568M.tif', 'colorSeq': 0}, {'imgId': 'DP0316202107031575M.tif', 'colorSeq': 1}, {'imgId': 'DP0316202107031583M.tif', 'colorSeq': 6}]}]",/p/safavieh-berlen-patio-collection-3-pc-bistro-set/ppr5008095965?pTmplType=regular&searchTerm=patio+and+outdoor+furniture&geoZip=55057,"[{'message': 'Online Only', 'icon': 'mouse'}, {'message': 'Available for Shipping', 'icon': 'check'}]",False,791,True,840.0,840.0,RECLINER,False,False,2021-11-02T17:07:38,DP0317202107031593M.tif,DP0316202107031564M.tif,,,https://www.jcpenney.com/p/safavieh-berlen-patio-collection-3-pc-bistro-set/ppr5008095965?pTmplType=regular&searchTerm=patio+and+outdoor+furniture&geoZip=55057,20251225,patio and outdoor furniture
5-pc. Circle Dining Set,ppr5008336768,,,3010.0,3010.0,3010.0,3010.0,ORIGINAL,False,False,available online only,False,False,original,False,True,"['# Pieces In Set: 5', 'Included: 4 Chair(s), 1 Table(s)', 'Features: 4 Legs, Quick Ship', 'Seating Capacity: 4', 'Shape: Circle']",0.0,0.0,ORIGINAL,False,False,79122650018,USD,more brands,"[{'colorName': 'Brown', 'swatchImageId': 'DP0314202309321974S.tif', 'colorizedImageId': 'DP0314202309321558M.tif', 'colorSeqNum': 1, 'skuId': '79122650018', 'defaultSwatch': False, 'skuAltImages': [{'imgId': 'DP0314202309321661M.tif', 'colorSeq': 0}, {'imgId': 'DP0314202309321765M.tif', 'colorSeq': 1}, {'imgId': 'DP0314202309321349M.tif', 'colorSeq': 2}]}]",/p/5-pc-circle-dining-set/ppr5008336768?pTmplType=regular&searchTerm=patio+and+outdoor+furniture&geoZip=55057,"[{'message': 'Online Only', 'icon': 'mouse'}, {'message': 'Available for Shipping', 'icon': 'check'}]",False,791,True,2257.5,2257.5,RECLINER,False,False,2023-03-14T22:10:12,DP0314202309321558M.tif,DP0314202309321661M.tif,"[{'name': 'Few Left', 'priority': 1, 'urlParam': 'fewleft'}]",,https://www.jcpenney.com/p/5-pc-circle-dining-set/ppr5008336768?pTmplType=regular&searchTerm=patio+and+outdoor+furniture&geoZip=55057,20251225,patio and outdoor furniture
Lindy 5-pc. Bistro Set,ppr5008336601,,,930.0,930.0,930.0,930.0,ORIGINAL,False,False,available online only,False,False,original,False,True,"['# Pieces In Set: 5', 'Included: 1 Table(s), 2 Chair(s), 2 Seat Cushion(s)', 'Features: 4 Legs, Upholstered, Quick Ship', 'Seating Capacity: 2', 'Shape: Circle']",0.0,0.0,ORIGINAL,False,False,79122050018,USD,more brands,"[{'colorName': 'Brown Beige Teak', 'swatchImageId': 'DP0314202309222244S.tif', 'colorizedImageId': 'DP0314202309221934M.tif', 'colorSeqNum': 1, 'skuId': '79122050018', 'defaultSwatch': False, 'skuAltImages': [{'imgId': 'DP0314202309222037M.tif', 'colorSeq': 0}, {'imgId': 'DP0314202309221726M.tif', 'colorSeq': 1}, {'imgId': 'DP0314202309222140M.tif', 'colorSeq': 2}]}]",/p/lindy-5-pc-bistro-set/ppr5008336601?pTmplType=regular&searchTerm=patio+and+outdoor+furniture&geoZip=55057,"[{'message': 'Online Only', 'icon': 'mouse'}, {'message': 'Available for Shipping', 'icon': 'check'}]",False,791,True,697.5,697.5,RECLINER,False,False,2023-03-14T22:09:57,DP0314202309221934M.tif,DP0314202309222037M.tif,,,https://www.jcpenney.com/p/lindy-5-pc-bistro-set/ppr5008336601?pTmplType=regular&searchTerm=patio+and+outdoor+furniture&geoZip=55057,20251225,patio and outdoor furniture
5-pc. Bistro Set,ppr5008336600,,,890.0,890.0,890.0,890.0,ORIGINAL,False,False,available online only,False,False,original,False,True,"['# Pieces In Set: 5', 'Included: 2 Seat Cushion(s), 1 Table(s), 2 Chair(s)', 'Features: 4 Legs, Quick Ship, Upholstered', 'Seating Capacity: 2', 'Shape: Circle']",0.0,0.0,ORIGINAL,False,False,79122040018,USD,more brands,"[{'colorName': 'Brown Cream Teak', 'swatchImageId': 'DP0314202309221312S.tif', 'colorizedImageId': 'DP0314202309220897M.tif', 'colorSeqNum': 1, 'skuId': '79122040018', 'defaultSwatch': False, 'skuAltImages': [{'imgId': 'DP0314202309221002M.tif', 'colorSeq': 0}, {'imgId': 'DP0314202309221106M.tif', 'colorSeq': 1}, {'imgId': 'DP0314202309220691M.tif', 'colorSeq': 2}]}]",/p/5-pc-bistro-set/ppr5008336600?pTmplType=regular&searchTerm=patio+and+outdoor+furniture&geoZip=55057,"[{'message': 'Online Only', 'icon': 'mouse'}, {'message': 'Available for Shipping', 'icon': 'check'}]",False,791,True,667.5,667.5,RECLINER,False,False,2023-03-14T22:09:57,DP0314202309220897M.tif,DP0314202309221002M.tif,"[{'name': 'Few Left', 'priority': 1, 'urlParam': 'fewleft'}]",,https://www.jcpenney.com/p/5-pc-bistro-set/ppr5008336600?pTmplType=regular&searchTerm=patio+and+outdoor+furniture&geoZip=55057,20251225,patio and outdoor furniture
Perla 3-pc. Bistro Set,ppr5008330485,,,1135.0,1135.0,1135.0,1135.0,ORIGINAL,False,False,available online only,False,False,original,False,True,"['# Pieces In Set: 3', 'Included: 1 Table(s), 2 Chair(s)', 'Features: Water Resistant, Quick Ship', 'Manufacturer Warranty: 90 Days Limited', 'Seating Capacity: 2']",0.0,0.0,ORIGINAL,False,False,79121510018,USD,more brands,"[{'colorName': 'Teak  Cream', 'swatchImageId': 'DP0215202307374445S.tif', 'colorizedImageId': 'DP0215202307374342M.tif', 'colorSeqNum': 1, 'skuId': '79121510018', 'defaultSwatch': False, 'skuAltImages': [{'imgId': 'DP0215202307374753M.tif', 'colorSeq': 0}, {'imgId': 'DP0215202307374856M.tif', 'colorSeq': 1}, {'imgId': 'DP0215202307374960M.tif', 'colorSeq': 2}]}]",/p/perla-3-pc-bistro-set/ppr5008330485?pTmplType=regular&searchTerm=patio+and+outdoor+furniture&geoZip=55057,"[{'message': 'Online Only', 'icon': 'mouse'}, {'message': 'Available for Shipping', 'icon': 'check'}]",False,791,True,851.25,851.25,RECLINER,False,False,2023-02-15T22:05:03,DP0215202307374342M.tif,DP0215202307374753M.tif,,,https://www.jcpenney.com/p/perla-3-pc-bistro-set/ppr5008330485?pTmplType=regular&searchTerm=patio+and+outdoor+furniture&geoZip=55057,20251225,patio and outdoor furniture
Genica 2-pc. Bistro Set,ppr5008330071,,,1150.0,1150.0,1150.0,1150.0,ORIGINAL,False,False,available online only,False,False,original,False,True,"['# Pieces In Set: 2', 'Included: 2 Chair(s)', 'Features: Quick Ship, Indoor/Outdoor', 'Joinery: Nailed', 'Manufacturer Warranty: 30 Days']",0.0,0.0,ORIGINAL,False,False,79121480018,USD,more brands,"[{'colorName': 'Brown', 'swatchImageId': 'DP0207202307304152S.tif', 'colorizedImageId': 'DP0207202307303842M.tif', 'colorSeqNum': 1, 'skuId': '79121480018', 'defaultSwatch': False, 'skuAltImages': [{'imgId': 'DP0207202307303945M.tif', 'colorSeq': 0}, {'imgId': 'DP0207202307304048M.tif', 'colorSeq': 1}, {'imgId': 'DP0207202307303634M.tif', 'colorSeq': 2}]}]",/p/genica-2-pc-bistro-set/ppr5008330071?pTmplType=regular&searchTerm=patio+and+outdoor+furniture&geoZip=55057,"[{'message': 'Online Only', 'icon': 'mouse'}, {'message': 'Available for Shipping', 'icon': 'check'}]",False,791,True,862.5,862.5,RECLINER,False,False,2023-02-07T22:05:19,DP0207202307303842M.tif,DP0207202307303945M.tif,,,https://www.jcpenney.com/p/genica-2-pc-bistro-set/ppr5008330071?pTmplType=regular&searchTerm=patio+and+outdoor+furniture&geoZip=55057,20251225,patio and outdoor furniture
Corliving Parksville 3-pc. Bistro Set,ppr5008132464,5.0,1.0,900.0,900.0,900.0,900.0,ORIGINAL,False,False,available online only,False,False,original,False,True,"['# Pieces In Set: 3', 'Included: 2 Seat Cushion(s), 2 Chair(s), 1 Table(s)', 'Features: Quick Ship, Uv Protection, Water Resistant', 'Joinery: Glued', 'Manufacturer Warranty: 6 Month']",0.0,0.0,ORIGINAL,False,False,79113980018,USD,more brands,"[{'colorName': 'Grey', 'swatchImageId': 'DP0614202107015464S.tif', 'colorizedImageId': 'DP0614202107015460M.tif', 'colorSeqNum': 1, 'skuId': '79113980018', 'defaultSwatch': False, 'skuAltImages': [{'imgId': 'DP0614202107015484M.tif', 'colorSeq': 0}, {'imgId': 'DP0614202107015498M.tif', 'colorSeq': 1}, {'imgId': 'DP0614202107015494M.tif', 'colorSeq': 2}]}]",/p/corliving-parksville-3-pc-bistro-set/ppr5008132464?pTmplType=regular&searchTerm=patio+and+outdoor+furniture&geoZip=55057,"[{'message': 'Online Only', 'icon': 'mouse'}, {'message': 'Available for Shipping', 'icon': 'check'}]",False,791,True,675.0,675.0,RECLINER,False,False,2021-06-28T17:02:39,DP0614202107015460M.tif,DP0614202107015484M.tif,"[{'name': 'Few Left', 'priority': 1, 'urlParam': 'fewleft'}]",,https://www.jcpenney.com/p/corliving-parksville-3-pc-bistro-set/ppr5008132464?pTmplType=regular&searchTerm=patio+and+outdoor+furniture&geoZip=55057,20251225,patio and outdoor furniture
Riverview  3-pc. Patio Bistro Set,ppr5008103981,,,369.0,369.0,369.0,369.0,ORIGINAL,False,False,available online only,False,False,original,False,True,"['# Pieces In Set: 3', 'Included: 1 Table(s), 2 Chair(s)', 'Features: Folding, Quick Ship, Armless, Weather Resistant', 'Joinery: Screwed, Butt Joint', 'Manufacturer Warranty: 6 Month']",0.0,0.0,ORIGINAL,False,False,79113080018,USD,more brands,"[{'colorName': 'Gray', 'swatchImageId': 'DP0409202111032494S.tif', 'colorizedImageId': 'DP0414202113005707M.tif', 'colorSeqNum': 1, 'skuId': '79113080018', 'defaultSwatch': False, 'skuAltImages': [{'imgId': 'DP0414202113005721M.tif', 'colorSeq': 0}, {'imgId': 'DP0414202113005693M.tif', 'colorSeq': 1}, {'imgId': 'DP0414202113005714M.tif', 'colorSeq': 2}]}]",/p/riverview-3-pc-patio-bistro-set/ppr5008103981?pTmplType=regular&searchTerm=patio+and+outdoor+furniture&geoZip=55057,"[{'message': 'Online Only', 'icon': 'mouse'}, {'message': 'Available for Shipping', 'icon': 'check'}]",False,791,True,332.1,332.1,GIFTWRAP,False,False,2021-04-14T22:03:55,DP0414202113005707M.tif,DP0414202113005721M.tif,,,https://www.jcpenney.com/p/riverview-3-pc-patio-bistro-set/ppr5008103981?pTmplType=regular&searchTerm=patio+and+outdoor+furniture&geoZip=55057,20251225,patio and outdoor furniture
Sherwood Loveseat,ppr5008333994,,,680.0,680.0,680.0,680.0,ORIGINAL,False,False,available online only,False,False,original,False,True,"['Included: 1 Loveseat(s)', 'Features: Quick Ship, 4 Legs', 'Manufacturer Warranty: 90 Days Limited', 'Seating Capacity: 2', 'Tools Required: Allen Wrench (included), Screws (included)']",0.0,0.0,ORIGINAL,False,False,79121930018,USD,more brands,"[{'colorName': 'Dark Gray', 'swatchImageId': 'DP0223202307261895S.tif', 'colorizedImageId': 'DP0223202307260648M.tif', 'colorSeqNum': 1, 'skuId': '79121930018', 'defaultSwatch': False, 'skuAltImages': [{'imgId': 'DP0223202307261063M.tif', 'colorSeq': 0}, {'imgId': 'DP0223202307261272M.tif', 'colorSeq': 1}, {'imgId': 'DP0223202307260232M.tif', 'colorSeq': 2}]}]",/p/sherwood-loveseat/ppr5008333994?pTmplType=regular&searchTerm=patio+and+outdoor+furniture&geoZip=55057,"[{'message': 'Online Only', 'icon': 'mouse'}, {'message': 'Available for Shipping', 'icon': 'check'}]",False,791,True,612.0,612.0,GIFTWRAP,False,False,2023-03-09T17:06:34,DP0223202307260648M.tif,DP0223202307261063M.tif,,,https://www.jcpenney.com/p/sherwood-loveseat/ppr5008333994?pTmplType=regular&searchTerm=patio+and+outdoor+furniture&geoZip=55057,20251225,patio and outdoor furniture
Mozaic Company 19''X19'' Bristol (Set Of 2) Patio Chair Cushion - Anderson Matte,ppr5008340891,,,78.99,78.99,133.0,133.0,SALE,False,False,available online only,False,False,original,False,True,"['# Pieces In Set: 2', 'Features: Weather Resistant', 'Finishing Feature: Knife-Edge', 'Use: Outdoor', 'Seat Cushion Measurements: 19 Width/Inches, 19 Depth/Inches, 2.5 Height/Inches']",0.0,0.0,SALE,False,False,62731040018,USD,more brands,"[{'colorName': 'Anderson Matte', 'swatchImageId': 'DP0110202307273013S.tif', 'colorizedImageId': 'DP0110202307272911M.tif', 'colorSeqNum': 1, 'skuId': '62731040018', 'defaultSwatch': False, 'skuAltImages': [{'imgId': 'DP0110202307273116M.tif', 'colorSeq': 0}, {'imgId': 'DP0110202307272809M.tif', 'colorSeq': 1}, {'imgId': 'DP0110202307272705M.tif', 'colorSeq': 2}]}]",/p/mozaic-company-19x19-bristol-set-of-2-patio-chair-cushion-anderson-matte/ppr5008340891?pTmplType=regular&searchTerm=patio+and+outdoor+furniture&geoZip=55057,"[{'message': 'Online Only', 'icon': 'mouse'}, {'message': 'Available for Shipping', 'icon': 'check'}]",False,627,True,71.09,71.09,YULETIDE,False,False,2023-03-07T04:40:46,DP0110202307272911M.tif,DP0110202307273116M.tif,,,https://www.jcpenney.com/p/mozaic-company-19x19-bristol-set-of-2-patio-chair-cushion-anderson-matte/ppr5008340891?pTmplType=regular&searchTerm=patio+and+outdoor+furniture&geoZip=55057,20251225,patio and outdoor furniture
Sunnydaze® Adjustable Hammock Chair Stand,ppr5008106487,3.6667,6.0,280.0,280.0,280.0,280.0,ORIGINAL,False,False,available online only,False,False,original,False,True,"['Included: 1 Set of Assembly Instructions, 1 Hammock Stand(s)', 'Features: Adjustable Height, Quick Ship, Weather Resistant', 'Manufacturer Warranty: 1 Year', 'Seating Capacity: 1', 'Tools Required: Screws (included)']",0.0,0.0,ORIGINAL,False,False,79113210018,USD,more brands,"[{'colorName': 'Black', 'swatchImageId': 'DP1011202515031383S.tif', 'colorizedImageId': 'DP1011202515031279M.tif', 'colorSeqNum': 1, 'skuId': '79113210018', 'defaultSwatch': False, 'skuAltImages': [{'imgId': 'DP1011202515031800M.tif', 'colorSeq': 0}, {'imgId': 'DP1011202515031695M.tif', 'colorSeq': 1}, {'imgId': 'DP1011202515031591M.tif', 'colorSeq': 2}]}]",/p/sunnydaze-adjustable-hammock-chair-stand/ppr5008106487?pTmplType=regular&searchTerm=patio+and+outdoor+furniture&geoZip=55057,"[{'message': 'Online Only', 'icon': 'mouse'}, {'message': 'Available for Shipping', 'icon': 'check'}]",False,791,True,,,,False,False,2021-04-13T19:02:10,DP1011202515031279M.tif,DP1011202515031800M.tif,,,https://www.jcpenney.com/p/sunnydaze-adjustable-hammock-chair-stand/ppr5008106487?pTmplType=regular&searchTerm=patio+and+outdoor+furniture&geoZip=55057,20251225,patio and outdoor furniture
Topher Adirondack Patio Chair,ppr5008081336,2.0,1.0,430.0,430.0,430.0,430.0,ORIGINAL,False,False,available online only,False,False,original,False,True,"['Included: 1 Chair(s)', 'Features: Deep Seat, Weather Resistant, Quick Ship', 'Joinery: Screwed', 'Seating Capacity: 1', 'Tools Required: Allen Wrench (included), Screws (included)']",0.0,0.0,ORIGINAL,False,False,79104910042,USD,safavieh,"[{'colorName': 'Grey Wash', 'swatchImageId': 'DP0209202115030945S.tif', 'colorizedImageId': 'DP0209202115030934M.tif', 'colorSeqNum': 1, 'skuId': '79104910026', 'defaultSwatch': False, 'skuAltImages': [{'imgId': 'DP0209202115030984M.tif', 'colorSeq': 0}, {'imgId': 'DP0209202115030976M.tif', 'colorSeq': 1}, {'imgId': 'DP0209202115030967M.tif', 'colorSeq': 2}]}, {'colorName': 'Distressed White', 'swatchImageId': 'DP0209202115030938S.tif', 'colorizedImageId': 'DP0209202115030929M.tif', 'colorSeqNum': 2, 'skuId': '79104910034', 'defaultSwatch': False, 'skuAltImages': [{'imgId': 'DP0209202115030980M.tif', 'colorSeq': 0}, {'imgId': 'DP0209202115030972M.tif', 'colorSeq': 1}, {'imgId': 'DP0209202115030963M.tif', 'colorSeq': 2}]}, {'colorName': 'Natural', 'swatchImageId': 'DP0903202411014464S.tif', 'colorizedImageId': 'DP0903202411013752M.tif', 'colorSeqNum': 3, 'skuId': '79104910042', 'defaultSwatch': False, 'skuAltImages': [{'imgId': 'DP0903202411013955M.tif', 'colorSeq': 0}, {'imgId': 'DP0903202411014158M.tif', 'colorSeq': 1}, {'imgId': 'DP0903202411014565M.tif', 'colorSeq': 2}]}, {'colorName': 'Black', 'swatchImageId': 'DP0903202411014362S.tif', 'colorizedImageId': 'DP0903202411013650M.tif', 'colorSeqNum': 4, 'skuId': '79104910059', 'defaultSwatch': False, 'skuAltImages': [{'imgId': 'DP0903202411013854M.tif', 'colorSeq': 0}, {'imgId': 'DP0903202411014057M.tif', 'colorSeq': 1}, {'imgId': 'DP0903202411013242M.tif', 'colorSeq': 2}]}]",/p/topher-adirondack-patio-chair/ppr5008081336?pTmplType=regular&searchTerm=patio+and+outdoor+furniture&geoZip=55057,"[{'message': 'Online Only', 'icon': 'mouse'}, {'message': 'Available for Shipping', 'icon': 'check'}]",False,791,True,387.0,387.0,GIFTWRAP,False,False,2021-02-09T22:06:25,DP0209202115030934M.tif,DP0209202115030984M.tif,,,https://www.jcpenney.com/p/topher-adirondack-patio-chair/ppr5008081336?pTmplType=regular&searchTerm=patio+and+outdoor+furniture&geoZip=55057,20251225,patio and outdoor furniture
Safavieh Barstow Patio Collection Rocking Chair,ppr5008088358,,,430.0,430.0,430.0,430.0,ORIGINAL,False,False,available online only,False,False,original,False,True,"['Included: 1 Chair(s)', 'Features: Rocking, Quick Ship, Weather Resistant', 'Joinery: Screwed, Glued', 'Seating Capacity: 1', 'Tools Required: Allen Wrench (included), Screws (included)']",0.0,0.0,ORIGINAL,False,False,79101380026,USD,safavieh,"[{'colorName': 'Ash Grey', 'swatchImageId': 'DP0224202107044645S.tif', 'colorizedImageId': 'DP0224202107044641M.tif', 'colorSeqNum': 1, 'skuId': '79101380026', 'defaultSwatch': False, 'skuAltImages': [{'imgId': 'DP0224202107044662M.tif', 'colorSeq': 0}, {'imgId': 'DP0224202107044656M.tif', 'colorSeq': 1}, {'imgId': 'DP0224202107044652M.tif', 'colorSeq': 2}]}]",/p/safavieh-barstow-patio-collection-rocking-chair/ppr5008088358?pTmplType=regular&searchTerm=patio+and+outdoor+furniture&geoZip=55057,"[{'message': 'Online Only', 'icon': 'mouse'}, {'message': 'Available for Shipping', 'icon': 'check'}]",False,791,True,387.0,387.0,GIFTWRAP,False,False,2022-02-02T09:14:56,DP0224202107044641M.tif,DP0224202107044662M.tif,"[{'name': 'Few Left', 'priority': 1, 'urlParam': 'fewleft'}]",,https://www.jcpenney.com/p/safavieh-barstow-patio-collection-rocking-chair/ppr5008088358?pTmplType=regular&searchTerm=patio+and+outdoor+furniture&geoZip=55057,20251225,patio and outdoor furniture
Weather Resistant Side Table,ppr5008244793,4.25,4.0,100.0,100.0,100.0,100.0,ORIGINAL,False,False,available online only,False,False,original,False,True,"['Features: Quick Ship, Weather Resistant', 'Manufacturer Warranty: 1 Year', 'Shape: Square', 'Dining Height: Standard Height', 'Maximum Weight Limit: 110 Lbs']",0.0,0.0,ORIGINAL,False,False,79118070018,USD,more brands,"[{'colorName': 'Brown', 'swatchImageId': 'DP1023202515105878S.tif', 'colorizedImageId': 'DP1023202515105668M.tif', 'colorSeqNum': 1, 'skuId': '79118070018', 'defaultSwatch': False, 'skuAltImages': [{'imgId': 'DP0505202207023717M.tif', 'colorSeq': 0}, {'imgId': 'DP0505202207023720M.tif', 'colorSeq': 1}, {'imgId': 'DP1023202515110710M.tif', 'colorSeq': 2}]}, {'colorName': 'Gray', 'swatchImageId': 'DP1023202515105982S.tif', 'colorizedImageId': 'DP1023202515105773M.tif', 'colorSeqNum': 2, 'skuId': '79118070026', 'defaultSwatch': False, 'skuAltImages': [{'imgId': 'DP0505202207023719M.tif', 'colorSeq': 0}, {'imgId': 'DP0505202207023722M.tif', 'colorSeq': 1}, {'imgId': 'DP1023202515110815M.tif', 'colorSeq': 2}]}]",/p/weather-resistant-side-table/ppr5008244793?pTmplType=regular&searchTerm=patio+and+outdoor+furniture&geoZip=55057,"[{'message': 'Online Only', 'icon': 'mouse'}, {'message': 'Available for Shipping', 'icon': 'check'}]",False,791,True,90.0,90.0,GIFTWRAP,False,False,2022-05-24T15:05:01,DP1023202515105668M.tif,DP0505202207023717M.tif,,,https://www.jcpenney.com/p/weather-resistant-side-table/ppr5008244793?pTmplType=regular&searchTerm=patio+and+outdoor+furniture&geoZip=55057,20251225,patio and outdoor furniture
Wind Resistant Patio Umbrella,ppr5007987681,,,160.0,160.0,160.0,160.0,ORIGINAL,False,False,available online only,False,False,original,False,True,"['Features: Wind Resistant', 'Shape: Round', 'Measurements: 88 Height/Inches', 'Diameter: 7 1/2 Ft', 'Weight (lb.): 7 Lb']",0.0,0.0,ORIGINAL,False,False,79105910117,USD,more brands,"[{'colorName': 'Crimson Red', 'swatchImageId': 'DP0624202409224364S.tif', 'colorizedImageId': 'DP0624202409223139M.tif', 'colorSeqNum': 2, 'skuId': '79105910117', 'defaultSwatch': False, 'skuAltImages': [{'imgId': 'DP0624202409232033M.tif', 'colorSeq': 0}, {'imgId': 'DP0624202409230812M.tif', 'colorSeq': 1}, {'imgId': 'DP0624202409225588M.tif', 'colorSeq': 2}]}, {'colorName': 'Warm White', 'swatchImageId': 'DP0624202409224976S.tif', 'colorizedImageId': 'DP0624202409223753M.tif', 'colorSeqNum': 4, 'skuId': '79105910026', 'defaultSwatch': False, 'skuAltImages': [{'imgId': 'DP0624202409232644M.tif', 'colorSeq': 0}, {'imgId': 'DP0624202409231423M.tif', 'colorSeq': 1}, {'imgId': 'DP0624202409230201M.tif', 'colorSeq': 2}]}, {'colorName': 'Blue', 'swatchImageId': 'DP0624202409224058S.tif', 'colorizedImageId': 'DP0624202409222834M.tif', 'colorSeqNum': 8, 'skuId': '79105910075', 'defaultSwatch': False, 'skuAltImages': [{'imgId': 'DP0624202409231728M.tif', 'colorSeq': 0}, {'imgId': 'DP0624202409230507M.tif', 'colorSeq': 1}, {'imgId': 'DP0624202409225282M.tif', 'colorSeq': 2}]}, {'colorName': 'Orange', 'swatchImageId': 'DP0624202409224773S.tif', 'colorizedImageId': 'DP0624202409223548M.tif', 'colorSeqNum': 9, 'skuId': '79105910083', 'defaultSwatch': False, 'skuAltImages': [{'imgId': 'DP0624202409232440M.tif', 'colorSeq': 0}, {'imgId': 'DP0624202409231220M.tif', 'colorSeq': 1}, {'imgId': 'DP0624202409225998M.tif', 'colorSeq': 2}]}, {'colorName': 'Yellow', 'swatchImageId': 'DP0624202409225078S.tif', 'colorizedImageId': 'DP0624202409223855M.tif', 'colorSeqNum': 10, 'skuId': '79105910091', 'defaultSwatch': False, 'skuAltImages': [{'imgId': 'DP0624202409232745M.tif', 'colorSeq': 0}, {'imgId': 'DP0624202409231525M.tif', 'colorSeq': 1}, {'imgId': 'DP0624202409230303M.tif', 'colorSeq': 2}]}]",/p/wind-resistant-patio-umbrella/ppr5007987681?pTmplType=regular&searchTerm=patio+and+outdoor+furniture&geoZip=55057&selectedSKUId=79105910117,"[{'message': 'Online Only', 'icon': 'mouse'}, {'message': 'Available for Shipping', 'icon': 'check'}]",False,791,True,144.0,144.0,GIFTWRAP,False,True,2021-03-03T17:06:02,DP0624202409223139M.tif,DP0624202409232033M.tif,,,https://www.jcpenney.com/p/wind-resistant-patio-umbrella/ppr5007987681?pTmplType=regular&searchTerm=patio+and+outdoor+furniture&geoZip=55057&selectedSKUId=79105910117,20251225,patio and outdoor furniture
"Signature Design by Ashley® Coastline Bay Outdoor Sofa with Cushions
",ppr5008438085,,,3500.0,3500.0,3500.0,3500.0,ORIGINAL,False,False,available online only,False,False,original,False,True,"['# Pieces In Set: 11', 'Included: 3 Seat Cushion(s), 3 Seat Back Cushion(s), 4 Throw Pillow(s), 1 Sofa(s)', 'Features: Fade Resistant, Cushioned, Weather Resistant, Removable Cushions, Uv Protection, Stain Resistant, Rust Resistant', 'Seating Capacity: 3', 'Tools Required: Allen Wrench (included), Screws (included)']",0.0,0.0,ORIGINAL,True,False,79130300018,USD,signature design by ashley,"[{'colorName': 'Dk Brown', 'swatchImageId': 'DP0313202413025988S.tif', 'colorizedImageId': 'DP0313202413025679M.tif', 'colorSeqNum': 1, 'skuId': '79130300018', 'defaultSwatch': False, 'skuAltImages': [{'imgId': 'DP0313202413025782M.tif', 'colorSeq': 0}, {'imgId': 'DP0313202413025885M.tif', 'colorSeq': 1}, {'imgId': 'DP0313202413025576M.tif', 'colorSeq': 2}]}]",/p/signature-design-by-ashley-coastline-bay-outdoor-sofa-with-cushions/ppr5008438085?pTmplType=regular&searchTerm=patio+and+outdoor+furniture&geoZip=55057,"[{'message': 'Online Only', 'icon': 'mouse'}, {'message': 'Available for Shipping', 'icon': 'check'}]",False,791,True,2625.0,2625.0,RECLINER,False,False,2024-03-13T22:04:53,DP0313202413025679M.tif,DP0313202413025782M.tif,,,https://www.jcpenney.com/p/signature-design-by-ashley-coastline-bay-outdoor-sofa-with-cushions/ppr5008438085?pTmplType=regular&searchTerm=patio+and+outdoor+furniture&geoZip=55057,20251225,patio and outdoor furniture
4-pc. Dining Chair,ppr5008336756,,,560.0,560.0,560.0,560.0,ORIGINAL,False,False,available online only,False,False,original,False,True,"['# Pieces In Set: 4', 'Included: 2 Chair(s), 2 Seat Cushion(s)', 'Features: Water Resistant, Quick Ship, 4 Legs', 'Seating Capacity: 2', 'Tools Required: Allen Wrench (included), Screws (included)']",0.0,0.0,ORIGINAL,False,False,79122540018,USD,more brands,"[{'colorName': 'Gray', 'swatchImageId': 'DP0314202309303042S.tif', 'colorizedImageId': 'DP0314202309302628M.tif', 'colorSeqNum': 1, 'skuId': '79122540018', 'defaultSwatch': False, 'skuAltImages': [{'imgId': 'DP0314202309302730M.tif', 'colorSeq': 0}, {'imgId': 'DP0314202309302833M.tif', 'colorSeq': 1}, {'imgId': 'DP0314202309302419M.tif', 'colorSeq': 2}]}]",/p/4-pc-dining-chair/ppr5008336756?pTmplType=regular&searchTerm=patio+and+outdoor+furniture&geoZip=55057,"[{'message': 'Online Only', 'icon': 'mouse'}, {'message': 'Available for Shipping', 'icon': 'check'}]",False,791,True,504.0,504.0,GIFTWRAP,False,False,2023-03-14T22:10:10,DP0314202309302628M.tif,DP0314202309302730M.tif,,,https://www.jcpenney.com/p/4-pc-dining-chair/ppr5008336756?pTmplType=regular&searchTerm=patio+and+outdoor+furniture&geoZip=55057,20251225,patio and outdoor furniture
Button Patio Collection Side Table,ppr5008094551,,,630.0,630.0,630.0,630.0,ORIGINAL,False,False,available online only,False,False,original,False,True,"['Included: 1 Table(s)', 'Features: Water Resistant, Quick Ship', 'Shape: Round', 'Bar Measurements: 18.1 Height/Inches, 16.5 Width/Inches, 16.5 Depth/Inches', 'Maximum Weight Limit: 50 Lbs']",0.0,0.0,ORIGINAL,False,False,79109690026,USD,more brands,"[{'colorName': 'Dark Grey', 'swatchImageId': 'DP0311202113015917S.tif', 'colorizedImageId': 'DP0311202113015909M.tif', 'colorSeqNum': 1, 'skuId': '79109690018', 'defaultSwatch': False, 'skuAltImages': [{'imgId': 'DP0311202113015947M.tif', 'colorSeq': 0}, {'imgId': 'DP0311202113015940M.tif', 'colorSeq': 1}, {'imgId': 'DP0311202113015932M.tif', 'colorSeq': 2}]}, {'colorName': 'Ivory', 'swatchImageId': 'DP0311202113015921S.tif', 'colorizedImageId': 'DP0311202113015913M.tif', 'colorSeqNum': 2, 'skuId': '79109690026', 'defaultSwatch': False, 'skuAltImages': [{'imgId': 'DP0311202113015952M.tif', 'colorSeq': 0}, {'imgId': 'DP0311202113015944M.tif', 'colorSeq': 1}, {'imgId': 'DP0311202113015936M.tif', 'colorSeq': 2}]}]",/p/button-patio-collection-side-table/ppr5008094551?pTmplType=regular&searchTerm=patio+and+outdoor+furniture&geoZip=55057,"[{'message': 'Online Only', 'icon': 'mouse'}, {'message': 'Available for Shipping', 'icon': 'check'}]",False,791,True,567.0,567.0,GIFTWRAP,False,False,2021-03-11T22:03:09,DP0311202113015909M.tif,DP0311202113015947M.tif,,,https://www.jcpenney.com/p/button-patio-collection-side-table/ppr5008094551?pTmplType=regular&searchTerm=patio+and+outdoor+furniture&geoZip=55057,20251225,patio and outdoor furniture
Perla Coffee Table,ppr5008297258,,,450.0,450.0,450.0,450.0,ORIGINAL,False,False,available online only,False,False,original,False,True,"['Features: 4 Legs', 'Manufacturer Warranty: 90 Days', 'Shape: Square', 'Tools Required: Screws (included), Allen Wrench (included)', 'Maximum Weight Limit: 300 Lbs']",0.0,0.0,ORIGINAL,False,False,79120760018,USD,more brands,"[{'colorName': 'Teak', 'swatchImageId': 'DP1010202207504103S.tif', 'colorizedImageId': 'DP1010202207504000M.tif', 'colorSeqNum': 1, 'skuId': '79120760018', 'defaultSwatch': False, 'skuAltImages': [{'imgId': 'DP1010202207504206M.tif', 'colorSeq': 0}, {'imgId': 'DP1010202207503895M.tif', 'colorSeq': 1}, {'imgId': 'DP1010202207503792M.tif', 'colorSeq': 2}]}]",/p/perla-coffee-table/ppr5008297258?pTmplType=regular&searchTerm=patio+and+outdoor+furniture&geoZip=55057,"[{'message': 'Online Only', 'icon': 'mouse'}, {'message': 'Available for Shipping', 'icon': 'check'}]",False,791,True,405.0,405.0,GIFTWRAP,False,False,2022-10-10T22:09:33,DP1010202207504000M.tif,DP1010202207504206M.tif,,,https://www.jcpenney.com/p/perla-coffee-table/ppr5008297258?pTmplType=regular&searchTerm=patio+and+outdoor+furniture&geoZip=55057,20251225,patio and outdoor furniture
Corliving Parksville Side Table,ppr5008132535,,,180.0,180.0,180.0,180.0,ORIGINAL,False,False,available online only,False,False,original,False,True,"['Included: 1 Table(s)', 'Features: Uv Protection, Quick Ship, Water Resistant', 'Joinery: Glued', 'Manufacturer Warranty: 6 Month', 'Tools Required: Screws (included), Allen Wrench (included)']",0.0,0.0,ORIGINAL,False,False,79114070018,USD,more brands,"[{'colorName': 'Black', 'swatchImageId': 'DP0614202107015818S.tif', 'colorizedImageId': 'DP0614202107015814M.tif', 'colorSeqNum': 1, 'skuId': '79114070018', 'defaultSwatch': False, 'skuAltImages': [{'imgId': 'DP0614202107015850M.tif', 'colorSeq': 0}, {'imgId': 'DP0614202107015835M.tif', 'colorSeq': 1}, {'imgId': 'DP0614202107015838M.tif', 'colorSeq': 2}]}]",/p/corliving-parksville-side-table/ppr5008132535?pTmplType=regular&searchTerm=patio+and+outdoor+furniture&geoZip=55057,"[{'message': 'Online Only', 'icon': 'mouse'}, {'message': 'Available for Shipping', 'icon': 'check'}]",False,791,True,162.0,162.0,GIFTWRAP,False,False,2021-06-14T22:04:05,DP0614202107015814M.tif,DP0614202107015850M.tif,,,https://www.jcpenney.com/p/corliving-parksville-side-table/ppr5008132535?pTmplType=regular&searchTerm=patio+and+outdoor+furniture&geoZip=55057,20251225,patio and outdoor furniture
Safavieh Pacey Patio Collection Weather Resistant Concrete Coffee Table,ppr5008094584,,,1150.0,1150.0,1150.0,1150.0,ORIGINAL,False,False,available online only,False,False,original,False,True,"['Included: 1 Table(s)', 'Features: Quick Ship, Weather Resistant', 'Joinery: Screwed', 'Shape: Rectangle', 'Tools Required: Screws (included), Allen Wrench (included)']",0.0,0.0,ORIGINAL,False,False,79109800018,USD,safavieh,"[{'colorName': 'Dark Grey', 'swatchImageId': 'DP0311202113020327S.tif', 'colorizedImageId': 'DP0311202113020323M.tif', 'colorSeqNum': 1, 'skuId': '79109800018', 'defaultSwatch': False, 'skuAltImages': [{'imgId': 'DP0311202113020336M.tif', 'colorSeq': 0}, {'imgId': 'DP0311202113020345M.tif', 'colorSeq': 1}, {'imgId': 'DP0311202113020341M.tif', 'colorSeq': 2}]}]",/p/safavieh-pacey-patio-collection-weather-resistant-concrete-coffee-table/ppr5008094584?pTmplType=regular&searchTerm=patio+and+outdoor+furniture&geoZip=55057,"[{'message': 'Online Only', 'icon': 'mouse'}, {'message': 'Available for Shipping', 'icon': 'check'}]",False,791,True,862.5,862.5,RECLINER,False,False,2021-03-11T22:03:12,DP0311202113020323M.tif,DP0311202113020336M.tif,,,https://www.jcpenney.com/p/safavieh-pacey-patio-collection-weather-resistant-concrete-coffee-table/ppr5008094584?pTmplType=regular&searchTerm=patio+and+outdoor+furniture&geoZip=55057,20251225,patio and outdoor furniture
Safavieh Chaston 4-pc. Conversation Set Cushioned,ppr5008448181,,,1800.0,1800.0,1800.0,1800.0,ORIGINAL,False,False,available online only,False,False,original,False,True,"['# Pieces In Set: 4', 'Included: 3 Seat Cushion(s), 2 Chair(s), 1 Table(s), 4 Throw Pillow(s), 1 Bench(es), 3 Seat Back Cushion(s)', 'Features: Cushioned, Quick Ship', 'Joinery: Screwed', 'Seating Capacity: 4']",0.0,0.0,ORIGINAL,False,False,79131340018,USD,safavieh,"[{'colorName': 'Natural Beige Navy', 'swatchImageId': 'DP0428202407052137S.tif', 'colorizedImageId': 'DP0428202407051832M.tif', 'colorSeqNum': 1, 'skuId': '79131340018', 'defaultSwatch': False, 'skuAltImages': [{'imgId': 'DP0428202407051934M.tif', 'colorSeq': 0}, {'imgId': 'DP0428202407052444M.tif', 'colorSeq': 1}, {'imgId': 'DP0428202407052341M.tif', 'colorSeq': 2}]}]",/p/safavieh-chaston-4-pc-conversation-set-cushioned/ppr5008448181?pTmplType=regular&searchTerm=patio+and+outdoor+furniture&geoZip=55057,"[{'message': 'Online Only', 'icon': 'mouse'}, {'message': 'Available for Shipping', 'icon': 'check'}]",False,791,True,1350.0,1350.0,RECLINER,False,False,2024-04-25T22:03:02,DP0428202407051832M.tif,DP0428202407051934M.tif,,,https://www.jcpenney.com/p/safavieh-chaston-4-pc-conversation-set-cushioned/ppr5008448181?pTmplType=regular&searchTerm=patio+and+outdoor+furniture&geoZip=55057,20251225,patio and outdoor furniture
Oana 6-pc. Conversation Set,ppr5008431273,,,3350.0,3350.0,3350.0,3350.0,ORIGINAL,False,False,available online only,False,False,original,False,True,"['# Pieces In Set: 6', 'Included: 7 Seat Back Cushion(s), 1 Coffee Table, 5 Chair(s), 7 Seat Cushion(s)', 'Features: Quick Ship, Removable Cushions', 'Manufacturer Warranty: 90 Days Limited', 'Seating Capacity: 5']",0.0,0.0,ORIGINAL,False,False,79129530018,USD,more brands,"[{'colorName': 'Beige', 'swatchImageId': 'DP0209202413050620S.tif', 'colorizedImageId': 'DP0409202407050576M.tif', 'colorSeqNum': 1, 'skuId': '79129530018', 'defaultSwatch': False, 'skuAltImages': [{'imgId': 'DP0409202407050371M.tif', 'colorSeq': 0}, {'imgId': 'DP0409202407050885M.tif', 'colorSeq': 2}, {'imgId': 'DP0409202407050782M.tif', 'colorSeq': 3}]}]",/p/oana-6-pc-conversation-set/ppr5008431273?pTmplType=regular&searchTerm=patio+and+outdoor+furniture&geoZip=55057,"[{'message': 'Online Only', 'icon': 'mouse'}, {'message': 'Available for Shipping', 'icon': 'check'}]",False,791,True,2512.5,2512.5,RECLINER,False,False,2024-04-01T07:02:33,DP0409202407050576M.tif,DP0409202407050371M.tif,,,https://www.jcpenney.com/p/oana-6-pc-conversation-set/ppr5008431273?pTmplType=regular&searchTerm=patio+and+outdoor+furniture&geoZip=55057,20251225,patio and outdoor furniture
Oana 5-pc. Conversation Set,ppr5008376374,,,3210.0,3210.0,3210.0,3210.0,ORIGINAL,False,False,available online only,False,False,original,False,True,"['# Pieces In Set: 5', 'Included: 5 Chair(s)', 'Features: 4 Legs', 'Manufacturer Warranty: 90 Days Limited', 'Seating Capacity: 5']",0.0,0.0,ORIGINAL,False,False,79127440018,USD,more brands,"[{'colorName': 'Teak Beige', 'swatchImageId': 'DP0706202307264371S.tif', 'colorizedImageId': 'DP0706202307264268M.tif', 'colorSeqNum': 1, 'skuId': '79127440018', 'defaultSwatch': False, 'skuAltImages': [{'imgId': 'DP0706202307264577M.tif', 'colorSeq': 0}, {'imgId': 'DP1023202307142947M.tif', 'colorSeq': 1}, {'imgId': 'DP0706202307264784M.tif', 'colorSeq': 3}]}]",/p/oana-5-pc-conversation-set/ppr5008376374?pTmplType=regular&searchTerm=patio+and+outdoor+furniture&geoZip=55057,"[{'message': 'Online Only', 'icon': 'mouse'}, {'message': 'Available for Shipping', 'icon': 'check'}]",False,791,True,2407.5,2407.5,RECLINER,False,False,2023-07-14T19:04:39,DP0706202307264268M.tif,DP0706202307264577M.tif,"[{'name': 'Few Left', 'priority': 1, 'urlParam': 'fewleft'}]",,https://www.jcpenney.com/p/oana-5-pc-conversation-set/ppr5008376374?pTmplType=regular&searchTerm=patio+and+outdoor+furniture&geoZip=55057,20251225,patio and outdoor furniture
Safavieh 5-pc. Conversation Set,ppr5008240295,,,2270.0,2270.0,2270.0,2270.0,ORIGINAL,False,False,available online only,False,False,original,False,True,"['# Pieces In Set: 5', 'Included: 4 Chair(s), 1 Coffee Table(s)', 'Features: Quick Ship', 'Joinery: Glued, Screwed, Nailed', 'Seating Capacity: 4']",0.0,0.0,ORIGINAL,False,False,79116730018,USD,safavieh,"[{'colorName': 'Grey', 'swatchImageId': 'DP0422202207055107S.tif', 'colorizedImageId': 'DP0422202207055097M.tif', 'colorSeqNum': 1, 'skuId': '79116730018', 'defaultSwatch': False, 'skuAltImages': [{'imgId': 'DP0422202207055116M.tif', 'colorSeq': 0}, {'imgId': 'DP0422202207055110M.tif', 'colorSeq': 1}, {'imgId': 'DP0422202207055100M.tif', 'colorSeq': 2}]}]",/p/safavieh-5-pc-conversation-set/ppr5008240295?pTmplType=regular&searchTerm=patio+and+outdoor+furniture&geoZip=55057,"[{'message': 'Online Only', 'icon': 'mouse'}, {'message': 'Available for Shipping', 'icon': 'check'}]",False,791,True,1702.5,1702.5,RECLINER,False,False,2022-04-22T22:03:30,DP0422202207055097M.tif,DP0422202207055116M.tif,,,https://www.jcpenney.com/p/safavieh-5-pc-conversation-set/ppr5008240295?pTmplType=regular&searchTerm=patio+and+outdoor+furniture&geoZip=55057,20251225,patio and outdoor furniture
Mozaic Company Deep Seating Sofa Pillow And Cushion Set Patio Chair Cushion - Mare,ppr5008340889,,,378.99,378.99,633.0,633.0,SALE,False,False,available online only,False,False,original,False,True,"['# Pieces In Set: 6', 'Features: Weather Resistant, Stain Resistant, Water Resistant', 'Finishing Feature: Cording', 'Use: Outdoor', 'Back Cushion Measurements: 5 Height/Inches, 22 Width/Inches, 27 Depth/Inches']",0.0,0.0,SALE,False,False,62740710018,USD,more brands,"[{'colorName': 'Mare', 'swatchImageId': 'DP0110202307354014S.tif', 'colorizedImageId': 'DP0110202307353911M.tif', 'colorSeqNum': 1, 'skuId': '62740710018', 'defaultSwatch': False, 'skuAltImages': [{'imgId': 'DP0110202307354117M.tif', 'colorSeq': 0}, {'imgId': 'DP0110202307353809M.tif', 'colorSeq': 1}, {'imgId': 'DP0110202307353707M.tif', 'colorSeq': 2}]}]",/p/mozaic-company-deep-seating-sofa-pillow-and-cushion-set-patio-chair-cushion-mare/ppr5008340889?pTmplType=regular&searchTerm=patio+and+outdoor+furniture&geoZip=55057,"[{'message': 'Online Only', 'icon': 'mouse'}, {'message': 'Available for Shipping', 'icon': 'check'}]",False,627,True,341.09,341.09,YULETIDE,False,False,2023-03-07T04:40:46,DP0110202307353911M.tif,DP0110202307354117M.tif,,,https://www.jcpenney.com/p/mozaic-company-deep-seating-sofa-pillow-and-cushion-set-patio-chair-cushion-mare/ppr5008340889?pTmplType=regular&searchTerm=patio+and+outdoor+furniture&geoZip=55057,20251225,patio and outdoor furniture
Safavieh Hooper 2 Pack,ppr5008349097,,,940.0,940.0,940.0,940.0,ORIGINAL,False,False,available online only,False,False,original,False,True,"['# Pieces In Set: 2-Pack', 'Included: 2 Chair(s)', 'Features: Stackable', 'Joinery: Screwed', 'Seating Capacity: 1']",0.0,0.0,ORIGINAL,False,False,79123360018,USD,safavieh,"[{'colorName': 'Navy White', 'swatchImageId': 'DP0405202309245090S.tif', 'colorizedImageId': 'DP0405202309244057M.tif', 'colorSeqNum': 1, 'skuId': '79123360059', 'defaultSwatch': False, 'skuAltImages': [{'imgId': 'DP0405202309244780M.tif', 'colorSeq': 0}, {'imgId': 'DP0405202309250532M.tif', 'colorSeq': 1}, {'imgId': 'DP0405202309250121M.tif', 'colorSeq': 2}]}, {'colorName': 'Blue White', 'swatchImageId': 'DP0405202309244884S.tif', 'colorizedImageId': 'DP0405202309243851M.tif', 'colorSeqNum': 2, 'skuId': '79123360018', 'defaultSwatch': False, 'skuAltImages': [{'imgId': 'DP0405202309244367M.tif', 'colorSeq': 0}, {'imgId': 'DP0405202309245915M.tif', 'colorSeq': 1}, {'imgId': 'DP0405202309242816M.tif', 'colorSeq': 2}]}, {'colorName': 'Grey White', 'swatchImageId': 'DP0405202309244987S.tif', 'colorizedImageId': 'DP0405202309243954M.tif', 'colorSeqNum': 3, 'skuId': '79123360026', 'defaultSwatch': False, 'skuAltImages': [{'imgId': 'DP0405202309244471M.tif', 'colorSeq': 0}, {'imgId': 'DP0405202309250018M.tif', 'colorSeq': 1}, {'imgId': 'DP0405202309242920M.tif', 'colorSeq': 2}]}, {'colorName': 'Red White', 'swatchImageId': 'DP0405202309245193S.tif', 'colorizedImageId': 'DP0405202309244161M.tif', 'colorSeqNum': 4, 'skuId': '79123360034', 'defaultSwatch': False, 'skuAltImages': [{'imgId': 'DP0405202309244574M.tif', 'colorSeq': 0}, {'imgId': 'DP0405202309250224M.tif', 'colorSeq': 1}, {'imgId': 'DP0405202309243126M.tif', 'colorSeq': 2}]}, {'colorName': 'Black White', 'swatchImageId': 'DP0902202415084529S.tif', 'colorizedImageId': 'DP0902202415084326M.tif', 'colorSeqNum': 6, 'skuId': '79123360067', 'defaultSwatch': False, 'skuAltImages': [{'imgId': 'DP0902202415084428M.tif', 'colorSeq': 0}, {'imgId': 'DP0902202415084123M.tif', 'colorSeq': 1}, {'imgId': 'DP0902202415084834M.tif', 'colorSeq': 2}]}]",/p/safavieh-hooper-2-pack/ppr5008349097?pTmplType=regular&searchTerm=patio+and+outdoor+furniture&geoZip=55057,"[{'message': 'Online Only', 'icon': 'mouse'}, {'message': 'Available for Shipping', 'icon': 'check'}]",False,791,True,705.0,705.0,RECLINER,False,False,2023-04-05T22:05:15,DP0405202309244057M.tif,DP0405202309244780M.tif,,,https://www.jcpenney.com/p/safavieh-hooper-2-pack/ppr5008349097?pTmplType=regular&searchTerm=patio+and+outdoor+furniture&geoZip=55057,20251225,patio and outdoor furniture
Arcadia 2-pc. Rocking Chair,ppr5008367196,,,750.0,750.0,750.0,750.0,ORIGINAL,False,False,available online only,False,False,original,False,True,"['# Pieces In Set: 2', 'Included: 2 Chair(s)', 'Features: Easy Care, Easy Clean, Easy To Use, Quick Ship, 4 Legs', 'Manufacturer Warranty: 90 Days Limited', 'Seating Capacity: 1']",0.0,0.0,ORIGINAL,False,False,79126310018,USD,more brands,"[{'colorName': 'Teak', 'swatchImageId': 'DP1023202517022897S.tif', 'colorizedImageId': 'DP1023202517022792M.tif', 'colorSeqNum': 1, 'skuId': '79126310018', 'defaultSwatch': False, 'skuAltImages': [{'imgId': 'DP1023202517023315M.tif', 'colorSeq': 0}, {'imgId': 'DP1023202517023211M.tif', 'colorSeq': 1}, {'imgId': 'DP1023202517023001M.tif', 'colorSeq': 2}]}]",/p/arcadia-2-pc-rocking-chair/ppr5008367196?pTmplType=regular&searchTerm=patio+and+outdoor+furniture&geoZip=55057,"[{'message': 'Online Only', 'icon': 'mouse'}, {'message': 'Available for Shipping', 'icon': 'check'}]",False,791,True,562.5,562.5,RECLINER,False,False,2025-10-23T22:05:50,DP1023202517022792M.tif,DP1023202517023315M.tif,"[{'name': 'NEW', 'priority': 1, 'urlParam': 'new'}]",,https://www.jcpenney.com/p/arcadia-2-pc-rocking-chair/ppr5008367196?pTmplType=regular&searchTerm=patio+and+outdoor+furniture&geoZip=55057,20251225,patio and outdoor furniture
Hampton 2-pc. Club Chair,ppr5008330495,,,725.0,725.0,725.0,725.0,ORIGINAL,False,False,available online only,False,False,original,False,True,"['# Pieces In Set: 2', 'Included: 2 Chair(s)', 'Features: Weather Resistant, Quick Ship', 'Manufacturer Warranty: 90 Days Limited', 'Seating Capacity: 2']",0.0,0.0,ORIGINAL,False,False,79121610018,USD,more brands,"[{'colorName': 'Natural  Gray', 'swatchImageId': 'DP0215202309134630S.tif', 'colorizedImageId': 'DP0215202309134528M.tif', 'colorSeqNum': 1, 'skuId': '79121610018', 'defaultSwatch': False, 'skuAltImages': [{'imgId': 'DP0215202309134836M.tif', 'colorSeq': 0}, {'imgId': 'DP0215202309134939M.tif', 'colorSeq': 1}, {'imgId': 'DP0215202309135042M.tif', 'colorSeq': 2}]}]",/p/hampton-2-pc-club-chair/ppr5008330495?pTmplType=regular&searchTerm=patio+and+outdoor+furniture&geoZip=55057,"[{'message': 'Online Only', 'icon': 'mouse'}, {'message': 'Available for Shipping', 'icon': 'check'}]",False,791,True,652.5,652.5,GIFTWRAP,False,False,2023-02-15T22:05:59,DP0215202309134528M.tif,DP0215202309134836M.tif,,,https://www.jcpenney.com/p/hampton-2-pc-club-chair/ppr5008330495?pTmplType=regular&searchTerm=patio+and+outdoor+furniture&geoZip=55057,20251225,patio and outdoor furniture
Pegasus Patio Umbrella,ppr5008345316,,,380.0,380.0,380.0,380.0,ORIGINAL,False,False,available online only,False,False,original,False,True,"['Features: Weather Resistant, Tiltable, Solar Powered, Collapsible, Vented, Led Lights', 'Manufacturer Warranty: 6 Month', 'Shape: Octagon', 'Measurements: 102 Depth/Inches, 102 Width/Inches, 95 Height/Inches', 'Diameter: 9 Ft']",0.0,0.0,ORIGINAL,False,False,79123140018,USD,more brands,"[{'colorName': 'White N Black', 'swatchImageId': 'DP0328202307341029S.tif', 'colorizedImageId': 'DP0328202307340822M.tif', 'colorSeqNum': 1, 'skuId': '79123140018', 'defaultSwatch': False, 'skuAltImages': [{'imgId': 'DP0328202307340925M.tif', 'colorSeq': 0}, {'imgId': 'DP0328202307341237M.tif', 'colorSeq': 1}, {'imgId': 'DP0328202307341133M.tif', 'colorSeq': 2}]}]",/p/pegasus-patio-umbrella/ppr5008345316?pTmplType=regular&searchTerm=patio+and+outdoor+furniture&geoZip=55057,"[{'message': 'Online Only', 'icon': 'mouse'}, {'message': 'Available for Shipping', 'icon': 'check'}]",False,791,True,342.0,342.0,GIFTWRAP,False,False,2023-03-28T22:05:10,DP0328202307340822M.tif,DP0328202307340925M.tif,"[{'name': 'Few Left', 'priority': 1, 'urlParam': 'fewleft'}]",,https://www.jcpenney.com/p/pegasus-patio-umbrella/ppr5008345316?pTmplType=regular&searchTerm=patio+and+outdoor+furniture&geoZip=55057,20251225,patio and outdoor furniture
"Signature Design by Ashley® Sundown Treasure Outdoor Adirondack Chair
",ppr5007986974,4.3333,33.0,500.0,540.0,500.0,540.0,ORIGINAL,False,False,available online only,False,False,original,False,True,"['Included: 1 Chair(s)', 'Features: Waterproof, Weather Resistant', 'Seating Capacity: 1', 'Tools Required: Allen Wrench (included), Screws (included)', 'Chair Measurements: 33.38 Depth/Inches, 38 Height/Inches, 31.25 Width/Inches']",0.0,0.0,ORIGINAL,False,False,79130420018,USD,signature design by ashley,"[{'colorName': 'Black', 'swatchImageId': 'DP0313202413042116S.tif', 'colorizedImageId': 'DP0313202413041806M.tif', 'colorSeqNum': 1, 'skuId': '79130420018', 'defaultSwatch': False, 'skuAltImages': [{'imgId': 'DP0313202413041909M.tif', 'colorSeq': 0}, {'imgId': 'DP0313202413042012M.tif', 'colorSeq': 1}, {'imgId': 'DP0313202413041600M.tif', 'colorSeq': 2}]}, {'colorName': 'Blue', 'swatchImageId': 'DP0524202307263429S.tif', 'colorizedImageId': 'DP0524202307263118M.tif', 'colorSeqNum': 2, 'skuId': '79124020018', 'defaultSwatch': False, 'skuAltImages': [{'imgId': 'DP0524202307263221M.tif', 'colorSeq': 0}, {'imgId': 'DP0524202307263325M.tif', 'colorSeq': 1}, {'imgId': 'DP0524202307262912M.tif', 'colorSeq': 2}]}]",/p/signature-design-by-ashley-sundown-treasure-outdoor-adirondack-chair/ppr5007986974?pTmplType=regular&searchTerm=patio+and+outdoor+furniture&geoZip=55057,"[{'message': 'Online Only', 'icon': 'mouse'}, {'message': 'Available for Shipping', 'icon': 'check'}]",False,791,True,486.0,450.0,GIFTWRAP,False,False,2023-01-05T22:03:53,DP0313202413041806M.tif,DP0313202413041909M.tif,,"[{'name': 'Shop the Collection', 'priority': 1, 'urlParam': 'collection'}]",https://www.jcpenney.com/p/signature-design-by-ashley-sundown-treasure-outdoor-adirondack-chair/ppr5007986974?pTmplType=regular&searchTerm=patio+and+outdoor+furniture&geoZip=55057,20251225,patio and outdoor furniture
Safavieh Abia Patio Collection Bench,ppr5008091384,,,420.0,420.0,420.0,420.0,ORIGINAL,False,False,available online only,False,False,original,False,True,"['Included: 1 Bench(es)', 'Features: Weather Resistant, Quick Ship', 'Joinery: Welded Joint, Screwed', 'Seating Capacity: 2', 'Tools Required: Screws (included), Allen Wrench (included)']",0.0,0.0,ORIGINAL,False,False,79108790018,USD,safavieh,"[{'colorName': 'Antique White', 'swatchImageId': 'DP0302202115032041S.tif', 'colorizedImageId': 'DP0302202115032029M.tif', 'colorSeqNum': 1, 'skuId': '79108790018', 'defaultSwatch': False, 'skuAltImages': [{'imgId': 'DP0302202115032111M.tif', 'colorSeq': 0}, {'imgId': 'DP0302202115032100M.tif', 'colorSeq': 1}, {'imgId': 'DP0302202115032083M.tif', 'colorSeq': 2}]}, {'colorName': 'Rustic Brown', 'swatchImageId': 'DP0302202115032045S.tif', 'colorizedImageId': 'DP0302202115032033M.tif', 'colorSeqNum': 2, 'skuId': '79108790026', 'defaultSwatch': False, 'skuAltImages': [{'imgId': 'DP0302202115032115M.tif', 'colorSeq': 0}, {'imgId': 'DP0302202115032103M.tif', 'colorSeq': 1}, {'imgId': 'DP0302202115032089M.tif', 'colorSeq': 2}]}, {'colorName': 'Antique Blue', 'swatchImageId': 'DP0302202115032037S.tif', 'colorizedImageId': 'DP0302202115032024M.tif', 'colorSeqNum': 3, 'skuId': '79108790034', 'defaultSwatch': False, 'skuAltImages': [{'imgId': 'DP0302202115032107M.tif', 'colorSeq': 0}, {'imgId': 'DP0302202115032095M.tif', 'colorSeq': 1}, {'imgId': 'DP0302202115032076M.tif', 'colorSeq': 2}]}, {'colorName': 'Antique Green', 'swatchImageId': 'DP0903202407201977S.tif', 'colorizedImageId': 'DP0903202407201876M.tif', 'colorSeqNum': 4, 'skuId': '79108790042', 'defaultSwatch': False, 'skuAltImages': [{'imgId': 'DP0903202407202283M.tif', 'colorSeq': 0}, {'imgId': 'DP0903202407202589M.tif', 'colorSeq': 1}, {'imgId': 'DP0903202407202385M.tif', 'colorSeq': 2}]}]",/p/safavieh-abia-patio-collection-bench/ppr5008091384?pTmplType=regular&searchTerm=patio+and+outdoor+furniture&geoZip=55057,"[{'message': 'Online Only', 'icon': 'mouse'}, {'message': 'Available for Shipping', 'icon': 'check'}]",False,791,True,378.0,378.0,GIFTWRAP,False,False,2021-03-02T22:04:33,DP0302202115032029M.tif,DP0302202115032111M.tif,,,https://www.jcpenney.com/p/safavieh-abia-patio-collection-bench/ppr5008091384?pTmplType=regular&searchTerm=patio+and+outdoor+furniture&geoZip=55057,20251225,patio and outdoor furniture
Safavieh Ressi Patio Collection Rocking Bench,ppr5008091387,,,670.0,670.0,670.0,670.0,ORIGINAL,False,False,available online only,False,False,original,False,True,"['Included: 1 Bench(es)', 'Features: Quick Ship, Weather Resistant, Rocking', 'Joinery: Welded Joint, Screwed', 'Seating Capacity: 2', 'Tools Required: Allen Wrench (included), Screws (included)']",0.0,0.0,ORIGINAL,False,False,79108810026,USD,safavieh,"[{'colorName': 'Black Rust', 'swatchImageId': 'DP0302202115032186S.tif', 'colorizedImageId': 'DP0302202115032176M.tif', 'colorSeqNum': 1, 'skuId': '79108810026', 'defaultSwatch': False, 'skuAltImages': [{'imgId': 'DP0302202115032232M.tif', 'colorSeq': 0}, {'imgId': 'DP0302202115032220M.tif', 'colorSeq': 1}, {'imgId': 'DP0302202115032203M.tif', 'colorSeq': 2}]}, {'colorName': 'Pearl White', 'swatchImageId': 'DP0302202115032189S.tif', 'colorizedImageId': 'DP0302202115032180M.tif', 'colorSeqNum': 2, 'skuId': '79108810018', 'defaultSwatch': False, 'skuAltImages': [{'imgId': 'DP0302202115032240M.tif', 'colorSeq': 0}, {'imgId': 'DP0302202115032227M.tif', 'colorSeq': 1}, {'imgId': 'DP0302202115032211M.tif', 'colorSeq': 2}]}, {'colorName': 'Antique Green', 'swatchImageId': 'DP0903202407203910S.tif', 'colorizedImageId': 'DP0903202407203809M.tif', 'colorSeqNum': 3, 'skuId': '79108810034', 'defaultSwatch': False, 'skuAltImages': [{'imgId': 'DP0903202407204419M.tif', 'colorSeq': 0}, {'imgId': 'DP0903202407203606M.tif', 'colorSeq': 1}, {'imgId': 'DP0903202407204215M.tif', 'colorSeq': 2}]}]",/p/safavieh-ressi-patio-collection-rocking-bench/ppr5008091387?pTmplType=regular&searchTerm=patio+and+outdoor+furniture&geoZip=55057,"[{'message': 'Online Only', 'icon': 'mouse'}, {'message': 'Available for Shipping', 'icon': 'check'}]",False,791,True,603.0,603.0,GIFTWRAP,False,False,2021-03-02T22:04:33,DP0302202115032176M.tif,DP0302202115032232M.tif,,,https://www.jcpenney.com/p/safavieh-ressi-patio-collection-rocking-bench/ppr5008091387?pTmplType=regular&searchTerm=patio+and+outdoor+furniture&geoZip=55057,20251225,patio and outdoor furniture
"LR Home Caerwyn 20"" Handmade Polyester Pouf",ppr5008630110,,,275.0,275.0,275.0,275.0,ORIGINAL,False,False,available online only,False,False,original,False,True,"['Features: Indoor/Outdoor', 'Seating Capacity: 1', 'Measurements: 20 Height/Inches, 20 Width/Inches, 20 Depth/Inches', 'Maximum Weight Limit: 300 Lbs', 'Seat Height: 20 In']",0.0,0.0,ORIGINAL,False,False,79738550133,USD,lr home,"[{'colorName': 'White', 'swatchImageId': 'DP1031202507224947S.tif', 'colorizedImageId': 'DP1027202511041771M.tif', 'colorSeqNum': 1, 'skuId': '79738550133', 'defaultSwatch': False, 'skuAltImages': [{'imgId': 'DP1027202511042294M.tif', 'colorSeq': 0}, {'imgId': 'DP1027202511041876M.tif', 'colorSeq': 1}, {'imgId': 'DP1027202511042085M.tif', 'colorSeq': 2}]}]",/p/lr-home-caerwyn-20-handmade-polyester-pouf/ppr5008630110?pTmplType=regular&searchTerm=patio+and+outdoor+furniture&geoZip=55057,"[{'message': 'Online Only', 'icon': 'mouse'}, {'message': 'Available for Shipping', 'icon': 'check'}]",False,797,True,247.5,247.5,GIFTWRAP,False,False,2025-11-03T09:57:30,DP1027202511041771M.tif,DP1027202511042294M.tif,"[{'name': 'NEW', 'priority': 1, 'urlParam': 'new'}]",,https://www.jcpenney.com/p/lr-home-caerwyn-20-handmade-polyester-pouf/ppr5008630110?pTmplType=regular&searchTerm=patio+and+outdoor+furniture&geoZip=55057,20251225,patio and outdoor furniture
Chase Bentwood Bench,ppr5008451426,,,870.0,870.0,870.0,870.0,ORIGINAL,False,False,available online only,False,False,original,False,True,"['Included: 1 Seat Cushion(s), 1 Bench(es)', 'Features: Cushioned, Quick Ship', 'Manufacturer Warranty: 6 Month', 'Seating Capacity: 2', 'Measurements: 24.5 Depth/Inches, 35 Height/Inches, 48.25 Width/Inches']",0.0,0.0,ORIGINAL,True,False,79131490018,USD,more brands,"[{'colorName': 'Brown', 'swatchImageId': 'DP0513202415123456S.tif', 'colorizedImageId': 'DP0513202415123152M.tif', 'colorSeqNum': 1, 'skuId': '79131490018', 'defaultSwatch': False, 'skuAltImages': [{'imgId': 'DP0513202415123253M.tif', 'colorSeq': 0}, {'imgId': 'DP0513202415123355M.tif', 'colorSeq': 1}, {'imgId': 'DP0513202415122948M.tif', 'colorSeq': 2}]}]",/p/chase-bentwood-bench/ppr5008451426?pTmplType=regular&searchTerm=patio+and+outdoor+furniture&geoZip=55057,"[{'message': 'Online Only', 'icon': 'mouse'}, {'message': 'Available for Shipping', 'icon': 'check'}]",False,791,True,652.5,652.5,RECLINER,False,False,2024-05-13T22:04:55,DP0513202415123152M.tif,DP0513202415123253M.tif,,,https://www.jcpenney.com/p/chase-bentwood-bench/ppr5008451426?pTmplType=regular&searchTerm=patio+and+outdoor+furniture&geoZip=55057,20251225,patio and outdoor furniture
Safavieh California 2 Pack,ppr5008349103,,,900.0,900.0,900.0,900.0,ORIGINAL,False,False,available online only,False,False,original,False,True,"['# Pieces In Set: 2-Pack', 'Included: 2 Chair(s)', 'Joinery: Screwed', 'Seating Capacity: 1', 'Measurements: 21.5 Depth/Inches, 35 Width/Inches, 19.75 Height/Inches']",0.0,0.0,ORIGINAL,False,False,79123430018,USD,safavieh,"[{'colorName': 'Natural', 'swatchImageId': 'DP0405202311125003S.tif', 'colorizedImageId': 'DP0405202311122319M.tif', 'colorSeqNum': 1, 'skuId': '79123430018', 'defaultSwatch': False, 'skuAltImages': [{'imgId': 'DP0405202311123041M.tif', 'colorSeq': 0}, {'imgId': 'DP0405202311123764M.tif', 'colorSeq': 1}, {'imgId': 'DP0405202311130449M.tif', 'colorSeq': 2}]}, {'colorName': 'Navy', 'swatchImageId': 'DP0405202311125106S.tif', 'colorizedImageId': 'DP0405202311122422M.tif', 'colorSeqNum': 2, 'skuId': '79123430026', 'defaultSwatch': False, 'skuAltImages': [{'imgId': 'DP0405202311123145M.tif', 'colorSeq': 0}, {'imgId': 'DP0405202311123868M.tif', 'colorSeq': 1}, {'imgId': 'DP0405202311130552M.tif', 'colorSeq': 2}]}, {'colorName': 'White', 'swatchImageId': 'DP0405202311125416S.tif', 'colorizedImageId': 'DP0405202311122732M.tif', 'colorSeqNum': 3, 'skuId': '79123430034', 'defaultSwatch': False, 'skuAltImages': [{'imgId': 'DP0405202311123455M.tif', 'colorSeq': 0}, {'imgId': 'DP0405202311124178M.tif', 'colorSeq': 1}, {'imgId': 'DP0405202311130862M.tif', 'colorSeq': 2}]}, {'colorName': 'White Navy', 'swatchImageId': 'DP0405202311125519S.tif', 'colorizedImageId': 'DP0405202311122835M.tif', 'colorSeqNum': 5, 'skuId': '79123430059', 'defaultSwatch': False, 'skuAltImages': [{'imgId': 'DP0405202311123558M.tif', 'colorSeq': 0}, {'imgId': 'DP0405202311124281M.tif', 'colorSeq': 1}, {'imgId': 'DP0405202311130965M.tif', 'colorSeq': 2}]}, {'colorName': 'Navy White', 'swatchImageId': 'DP0405202311125210S.tif', 'colorizedImageId': 'DP0405202311122525M.tif', 'colorSeqNum': 6, 'skuId': '79123430075', 'defaultSwatch': False, 'skuAltImages': [{'imgId': 'DP0405202311123248M.tif', 'colorSeq': 0}, {'imgId': 'DP0405202311123971M.tif', 'colorSeq': 1}, {'imgId': 'DP0405202311130656M.tif', 'colorSeq': 2}]}]",/p/safavieh-california-2-pack/ppr5008349103?pTmplType=regular&searchTerm=patio+and+outdoor+furniture&geoZip=55057,"[{'message': 'Online Only', 'icon': 'mouse'}, {'message': 'Available for Shipping', 'icon': 'check'}]",False,791,True,675.0,675.0,RECLINER,False,False,2023-04-05T22:05:43,DP0405202311122319M.tif,DP0405202311123041M.tif,,,https://www.jcpenney.com/p/safavieh-california-2-pack/ppr5008349103?pTmplType=regular&searchTerm=patio+and+outdoor+furniture&geoZip=55057,20251225,patio and outdoor furniture
Safavieh Irina Outdoor Collection 2-pc. Lounge Chair,ppr5008086416,,,740.0,740.0,740.0,740.0,ORIGINAL,False,False,available online only,False,False,original,False,True,"['# Pieces In Set: 2', 'Included: 2 Chair(s)', 'Features: Weather Resistant, Quick Ship', 'Joinery: Screwed, Welded Joint', 'Seating Capacity: 1']",0.0,0.0,ORIGINAL,False,False,79108040018,USD,safavieh,"[{'colorName': 'White Ash Grey', 'swatchImageId': 'DP0215202107030346S.tif', 'colorizedImageId': 'DP0215202107030337M.tif', 'colorSeqNum': 1, 'skuId': '79108040018', 'defaultSwatch': False, 'skuAltImages': [{'imgId': 'DP0215202107030351M.tif', 'colorSeq': 0}, {'imgId': 'DP0215202107030356M.tif', 'colorSeq': 1}, {'imgId': 'DP0215202107030360M.tif', 'colorSeq': 2}]}, {'colorName': 'White Oak', 'swatchImageId': 'DP0903202413013104S.tif', 'colorizedImageId': 'DP0903202413012901M.tif', 'colorSeqNum': 2, 'skuId': '79108040026', 'defaultSwatch': False, 'skuAltImages': [{'imgId': 'DP0903202413013003M.tif', 'colorSeq': 0}, {'imgId': 'DP0903202413012698M.tif', 'colorSeq': 1}, {'imgId': 'DP0903202413013308M.tif', 'colorSeq': 2}]}]",/p/safavieh-irina-outdoor-collection-2-pc-lounge-chair/ppr5008086416?pTmplType=regular&searchTerm=patio+and+outdoor+furniture&geoZip=55057,"[{'message': 'Online Only', 'icon': 'mouse'}, {'message': 'Available for Shipping', 'icon': 'check'}]",False,791,True,666.0,666.0,GIFTWRAP,False,False,2021-02-15T22:04:29,DP0215202107030337M.tif,DP0215202107030351M.tif,,,https://www.jcpenney.com/p/safavieh-irina-outdoor-collection-2-pc-lounge-chair/ppr5008086416?pTmplType=regular&searchTerm=patio+and+outdoor+furniture&geoZip=55057,20251225,patio and outdoor furniture
Folding Rocking Chaise 2 Pack Lounge Chair,ppr5008256333,4.0,1.0,540.0,540.0,540.0,540.0,ORIGINAL,False,False,available online only,False,False,original,False,True,"['# Pieces In Set: 2-Pack', 'Features: Weather Resistant, Quick Ship', 'Manufacturer Warranty: 1 Year', 'Seating Capacity: 2', 'Tools Required: Allen Wrench (included)']",0.0,0.0,ORIGINAL,False,False,79120030018,USD,more brands,"[{'colorName': 'Beige', 'swatchImageId': 'DP0616202207100118S.tif', 'colorizedImageId': 'DP0616202207100015M.tif', 'colorSeqNum': 1, 'skuId': '79120030018', 'defaultSwatch': False, 'skuAltImages': [{'imgId': 'DP0616202207100528M.tif', 'colorSeq': 0}, {'imgId': 'DP0616202207100425M.tif', 'colorSeq': 1}, {'imgId': 'DP0616202207100222M.tif', 'colorSeq': 2}]}]",/p/folding-rocking-chaise-2-pack-lounge-chair/ppr5008256333?pTmplType=regular&searchTerm=patio+and+outdoor+furniture&geoZip=55057,"[{'message': 'Online Only', 'icon': 'mouse'}, {'message': 'Available for Shipping', 'icon': 'check'}]",False,791,True,486.0,486.0,GIFTWRAP,False,False,2022-06-16T22:02:22,DP0616202207100015M.tif,DP0616202207100528M.tif,,,https://www.jcpenney.com/p/folding-rocking-chaise-2-pack-lounge-chair/ppr5008256333?pTmplType=regular&searchTerm=patio+and+outdoor+furniture&geoZip=55057,20251225,patio and outdoor furniture
Safavieh Aishi Patio Collection Concrete Side Table,ppr5008094553,,,400.0,400.0,400.0,400.0,ORIGINAL,False,False,available online only,False,False,original,False,True,"['Included: 1 Table(s)', 'Features: Water Resistant, Quick Ship', 'Shape: Round', 'Maximum Weight Limit: 50 Lbs', 'Table Measurements: 14.1 Length/Inches, 14.1 Width/Inches, 17.7 Height/Inches']",0.0,0.0,ORIGINAL,False,False,79109710018,USD,safavieh,"[{'colorName': 'Dark Grey', 'swatchImageId': 'DP0311202113020013S.tif', 'colorizedImageId': 'DP0311202113020005M.tif', 'colorSeqNum': 1, 'skuId': '79109710018', 'defaultSwatch': False, 'skuAltImages': [{'imgId': 'DP0311202113020036M.tif', 'colorSeq': 0}, {'imgId': 'DP0311202113020044M.tif', 'colorSeq': 1}, {'imgId': 'DP0311202113020028M.tif', 'colorSeq': 2}]}, {'colorName': 'Ivory', 'swatchImageId': 'DP0311202113020017S.tif', 'colorizedImageId': 'DP0311202113020009M.tif', 'colorSeqNum': 2, 'skuId': '79109710026', 'defaultSwatch': False, 'skuAltImages': [{'imgId': 'DP0311202113020040M.tif', 'colorSeq': 0}, {'imgId': 'DP0322202115005048M.tif', 'colorSeq': 1}, {'imgId': 'DP0311202113020047M.tif', 'colorSeq': 2}]}]",/p/safavieh-aishi-patio-collection-concrete-side-table/ppr5008094553?pTmplType=regular&searchTerm=patio+and+outdoor+furniture&geoZip=55057,"[{'message': 'Online Only', 'icon': 'mouse'}, {'message': 'Available for Shipping', 'icon': 'check'}]",False,791,True,360.0,360.0,GIFTWRAP,False,False,2021-03-11T22:03:10,DP0311202113020005M.tif,DP0311202113020036M.tif,,,https://www.jcpenney.com/p/safavieh-aishi-patio-collection-concrete-side-table/ppr5008094553?pTmplType=regular&searchTerm=patio+and+outdoor+furniture&geoZip=55057,20251225,patio and outdoor furniture
Hallie Metal Side Table,ppr5008297616,,,160.0,160.0,160.0,160.0,ORIGINAL,False,False,available online only,False,False,original,False,True,"['Included: 1 Table(s)', 'Features: Quick Ship, Easy Care', 'Joinery: Nailed', 'Manufacturer Warranty: 30 Days', 'Shape: Circle']",0.0,0.0,ORIGINAL,False,False,79120950018,USD,more brands,"[{'colorName': 'Lt Green', 'swatchImageId': 'DP1013202207510517S.tif', 'colorizedImageId': 'DP1013202207510311M.tif', 'colorSeqNum': 1, 'skuId': '79120950018', 'defaultSwatch': False, 'skuAltImages': [{'imgId': 'DP1013202207510414M.tif', 'colorSeq': 0}, {'imgId': 'DP1013202207510724M.tif', 'colorSeq': 1}, {'imgId': 'DP1013202207510208M.tif', 'colorSeq': 2}]}]",/p/hallie-metal-side-table/ppr5008297616?pTmplType=regular&searchTerm=patio+and+outdoor+furniture&geoZip=55057,"[{'message': 'Online Only', 'icon': 'mouse'}, {'message': 'Available for Shipping', 'icon': 'check'}]",False,791,True,144.0,144.0,GIFTWRAP,False,False,2022-10-13T22:05:34,DP1013202207510311M.tif,DP1013202207510414M.tif,,,https://www.jcpenney.com/p/hallie-metal-side-table/ppr5008297616?pTmplType=regular&searchTerm=patio+and+outdoor+furniture&geoZip=55057,20251225,patio and outdoor furniture
Safavieh Athena Weather Resistant Cement Side Table,ppr5008216471,,,410.0,410.0,410.0,410.0,ORIGINAL,False,False,available online only,False,False,original,False,True,"['Included: 1 Table(s)', 'Features: Quick Ship, Weather Resistant', 'Shape: Round', 'Maximum Weight Limit: 10 Lbs', 'Table Measurements: 17.7 Height/Inches, 14.9 Width/Inches, 14.9 Length/Inches']",0.0,0.0,ORIGINAL,False,False,79115010018,USD,safavieh,"[{'colorName': 'Black', 'swatchImageId': 'DP0209202207035427S.tif', 'colorizedImageId': 'DP0209202207035413M.tif', 'colorSeqNum': 1, 'skuId': '79115010018', 'defaultSwatch': False, 'skuAltImages': [{'imgId': 'DP0209202207035420M.tif', 'colorSeq': 0}, {'imgId': 'DP0209202207035406M.tif', 'colorSeq': 1}, {'imgId': 'DP0209202207035434M.tif', 'colorSeq': 2}]}]",/p/safavieh-athena-weather-resistant-cement-side-table/ppr5008216471?pTmplType=regular&searchTerm=patio+and+outdoor+furniture&geoZip=55057,"[{'message': 'Online Only', 'icon': 'mouse'}, {'message': 'Available for Shipping', 'icon': 'check'}]",False,791,True,369.0,369.0,GIFTWRAP,False,False,2022-02-28T17:03:53,DP0209202207035413M.tif,DP0209202207035420M.tif,,,https://www.jcpenney.com/p/safavieh-athena-weather-resistant-cement-side-table/ppr5008216471?pTmplType=regular&searchTerm=patio+and+outdoor+furniture&geoZip=55057,20251225,patio and outdoor furniture
Safavieh Danville Outdoor And Patio Collection Weather Resistant Coffee Table,ppr5008214538,,,530.0,530.0,530.0,530.0,ORIGINAL,False,False,available online only,False,False,original,False,True,"['Included: 1 Table(s)', 'Features: Quick Ship, Weather Resistant', 'Joinery: Screwed, Glued, Nailed', 'Shape: Round', 'Tools Required: Allen Wrench (included), Screws (included)']",0.0,0.0,ORIGINAL,False,False,79114550018,USD,safavieh,"[{'colorName': 'Natural', 'swatchImageId': 'DP0204202207020709S.tif', 'colorizedImageId': 'DP0204202207020701M.tif', 'colorSeqNum': 1, 'skuId': '79114550018', 'defaultSwatch': False, 'skuAltImages': [{'imgId': 'DP0204202207020705M.tif', 'colorSeq': 0}, {'imgId': 'DP0204202207020713M.tif', 'colorSeq': 1}, {'imgId': 'DP0204202207020697M.tif', 'colorSeq': 2}]}]",/p/safavieh-danville-outdoor-and-patio-collection-weather-resistant-coffee-table/ppr5008214538?pTmplType=regular&searchTerm=patio+and+outdoor+furniture&geoZip=55057,"[{'message': 'Online Only', 'icon': 'mouse'}, {'message': 'Available for Shipping', 'icon': 'check'}]",False,791,True,477.0,477.0,GIFTWRAP,False,False,2022-02-04T22:02:41,DP0204202207020701M.tif,DP0204202207020705M.tif,,,https://www.jcpenney.com/p/safavieh-danville-outdoor-and-patio-collection-weather-resistant-coffee-table/ppr5008214538?pTmplType=regular&searchTerm=patio+and+outdoor+furniture&geoZip=55057,20251225,patio and outdoor furniture
Corliving Miramar Weather Resistant Coffee Table,ppr5008133939,,,350.0,350.0,350.0,350.0,ORIGINAL,False,False,available online only,False,False,original,False,True,"['Included: 1 Coffee Table(s)', 'Features: Water Resistant, Quick Ship, Weather Resistant, Uv Protection', 'Joinery: Screwed', 'Manufacturer Warranty: 6 Month', 'Shape: Rectangle']",0.0,0.0,ORIGINAL,False,False,79114130018,USD,more brands,"[{'colorName': 'White', 'swatchImageId': 'DP0614202107020059S.tif', 'colorizedImageId': 'DP0614202107020055M.tif', 'colorSeqNum': 1, 'skuId': '79114130018', 'defaultSwatch': False, 'skuAltImages': [{'imgId': 'DP0614202107020078M.tif', 'colorSeq': 0}, {'imgId': 'DP0614202107020071M.tif', 'colorSeq': 1}, {'imgId': 'DP0614202107020075M.tif', 'colorSeq': 2}]}]",/p/corliving-miramar-weather-resistant-coffee-table/ppr5008133939?pTmplType=regular&searchTerm=patio+and+outdoor+furniture&geoZip=55057,"[{'message': 'Online Only', 'icon': 'mouse'}, {'message': 'Available for Shipping', 'icon': 'check'}]",False,791,True,315.0,315.0,GIFTWRAP,False,False,2021-06-14T22:04:07,DP0614202107020055M.tif,DP0614202107020078M.tif,"[{'name': 'Few Left', 'priority': 1, 'urlParam': 'fewleft'}]",,https://www.jcpenney.com/p/corliving-miramar-weather-resistant-coffee-table/ppr5008133939?pTmplType=regular&searchTerm=patio+and+outdoor+furniture&geoZip=55057,20251225,patio and outdoor furniture
Corliving Parksville Side Table,ppr5008132534,,,300.0,300.0,300.0,300.0,ORIGINAL,False,False,available online only,False,False,original,False,True,"['Included: 1 Coffee Table(s)', 'Features: Uv Protection, Quick Ship, Water Resistant', 'Joinery: Glued', 'Manufacturer Warranty: 6 Month', 'Tools Required: Allen Wrench (included), Screws (included)']",0.0,0.0,ORIGINAL,False,False,79114060018,USD,more brands,"[{'colorName': 'Black', 'swatchImageId': 'DP0614202107015791S.tif', 'colorizedImageId': 'DP0614202107015787M.tif', 'colorSeqNum': 1, 'skuId': '79114060018', 'defaultSwatch': False, 'skuAltImages': [{'imgId': 'DP0614202107015802M.tif', 'colorSeq': 0}, {'imgId': 'DP0614202107015806M.tif', 'colorSeq': 1}, {'imgId': 'DP0614202107015799M.tif', 'colorSeq': 2}]}]",/p/corliving-parksville-side-table/ppr5008132534?pTmplType=regular&searchTerm=patio+and+outdoor+furniture&geoZip=55057,"[{'message': 'Online Only', 'icon': 'mouse'}, {'message': 'Available for Shipping', 'icon': 'check'}]",False,791,True,270.0,270.0,GIFTWRAP,False,False,2021-06-14T22:04:05,DP0614202107015787M.tif,DP0614202107015802M.tif,,,https://www.jcpenney.com/p/corliving-parksville-side-table/ppr5008132534?pTmplType=regular&searchTerm=patio+and+outdoor+furniture&geoZip=55057,20251225,patio and outdoor furniture
Metten 2-pc. Lounge Set,ppr5008429786,,,1270.0,1270.0,1270.0,1270.0,ORIGINAL,False,False,available online only,False,False,original,False,True,"['# Pieces In Set: 2', 'Included: 2 Chair(s)', 'Features: Adjustable, Easy Care, Easy Clean', 'Manufacturer Warranty: 90 Days Limited', 'Seating Capacity: 2']",0.0,0.0,ORIGINAL,False,False,79129180018,USD,more brands,"[{'colorName': 'White', 'swatchImageId': 'DP1001202407202154S.tif', 'colorizedImageId': 'DP1001202407201341M.tif', 'colorSeqNum': 1, 'skuId': '79129180018', 'defaultSwatch': False, 'skuAltImages': [{'imgId': 'DP1001202407201544M.tif', 'colorSeq': 0}, {'imgId': 'DP1016202407121742M.tif', 'colorSeq': 1}, {'imgId': 'DP1016202407121640M.tif', 'colorSeq': 3}]}, {'colorName': 'Black', 'swatchImageId': 'DP1001202407202053S.tif', 'colorizedImageId': 'DP1001202407201239M.tif', 'colorSeqNum': 2, 'skuId': '79129180026', 'defaultSwatch': False, 'skuAltImages': [{'imgId': 'DP1001202407201442M.tif', 'colorSeq': 0}, {'imgId': 'DP1001202407201645M.tif', 'colorSeq': 1}, {'imgId': 'DP1016202407121539M.tif', 'colorSeq': 2}]}]",/p/metten-2-pc-lounge-set/ppr5008429786?pTmplType=regular&searchTerm=patio+and+outdoor+furniture&geoZip=55057,"[{'message': 'Online Only', 'icon': 'mouse'}, {'message': 'Available for Shipping', 'icon': 'check'}]",False,791,True,952.5,952.5,RECLINER,False,False,2024-10-01T22:02:49,DP1001202407201341M.tif,DP1001202407201544M.tif,,,https://www.jcpenney.com/p/metten-2-pc-lounge-set/ppr5008429786?pTmplType=regular&searchTerm=patio+and+outdoor+furniture&geoZip=55057,20251225,patio and outdoor furniture
Londyn Lounge Set,ppr5008342559,,,1120.0,1120.0,1120.0,1120.0,ORIGINAL,False,False,available online only,False,False,original,False,True,"['# Pieces In Set: 7', 'Included: 2 Seat Back Cushion(s), 2 Chair(s), 2 Seat Cushion(s), 1 Table(s)', 'Features: Cushioned', 'Joinery: Screwed', 'Seating Capacity: 2']",0.0,0.0,ORIGINAL,False,False,79122920026,USD,safavieh,"[{'colorName': 'Grey', 'swatchImageId': 'DP0322202307233315S.tif', 'colorizedImageId': 'DP0322202307232900M.tif', 'colorSeqNum': 1, 'skuId': '79122920026', 'defaultSwatch': False, 'skuAltImages': [{'imgId': 'DP0322202307233730M.tif', 'colorSeq': 0}, {'imgId': 'DP0322202307233937M.tif', 'colorSeq': 1}, {'imgId': 'DP0322202307233108M.tif', 'colorSeq': 2}]}, {'colorName': 'Black Grey', 'swatchImageId': 'DP0322202307233212S.tif', 'colorizedImageId': 'DP0322202307232796M.tif', 'colorSeqNum': 2, 'skuId': '79122920018', 'defaultSwatch': False, 'skuAltImages': [{'imgId': 'DP0322202307233833M.tif', 'colorSeq': 0}, {'imgId': 'DP0322202307233003M.tif', 'colorSeq': 1}, {'imgId': 'DP0322202307234144M.tif', 'colorSeq': 2}]}]",/p/londyn-lounge-set/ppr5008342559?pTmplType=regular&searchTerm=patio+and+outdoor+furniture&geoZip=55057,"[{'message': 'Online Only', 'icon': 'mouse'}, {'message': 'Available for Shipping', 'icon': 'check'}]",False,791,True,840.0,840.0,RECLINER,False,False,2023-04-27T04:52:28,DP0322202307232900M.tif,DP0322202307233730M.tif,,,https://www.jcpenney.com/p/londyn-lounge-set/ppr5008342559?pTmplType=regular&searchTerm=patio+and+outdoor+furniture&geoZip=55057,20251225,patio and outdoor furniture
Safavieh Archie 3-pc. Bistro Set,ppr5008445664,,,820.0,820.0,820.0,820.0,ORIGINAL,False,False,available online only,False,False,original,False,True,"['# Pieces In Set: 3', 'Included: 2 Chair(s), 2 Seat Cushion(s), 2 Seat Back Cushion(s), 1 Table(s)', 'Features: Quick Ship, Cushioned', 'Joinery: Screwed', 'Seating Capacity: 2']",0.0,0.0,ORIGINAL,False,False,79130760018,USD,safavieh,"[{'colorName': 'White Beige', 'swatchImageId': 'DP0423202409131693S.tif', 'colorizedImageId': 'DP0423202409131386M.tif', 'colorSeqNum': 1, 'skuId': '79130760018', 'defaultSwatch': False, 'skuAltImages': [{'imgId': 'DP0423202409131488M.tif', 'colorSeq': 0}, {'imgId': 'DP0423202409131999M.tif', 'colorSeq': 1}, {'imgId': 'DP0423202409131897M.tif', 'colorSeq': 2}]}]",/p/safavieh-archie-3-pc-bistro-set/ppr5008445664?pTmplType=regular&searchTerm=patio+and+outdoor+furniture&geoZip=55057,"[{'message': 'Online Only', 'icon': 'mouse'}, {'message': 'Available for Shipping', 'icon': 'check'}]",False,791,True,615.0,615.0,RECLINER,False,False,2024-04-23T22:03:51,DP0423202409131386M.tif,DP0423202409131488M.tif,,,https://www.jcpenney.com/p/safavieh-archie-3-pc-bistro-set/ppr5008445664?pTmplType=regular&searchTerm=patio+and+outdoor+furniture&geoZip=55057,20251225,patio and outdoor furniture
5-pc. Square Dining Set,ppr5008336782,,,1540.0,1540.0,1540.0,1540.0,ORIGINAL,False,False,available online only,False,False,original,False,True,"['# Pieces In Set: 5', 'Included: 1 Table(s), 4 Chair(s)', 'Features: Water Resistant, 4 Legs, Quick Ship', 'Seating Capacity: 4', 'Shape: Square']",0.0,0.0,ORIGINAL,False,False,79122790026,USD,more brands,"[{'colorName': 'Beige', 'swatchImageId': 'DP0314202309343990S.tif', 'colorizedImageId': 'DP0314202309343573M.tif', 'colorSeqNum': 1, 'skuId': '79122790026', 'defaultSwatch': False, 'skuAltImages': [{'imgId': 'DP0314202309343678M.tif', 'colorSeq': 0}, {'imgId': 'DP0314202309343782M.tif', 'colorSeq': 1}, {'imgId': 'DP0314202309343366M.tif', 'colorSeq': 2}]}]",/p/5-pc-square-dining-set/ppr5008336782?pTmplType=regular&searchTerm=patio+and+outdoor+furniture&geoZip=55057,"[{'message': 'Online Only', 'icon': 'mouse'}, {'message': 'Available for Shipping', 'icon': 'check'}]",False,791,True,1155.0,1155.0,RECLINER,False,False,2023-03-14T22:10:16,DP0314202309343573M.tif,DP0314202309343678M.tif,,,https://www.jcpenney.com/p/5-pc-square-dining-set/ppr5008336782?pTmplType=regular&searchTerm=patio+and+outdoor+furniture&geoZip=55057,20251225,patio and outdoor furniture
6-pc. Rectangular Dining Set,ppr5008336777,,,2580.0,2580.0,2580.0,2580.0,ORIGINAL,False,False,available online only,False,False,original,False,True,"['# Pieces In Set: 6', 'Included: 4 Chair(s), 1 Table(s), 1 Bench(es)', 'Features: Quick Ship, Water Resistant, 4 Legs', 'Seating Capacity: 6', 'Shape: Rectangle']",0.0,0.0,ORIGINAL,False,False,79122740018,USD,more brands,"[{'colorName': 'Brown', 'swatchImageId': 'DP0314202309335009S.tif', 'colorizedImageId': 'DP0314202309334696M.tif', 'colorSeqNum': 1, 'skuId': '79122740018', 'defaultSwatch': False, 'skuAltImages': [{'imgId': 'DP0314202309334800M.tif', 'colorSeq': 0}, {'imgId': 'DP0314202309334489M.tif', 'colorSeq': 1}, {'imgId': 'DP0314202309334905M.tif', 'colorSeq': 2}]}]",/p/6-pc-rectangular-dining-set/ppr5008336777?pTmplType=regular&searchTerm=patio+and+outdoor+furniture&geoZip=55057,"[{'message': 'Online Only', 'icon': 'mouse'}, {'message': 'Available for Shipping', 'icon': 'check'}]",False,791,True,1935.0,1935.0,RECLINER,False,False,2023-03-14T22:10:15,DP0314202309334696M.tif,DP0314202309334800M.tif,,,https://www.jcpenney.com/p/6-pc-rectangular-dining-set/ppr5008336777?pTmplType=regular&searchTerm=patio+and+outdoor+furniture&geoZip=55057,20251225,patio and outdoor furniture
Hermosa 5-pc. Square Dining Set,ppr5008333985,2.0,1.0,1445.0,1445.0,1445.0,1445.0,ORIGINAL,False,False,available online only,False,False,original,False,True,"['# Pieces In Set: 5', 'Included: 4 Chair(s), 1 Table(s)', 'Features: Wear Resistant, Quick Ship', 'Manufacturer Warranty: 90 Days Limited', 'Seating Capacity: 4']",0.0,0.0,ORIGINAL,False,False,79121840018,USD,more brands,"[{'colorName': 'Teak Cream', 'swatchImageId': 'DP0223202307244867S.tif', 'colorizedImageId': 'DP0223202307244246M.tif', 'colorSeqNum': 1, 'skuId': '79121840018', 'defaultSwatch': False, 'skuAltImages': [{'imgId': 'DP0223202307244453M.tif', 'colorSeq': 0}, {'imgId': 'DP0223202307244557M.tif', 'colorSeq': 1}, {'imgId': 'DP0223202307244038M.tif', 'colorSeq': 2}]}]",/p/hermosa-5-pc-square-dining-set/ppr5008333985?pTmplType=regular&searchTerm=patio+and+outdoor+furniture&geoZip=55057,"[{'message': 'Online Only', 'icon': 'mouse'}, {'message': 'Available for Shipping', 'icon': 'check'}]",False,791,True,1083.75,1083.75,RECLINER,False,False,2023-02-23T22:03:34,DP0223202307244246M.tif,DP0223202307244453M.tif,,,https://www.jcpenney.com/p/hermosa-5-pc-square-dining-set/ppr5008333985?pTmplType=regular&searchTerm=patio+and+outdoor+furniture&geoZip=55057,20251225,patio and outdoor furniture
Hampton Loveseat,ppr5008333995,,,580.0,580.0,580.0,580.0,ORIGINAL,False,False,available online only,False,False,original,False,True,"['Included: 1 Loveseat(s)', 'Features: 4 Legs, Quick Ship', 'Manufacturer Warranty: 90 Days Limited', 'Seating Capacity: 2', 'Tools Required: Allen Wrench (included), Screws (included)']",0.0,0.0,ORIGINAL,False,False,79121940018,USD,more brands,"[{'colorName': 'Natural', 'swatchImageId': 'DP0223202307263036S.tif', 'colorizedImageId': 'DP0223202307262412M.tif', 'colorSeqNum': 1, 'skuId': '79121940018', 'defaultSwatch': False, 'skuAltImages': [{'imgId': 'DP0223202307262621M.tif', 'colorSeq': 0}, {'imgId': 'DP0223202307262724M.tif', 'colorSeq': 1}, {'imgId': 'DP0223202307262206M.tif', 'colorSeq': 2}]}]",/p/hampton-loveseat/ppr5008333995?pTmplType=regular&searchTerm=patio+and+outdoor+furniture&geoZip=55057,"[{'message': 'Online Only', 'icon': 'mouse'}, {'message': 'Available for Shipping', 'icon': 'check'}]",False,791,True,522.0,522.0,GIFTWRAP,False,False,2023-02-23T22:03:36,DP0223202307262412M.tif,DP0223202307262621M.tif,,,https://www.jcpenney.com/p/hampton-loveseat/ppr5008333995?pTmplType=regular&searchTerm=patio+and+outdoor+furniture&geoZip=55057,20251225,patio and outdoor furniture
Safavieh Lorenia Patio Umbrella,ppr5008446001,,,350.0,350.0,350.0,350.0,ORIGINAL,False,False,available online only,False,False,original,False,True,"['Features: Weather Resistant, Quick Ship, Uv Protection', 'Shape: Octagon', 'Measurements: 101.18 Width/Inches, 101.18 Depth/Inches, 99.6 Height/Inches', 'Diameter: 8 Ft', 'Weight (lb.): 15.5 Lb']",0.0,0.0,ORIGINAL,False,False,79131130059,USD,safavieh,"[{'colorName': 'Navy', 'swatchImageId': 'DP0423202411142031S.tif', 'colorizedImageId': 'DP0423202411141419M.tif', 'colorSeqNum': 1, 'skuId': '79131130034', 'defaultSwatch': False, 'skuAltImages': [{'imgId': 'DP0423202411141725M.tif', 'colorSeq': 0}, {'imgId': 'DP0423202411142336M.tif', 'colorSeq': 1}, {'imgId': 'DP0423202411141112M.tif', 'colorSeq': 2}]}, {'colorName': 'Black', 'swatchImageId': 'DP0423202411141929S.tif', 'colorizedImageId': 'DP0423202411141317M.tif', 'colorSeqNum': 2, 'skuId': '79131130042', 'defaultSwatch': False, 'skuAltImages': [{'imgId': 'DP0423202411141623M.tif', 'colorSeq': 0}, {'imgId': 'DP0423202411142234M.tif', 'colorSeq': 1}, {'imgId': 'DP0423202411141010M.tif', 'colorSeq': 2}]}, {'colorName': 'White', 'swatchImageId': 'DP0423202411142132S.tif', 'colorizedImageId': 'DP0423202411141520M.tif', 'colorSeqNum': 3, 'skuId': '79131130059', 'defaultSwatch': False, 'skuAltImages': [{'imgId': 'DP0423202411141828M.tif', 'colorSeq': 0}, {'imgId': 'DP0423202411142437M.tif', 'colorSeq': 1}, {'imgId': 'DP0423202411141215M.tif', 'colorSeq': 2}]}]",/p/safavieh-lorenia-patio-umbrella/ppr5008446001?pTmplType=regular&searchTerm=patio+and+outdoor+furniture&geoZip=55057,"[{'message': 'Online Only', 'icon': 'mouse'}, {'message': 'Available for Shipping', 'icon': 'check'}]",False,791,True,315.0,315.0,GIFTWRAP,False,False,2024-04-23T22:04:32,DP0423202411141419M.tif,DP0423202411141725M.tif,,,https://www.jcpenney.com/p/safavieh-lorenia-patio-umbrella/ppr5008446001?pTmplType=regular&searchTerm=patio+and+outdoor+furniture&geoZip=55057,20251225,patio and outdoor furniture
Lastoro Iron Bench,ppr5008297272,,,600.0,600.0,600.0,600.0,ORIGINAL,False,False,available online only,False,False,original,False,True,"['Features: 4 Legs', 'Manufacturer Warranty: 90 Days', 'Seating Capacity: 2', 'Tools Required: Allen Wrench (included), Screws (included)', 'Bench Measurements: 26 Height/Inches, 18 Depth/Inches, 48 Width/Inches']",0.0,0.0,ORIGINAL,False,False,79120900018,USD,more brands,"[{'colorName': 'Teak Rustic Metal', 'swatchImageId': 'DP1010202207524177S.tif', 'colorizedImageId': 'DP1010202207523868M.tif', 'colorSeqNum': 1, 'skuId': '79120900018', 'defaultSwatch': False, 'skuAltImages': [{'imgId': 'DP1010202207523972M.tif', 'colorSeq': 0}, {'imgId': 'DP1010202207523662M.tif', 'colorSeq': 1}, {'imgId': 'DP1010202207524074M.tif', 'colorSeq': 2}]}]",/p/lastoro-iron-bench/ppr5008297272?pTmplType=regular&searchTerm=patio+and+outdoor+furniture&geoZip=55057,"[{'message': 'Online Only', 'icon': 'mouse'}, {'message': 'Available for Shipping', 'icon': 'check'}]",False,791,True,540.0,540.0,GIFTWRAP,False,False,2022-10-10T22:09:34,DP1010202207523868M.tif,DP1010202207523972M.tif,,,https://www.jcpenney.com/p/lastoro-iron-bench/ppr5008297272?pTmplType=regular&searchTerm=patio+and+outdoor+furniture&geoZip=55057,20251225,patio and outdoor furniture
6-pc. Lounge Chair,ppr5008336745,,,1380.0,1380.0,1380.0,1380.0,ORIGINAL,False,False,available online only,False,False,original,False,True,"['# Pieces In Set: 6', 'Included: 2 Chair(s), 4 Seat Cushion(s)', 'Features: Cushioned, 4 Legs, Quick Ship', 'Seating Capacity: 2', 'Tools Required: Screws (included), Allen Wrench (included)']",0.0,0.0,ORIGINAL,False,False,79122420018,USD,more brands,"[{'colorName': 'Beige', 'swatchImageId': 'DP0314202309284440S.tif', 'colorizedImageId': 'DP0314202309284336M.tif', 'colorSeqNum': 1, 'skuId': '79122420018', 'defaultSwatch': False, 'skuAltImages': [{'imgId': 'DP0314202309284647M.tif', 'colorSeq': 0}, {'imgId': 'DP0314202309284544M.tif', 'colorSeq': 1}, {'imgId': 'DP0314202309284232M.tif', 'colorSeq': 2}]}]",/p/6-pc-lounge-chair/ppr5008336745?pTmplType=regular&searchTerm=patio+and+outdoor+furniture&geoZip=55057,"[{'message': 'Online Only', 'icon': 'mouse'}, {'message': 'Available for Shipping', 'icon': 'check'}]",False,791,True,1035.0,1035.0,RECLINER,False,False,2023-03-14T22:10:07,DP0314202309284336M.tif,DP0314202309284647M.tif,,,https://www.jcpenney.com/p/6-pc-lounge-chair/ppr5008336745?pTmplType=regular&searchTerm=patio+and+outdoor+furniture&geoZip=55057,20251225,patio and outdoor furniture
Sunnydaze Collection Lounge Chair,ppr5008094722,5.0,1.0,600.0,600.0,600.0,600.0,ORIGINAL,False,False,available online only,False,False,original,False,True,"['Included: 1 Canopy(ies), 1 Chair(s)', 'Features: Quick Ship, Weather Resistant, Rust Resistant, Oversized', 'Joinery: Screwed', 'Manufacturer Warranty: 1 Year', 'Seating Capacity: 2']",0.0,0.0,ORIGINAL,False,False,79109940018,USD,more brands,"[{'colorName': 'Off White', 'swatchImageId': 'DP0727202115014281S.tif', 'colorizedImageId': 'DP0318202107030454M.tif', 'colorSeqNum': 1, 'skuId': '79109940018', 'defaultSwatch': False, 'skuAltImages': [{'imgId': 'DP0318202107030495M.tif', 'colorSeq': 0}, {'imgId': 'DP0318202107030484M.tif', 'colorSeq': 1}, {'imgId': 'DP0318202107030469M.tif', 'colorSeq': 2}]}]",/p/sunnydaze-collection-lounge-chair/ppr5008094722?pTmplType=regular&searchTerm=patio+and+outdoor+furniture&geoZip=55057,"[{'message': 'Online Only', 'icon': 'mouse'}, {'message': 'Available for Shipping', 'icon': 'check'}]",False,791,True,,,,False,False,2021-07-21T13:03:19,DP0318202107030454M.tif,DP0318202107030495M.tif,,,https://www.jcpenney.com/p/sunnydaze-collection-lounge-chair/ppr5008094722?pTmplType=regular&searchTerm=patio+and+outdoor+furniture&geoZip=55057,20251225,patio and outdoor furniture
Mozaic Company 60''X19''X3'' Bench Bristol Patio Seat Cushion - Crimson,ppr5008340914,,,93.99,93.99,158.0,158.0,SALE,False,False,available online only,False,False,original,False,True,"['Features: Weather Resistant', 'Finishing Feature: Knife-Edge', 'Use: Outdoor', 'Seat Cushion Measurements: 3 Height/Inches, 19 Width/Inches, 60 Depth/Inches', 'Base Material: 100% Polyester']",0.0,0.0,SALE,False,False,62731110018,USD,more brands,"[{'colorName': 'Crimson', 'swatchImageId': 'DP0110202307281030S.tif', 'colorizedImageId': 'DP0110202307280928M.tif', 'colorSeqNum': 1, 'skuId': '62731110018', 'defaultSwatch': False, 'skuAltImages': [{'imgId': 'DP0110202307280825M.tif', 'colorSeq': 0}, {'imgId': 'DP0110202307280723M.tif', 'colorSeq': 1}]}]",/p/mozaic-company-60x19x3-bench-bristol-patio-seat-cushion-crimson/ppr5008340914?pTmplType=regular&searchTerm=patio+and+outdoor+furniture&geoZip=55057,"[{'message': 'Online Only', 'icon': 'mouse'}, {'message': 'Available for Shipping', 'icon': 'check'}]",False,627,True,84.59,84.59,YULETIDE,False,False,2023-03-07T04:40:43,DP0110202307280928M.tif,DP0110202307280825M.tif,,,https://www.jcpenney.com/p/mozaic-company-60x19x3-bench-bristol-patio-seat-cushion-crimson/ppr5008340914?pTmplType=regular&searchTerm=patio+and+outdoor+furniture&geoZip=55057,20251225,patio and outdoor furniture
Serene Patio Daybed,ppr5008376227,,,1240.0,1240.0,1240.0,1240.0,ORIGINAL,False,False,available online only,False,False,original,False,True,"['Included: 1 Chair(s)', 'Features: Upholstered, Extendable', 'Manufacturer Warranty: 90 Days Limited', 'Seating Capacity: 2', 'Tools Required: Screws (included), Allen Wrench (included)']",0.0,0.0,ORIGINAL,False,False,79126660018,USD,more brands,"[{'colorName': 'Beige Khaki', 'swatchImageId': 'DP0705202307105228S.tif', 'colorizedImageId': 'DP0705202307104816M.tif', 'colorSeqNum': 1, 'skuId': '79126660018', 'defaultSwatch': False, 'skuAltImages': [{'imgId': 'DP0705202307104919M.tif', 'colorSeq': 0}, {'imgId': 'DP0705202307105022M.tif', 'colorSeq': 1}, {'imgId': 'DP0705202307104609M.tif', 'colorSeq': 2}]}]",/p/serene-patio-daybed/ppr5008376227?pTmplType=regular&searchTerm=patio+and+outdoor+furniture&geoZip=55057,"[{'message': 'Online Only', 'icon': 'mouse'}, {'message': 'Available for Shipping', 'icon': 'check'}]",False,791,True,930.0,930.0,RECLINER,False,False,2023-07-10T07:08:28,DP0705202307104816M.tif,DP0705202307104919M.tif,,,https://www.jcpenney.com/p/serene-patio-daybed/ppr5008376227?pTmplType=regular&searchTerm=patio+and+outdoor+furniture&geoZip=55057,20251225,patio and outdoor furniture
Signature Design by Ashley® Gerianne Weather Resistant Patio Coffee Table,ppr5007978772,4.4,10.0,630.0,630.0,630.0,630.0,ORIGINAL,False,False,available online only,False,False,original,False,True,"['Included: 1 Table(s)', 'Features: Quick Ship, Weather Resistant', 'Joinery: Blocked, Glued, Butt Joint, Screwed, Nailed, Stapled', 'Assembly: Assembly Required', 'Base Material: 100% Foam']",0.0,0.0,ORIGINAL,False,False,79101430026,USD,signature design by ashley,"[{'colorName': 'Grayish Brown', 'swatchImageId': 'DP0305202017004725S.tif', 'colorizedImageId': 'DP0305202013001941M.tif', 'colorSeqNum': 1, 'skuId': '79101430026', 'defaultSwatch': False, 'skuAltImages': [{'imgId': 'DP0306202013001392M.tif', 'colorSeq': 0}, {'imgId': 'DP0306202013001397M.tif', 'colorSeq': 1}, {'imgId': 'DP0306202013001394M.tif', 'colorSeq': 2}]}]",/p/signature-design-by-ashley-gerianne-weather-resistant-patio-coffee-table/ppr5007978772?pTmplType=regular&searchTerm=patio+and+outdoor+furniture&geoZip=55057,"[{'message': 'Online Only', 'icon': 'mouse'}, {'message': 'Available for Shipping', 'icon': 'check'}]",False,791,True,567.0,567.0,GIFTWRAP,False,False,2020-03-05T22:02:08,DP0305202013001941M.tif,DP0306202013001392M.tif,,,https://www.jcpenney.com/p/signature-design-by-ashley-gerianne-weather-resistant-patio-coffee-table/ppr5007978772?pTmplType=regular&searchTerm=patio+and+outdoor+furniture&geoZip=55057,20251225,patio and outdoor furniture
Sunnydaze 4 Pack Bench,ppr5008249455,5.0,1.0,400.0,400.0,400.0,400.0,ORIGINAL,False,False,available online only,False,False,original,False,True,"['# Pieces In Set: 4-Pack', 'Included: 4 Bench(es)', 'Features: Quick Ship', 'Manufacturer Warranty: 1 Year', 'Seating Capacity: 1']",0.0,0.0,ORIGINAL,False,False,79117410018,USD,more brands,"[{'colorName': 'Black', 'swatchImageId': 'DP0505202207023422S.tif', 'colorizedImageId': 'DP1022202517061771M.tif', 'colorSeqNum': 1, 'skuId': '79117410018', 'defaultSwatch': False, 'skuAltImages': [{'imgId': 'DP1022202517062292M.tif', 'colorSeq': 0}, {'imgId': 'DP0505202207023420M.tif', 'colorSeq': 1}, {'imgId': 'DP1022202517062188M.tif', 'colorSeq': 2}]}]",/p/sunnydaze-4-pack-bench/ppr5008249455?pTmplType=regular&searchTerm=patio+and+outdoor+furniture&geoZip=55057,"[{'message': 'Online Only', 'icon': 'mouse'}, {'message': 'Available for Shipping', 'icon': 'check'}]",False,791,True,360.0,360.0,GIFTWRAP,False,False,2022-05-24T15:05:01,DP1022202517061771M.tif,DP1022202517062292M.tif,,,https://www.jcpenney.com/p/sunnydaze-4-pack-bench/ppr5008249455?pTmplType=regular&searchTerm=patio+and+outdoor+furniture&geoZip=55057,20251225,patio and outdoor furniture
Safavieh Elegant Patio Collection Patio Umbrella,ppr5008094063,,,490.0,490.0,490.0,490.0,ORIGINAL,False,False,available online only,False,False,original,False,True,"['Features: Collapsible, Weather Resistant, Uv Protection', 'Shape: Rectangle', 'Measurements: 106.31 Height/Inches, 78.74 Depth/Inches, 118.11 Width/Inches', 'Weight (lb.): 21 Lb', 'Assembly: Assembly Required']",0.0,0.0,ORIGINAL,False,False,79109430018,USD,safavieh,"[{'colorName': 'Navy White', 'swatchImageId': 'DP0310202109020053S.tif', 'colorizedImageId': 'DP0310202109020042M.tif', 'colorSeqNum': 1, 'skuId': '79109430018', 'defaultSwatch': False, 'skuAltImages': [{'imgId': 'DP0310202109020080M.tif', 'colorSeq': 0}, {'imgId': 'DP0310202109020099M.tif', 'colorSeq': 1}, {'imgId': 'DP0310202109020092M.tif', 'colorSeq': 2}]}, {'colorName': 'Beige White', 'swatchImageId': 'DP0310202109020050S.tif', 'colorizedImageId': 'DP0310202109020038M.tif', 'colorSeqNum': 2, 'skuId': '79109430026', 'defaultSwatch': False, 'skuAltImages': [{'imgId': 'DP0310202109020103M.tif', 'colorSeq': 0}, {'imgId': 'DP0310202109020076M.tif', 'colorSeq': 1}, {'imgId': 'DP0310202109020088M.tif', 'colorSeq': 2}]}, {'colorName': 'White Black', 'swatchImageId': 'DP0310202109020057S.tif', 'colorizedImageId': 'DP0310202109020046M.tif', 'colorSeqNum': 3, 'skuId': '79109430034', 'defaultSwatch': False, 'skuAltImages': [{'imgId': 'DP0310202109020107M.tif', 'colorSeq': 0}, {'imgId': 'DP0310202109020084M.tif', 'colorSeq': 1}, {'imgId': 'DP0310202109020096M.tif', 'colorSeq': 2}]}, {'colorName': 'Yellow', 'swatchImageId': 'DP0903202407271911S.tif', 'colorizedImageId': 'DP0903202407271504M.tif', 'colorSeqNum': 4, 'skuId': '79109430042', 'defaultSwatch': False, 'skuAltImages': [{'imgId': 'DP0903202407271707M.tif', 'colorSeq': 0}, {'imgId': 'DP0903202407271301M.tif', 'colorSeq': 1}, {'imgId': 'DP0903202407271098M.tif', 'colorSeq': 2}]}, {'colorName': 'Red', 'swatchImageId': 'DP0903202407271809S.tif', 'colorizedImageId': 'DP0903202407271402M.tif', 'colorSeqNum': 5, 'skuId': '79109430059', 'defaultSwatch': False, 'skuAltImages': [{'imgId': 'DP0903202407271606M.tif', 'colorSeq': 0}, {'imgId': 'DP0903202407272013M.tif', 'colorSeq': 1}, {'imgId': 'DP0903202407271199M.tif', 'colorSeq': 2}]}]",/p/safavieh-elegant-patio-collection-patio-umbrella/ppr5008094063?pTmplType=regular&searchTerm=patio+and+outdoor+furniture&geoZip=55057,"[{'message': 'Online Only', 'icon': 'mouse'}, {'message': 'Available for Shipping', 'icon': 'check'}]",False,791,True,441.0,441.0,GIFTWRAP,False,False,2021-03-10T22:04:20,DP0310202109020042M.tif,DP0310202109020080M.tif,,,https://www.jcpenney.com/p/safavieh-elegant-patio-collection-patio-umbrella/ppr5008094063?pTmplType=regular&searchTerm=patio+and+outdoor+furniture&geoZip=55057,20251225,patio and outdoor furniture
Sunnydaze Collection Patio Umbrella,ppr5008095850,,,140.0,140.0,140.0,140.0,ORIGINAL,False,False,available online only,False,False,original,False,True,"['Features: Vented, Tiltable, Quick Ship, Water Repellent', 'Manufacturer Warranty: 1 Year', 'Shape: Octagon', 'Measurements: 90 Length/Inches, 90 Width/Inches, 84 Height/Inches', 'Diameter: 7 1/2 Ft']",0.0,0.0,ORIGINAL,False,False,79111030034,USD,more brands,"[{'colorName': 'Light Brown', 'swatchImageId': 'DP1011202513092513S.tif', 'colorizedImageId': 'DP1011202513092096M.tif', 'colorSeqNum': 1, 'skuId': '79111030018', 'defaultSwatch': False, 'skuAltImages': [{'imgId': 'DP1011202515002645M.tif', 'colorSeq': 0}, {'imgId': 'DP1011202515002227M.tif', 'colorSeq': 1}, {'imgId': 'DP1011202515001808M.tif', 'colorSeq': 2}]}, {'colorName': 'Red', 'swatchImageId': 'DP1011202513092618S.tif', 'colorizedImageId': 'DP1011202513092200M.tif', 'colorSeqNum': 2, 'skuId': '79111030026', 'defaultSwatch': False, 'skuAltImages': [{'imgId': 'DP1011202515002750M.tif', 'colorSeq': 0}, {'imgId': 'DP1011202515002332M.tif', 'colorSeq': 1}, {'imgId': 'DP1011202515001912M.tif', 'colorSeq': 2}]}, {'colorName': 'Blue', 'swatchImageId': 'DP1011202513092304S.tif', 'colorizedImageId': 'DP1011202513091886M.tif', 'colorSeqNum': 3, 'skuId': '79111030034', 'defaultSwatch': False, 'skuAltImages': [{'imgId': 'DP1011202515002436M.tif', 'colorSeq': 0}, {'imgId': 'DP1011202515002017M.tif', 'colorSeq': 1}, {'imgId': 'DP1011202513093559M.tif', 'colorSeq': 2}]}, {'colorName': 'Dark Orange', 'swatchImageId': 'DP1011202513092409S.tif', 'colorizedImageId': 'DP1011202513091991M.tif', 'colorSeqNum': 4, 'skuId': '79111030042', 'defaultSwatch': False, 'skuAltImages': [{'imgId': 'DP1011202515002541M.tif', 'colorSeq': 0}, {'imgId': 'DP1011202515002122M.tif', 'colorSeq': 1}, {'imgId': 'DP1011202515001704M.tif', 'colorSeq': 2}]}]",/p/sunnydaze-collection-patio-umbrella/ppr5008095850?pTmplType=regular&searchTerm=patio+and+outdoor+furniture&geoZip=55057,"[{'message': 'Online Only', 'icon': 'mouse'}, {'message': 'Available for Shipping', 'icon': 'check'}]",False,791,True,,,,False,False,2021-03-19T22:02:59,DP1011202513092096M.tif,DP1011202515002645M.tif,,,https://www.jcpenney.com/p/sunnydaze-collection-patio-umbrella/ppr5008095850?pTmplType=regular&searchTerm=patio+and+outdoor+furniture&geoZip=55057,20251225,patio and outdoor furniture
Mozaic Company Deep Seating Pillow And Set Patio Chair Cushion - Carousel Confetti,ppr5008340910,,,228.99,228.99,383.0,383.0,SALE,False,False,available online only,False,False,original,False,True,"['# Pieces In Set: 2', 'Features: Stain Resistant, Water Resistant, Weather Resistant', 'Use: Outdoor', 'Back Cushion Measurements: 22 Width/Inches, 27 Depth/Inches, 5 Height/Inches', 'Seat Cushion Measurements: 5 Height/Inches, 25 Depth/Inches, 23 Width/Inches']",0.0,0.0,SALE,False,False,62730510026,USD,more brands,"[{'colorName': 'Carousel Confetti', 'swatchImageId': 'DP0110202307215037S.tif', 'colorizedImageId': 'DP0110202307214935M.tif', 'colorSeqNum': 1, 'skuId': '62730510026', 'defaultSwatch': False, 'skuAltImages': [{'imgId': 'DP0110202307215449M.tif', 'colorSeq': 0}, {'imgId': 'DP0110202307215346M.tif', 'colorSeq': 1}, {'imgId': 'DP0110202307215243M.tif', 'colorSeq': 2}]}]",/p/mozaic-company-deep-seating-pillow-and-set-patio-chair-cushion-carousel-confetti/ppr5008340910?pTmplType=regular&searchTerm=patio+and+outdoor+furniture&geoZip=55057,"[{'message': 'Online Only', 'icon': 'mouse'}, {'message': 'Available for Shipping', 'icon': 'check'}]",False,627,True,206.09,206.09,YULETIDE,False,False,2023-03-07T04:40:46,DP0110202307214935M.tif,DP0110202307215449M.tif,,,https://www.jcpenney.com/p/mozaic-company-deep-seating-pillow-and-set-patio-chair-cushion-carousel-confetti/ppr5008340910?pTmplType=regular&searchTerm=patio+and+outdoor+furniture&geoZip=55057,20251225,patio and outdoor furniture
Corliving Patio Umbrella,ppr5008320433,4.5,2.0,1300.0,1300.0,1300.0,1300.0,ORIGINAL,False,False,available online only,False,False,original,False,True,"['Features: Vented, Collapsible, Weather Resistant', 'Manufacturer Warranty: 6 Month', 'Shape: Octagon', 'Measurements: 113 Length/Inches, 103 Height/Inches, 120 Width/Inches', 'Diameter: 9 1/2 Ft']",0.0,0.0,ORIGINAL,False,False,79121220059,USD,more brands,"[{'colorName': 'Black', 'swatchImageId': 'DP0103202307024860S.tif', 'colorizedImageId': 'DP0102202307080809M.tif', 'colorSeqNum': 1, 'skuId': '79121220018', 'defaultSwatch': False, 'skuAltImages': [{'imgId': 'DP0102202307084571M.tif', 'colorSeq': 0}, {'imgId': 'DP0102202307084049M.tif', 'colorSeq': 1}, {'imgId': 'DP0102202307083525M.tif', 'colorSeq': 2}]}, {'colorName': 'Sand', 'swatchImageId': 'DP0103202307025068S.tif', 'colorizedImageId': 'DP0102202307081016M.tif', 'colorSeqNum': 2, 'skuId': '79121220026', 'defaultSwatch': False, 'skuAltImages': [{'imgId': 'DP0102202307084781M.tif', 'colorSeq': 0}, {'imgId': 'DP0102202307084258M.tif', 'colorSeq': 1}, {'imgId': 'DP0102202307083735M.tif', 'colorSeq': 2}]}, {'colorName': 'White', 'swatchImageId': 'DP0103202307025170S.tif', 'colorizedImageId': 'DP0102202307081121M.tif', 'colorSeqNum': 3, 'skuId': '79121220034', 'defaultSwatch': False, 'skuAltImages': [{'imgId': 'DP0102202307084886M.tif', 'colorSeq': 0}, {'imgId': 'DP0102202307084362M.tif', 'colorSeq': 1}, {'imgId': 'DP0102202307083840M.tif', 'colorSeq': 2}]}, {'colorName': 'Wine Red', 'swatchImageId': 'DP0103202307025273S.tif', 'colorizedImageId': 'DP0102202307081226M.tif', 'colorSeqNum': 4, 'skuId': '79121220042', 'defaultSwatch': False, 'skuAltImages': [{'imgId': 'DP0102202307084990M.tif', 'colorSeq': 0}, {'imgId': 'DP0102202307084467M.tif', 'colorSeq': 1}, {'imgId': 'DP0102202307083944M.tif', 'colorSeq': 2}]}, {'colorName': 'Light Blue', 'swatchImageId': 'DP0103202307024963S.tif', 'colorizedImageId': 'DP0102202307080913M.tif', 'colorSeqNum': 5, 'skuId': '79121220059', 'defaultSwatch': False, 'skuAltImages': [{'imgId': 'DP0102202307084676M.tif', 'colorSeq': 0}, {'imgId': 'DP0102202307084153M.tif', 'colorSeq': 1}, {'imgId': 'DP0102202307083630M.tif', 'colorSeq': 2}]}]",/p/corliving-patio-umbrella/ppr5008320433?pTmplType=regular&searchTerm=patio+and+outdoor+furniture&geoZip=55057,"[{'message': 'Online Only', 'icon': 'mouse'}, {'message': 'Available for Shipping', 'icon': 'check'}]",False,791,True,975.0,975.0,RECLINER,False,False,2022-12-30T22:03:02,DP0102202307080809M.tif,DP0102202307084571M.tif,,,https://www.jcpenney.com/p/corliving-patio-umbrella/ppr5008320433?pTmplType=regular&searchTerm=patio+and+outdoor+furniture&geoZip=55057,20251225,patio and outdoor furniture
Salcha Rattan 2 Pc Patio Chairs,ppr5008086247,,,940.0,940.0,940.0,940.0,ORIGINAL,False,False,available online only,False,False,original,False,True,"['# Pieces In Set: 2', 'Included: 2 Chair(s)', 'Features: Quick Ship, Weather Resistant', 'Joinery: Screwed, Welded Joint', 'Seating Capacity: 1']",0.0,0.0,ORIGINAL,False,False,79108030034,USD,safavieh,"[{'colorName': 'Blue Light Brown', 'swatchImageId': 'DP0215202107030247S.tif', 'colorizedImageId': 'DP0215202107030202M.tif', 'colorSeqNum': 1, 'skuId': '79108030018', 'defaultSwatch': False, 'skuAltImages': [{'imgId': 'DP0215202107030301M.tif', 'colorSeq': 0}, {'imgId': 'DP0215202107030330M.tif', 'colorSeq': 1}, {'imgId': 'DP0215202107030270M.tif', 'colorSeq': 2}]}, {'colorName': 'Grey Light Brown', 'swatchImageId': 'DP0215202107030252S.tif', 'colorizedImageId': 'DP0215202107030207M.tif', 'colorSeqNum': 2, 'skuId': '79108030026', 'defaultSwatch': False, 'skuAltImages': [{'imgId': 'DP0215202107030305M.tif', 'colorSeq': 0}, {'imgId': 'DP0215202107030275M.tif', 'colorSeq': 1}, {'imgId': 'DP0215202107030230M.tif', 'colorSeq': 2}]}, {'colorName': 'Red Light Brown', 'swatchImageId': 'DP0215202107030261S.tif', 'colorizedImageId': 'DP0215202107030216M.tif', 'colorSeqNum': 3, 'skuId': '79108030034', 'defaultSwatch': False, 'skuAltImages': [{'imgId': 'DP0215202107030310M.tif', 'colorSeq': 0}, {'imgId': 'DP0215202107030314M.tif', 'colorSeq': 1}, {'imgId': 'DP0215202107030283M.tif', 'colorSeq': 2}]}, {'colorName': 'Yellow Light Brown', 'swatchImageId': 'DP0215202107030266S.tif', 'colorizedImageId': 'DP0215202107030221M.tif', 'colorSeqNum': 4, 'skuId': '79108030042', 'defaultSwatch': False, 'skuAltImages': [{'imgId': 'DP0215202107030324M.tif', 'colorSeq': 0}, {'imgId': 'DP0215202107030292M.tif', 'colorSeq': 1}, {'imgId': 'DP0215202107030287M.tif', 'colorSeq': 2}]}, {'colorName': 'Navy Light Brown', 'swatchImageId': 'DP0215202107030257S.tif', 'colorizedImageId': 'DP0215202107030211M.tif', 'colorSeqNum': 5, 'skuId': '79108030059', 'defaultSwatch': False, 'skuAltImages': [{'imgId': 'DP0215202107030319M.tif', 'colorSeq': 0}, {'imgId': 'DP0215202107030297M.tif', 'colorSeq': 1}, {'imgId': 'DP0215202107030279M.tif', 'colorSeq': 2}]}, {'colorName': 'Black White Brown', 'swatchImageId': 'DP0903202413010868S.tif', 'colorizedImageId': 'DP0903202411030299M.tif', 'colorSeqNum': 6, 'skuId': '79108030067', 'defaultSwatch': False, 'skuAltImages': [{'imgId': 'DP0903202411031011M.tif', 'colorSeq': 0}, {'imgId': 'DP0903202413011479M.tif', 'colorSeq': 1}, {'imgId': 'DP0903202413012393M.tif', 'colorSeq': 2}]}, {'colorName': 'Gray White Lgt Bro', 'swatchImageId': 'DP0906202407312170S.tif', 'colorizedImageId': 'DP0906202407311560M.tif', 'colorSeqNum': 7, 'skuId': '79108030075', 'defaultSwatch': False, 'skuAltImages': [{'imgId': 'DP0906202407311865M.tif', 'colorSeq': 0}, {'imgId': 'DP0906202407312474M.tif', 'colorSeq': 1}, {'imgId': 'DP0906202407311153M.tif', 'colorSeq': 2}]}, {'colorName': 'Black White Lght B', 'swatchImageId': 'DP0906202407312068S.tif', 'colorizedImageId': 'DP0906202407311458M.tif', 'colorSeqNum': 8, 'skuId': '79108030083', 'defaultSwatch': False, 'skuAltImages': [{'imgId': 'DP0906202407311763M.tif', 'colorSeq': 0}, {'imgId': 'DP0906202407311967M.tif', 'colorSeq': 1}, {'imgId': 'DP0906202407312373M.tif', 'colorSeq': 2}]}, {'colorName': 'White Light Brown', 'swatchImageId': 'DP0903202413011275S.tif', 'colorizedImageId': 'DP0903202411030706M.tif', 'colorSeqNum': 10, 'skuId': '79108030109', 'defaultSwatch': False, 'skuAltImages': [{'imgId': 'DP0903202413010460M.tif', 'colorSeq': 0}, {'imgId': 'DP0903202411025789M.tif', 'colorSeq': 1}, {'imgId': 'DP0903202413010766M.tif', 'colorSeq': 2}]}]",/p/salcha-rattan-2-pc-patio-chairs/ppr5008086247?pTmplType=regular&searchTerm=patio+and+outdoor+furniture&geoZip=55057,"[{'message': 'Online Only', 'icon': 'mouse'}, {'message': 'Available for Shipping', 'icon': 'check'}]",False,791,True,705.0,705.0,RECLINER,False,False,2021-02-15T22:04:28,DP0215202107030202M.tif,DP0215202107030301M.tif,,,https://www.jcpenney.com/p/salcha-rattan-2-pc-patio-chairs/ppr5008086247?pTmplType=regular&searchTerm=patio+and+outdoor+furniture&geoZip=55057,20251225,patio and outdoor furniture
Safavieh Kelda 2-pc.,ppr5008236690,,,830.0,830.0,830.0,830.0,ORIGINAL,False,False,available online only,False,False,original,False,True,"['# Pieces In Set: 2', 'Included: 2 Chair(s)', 'Features: Water Resistant, Quick Ship', 'Joinery: Welded Joint, Screwed', 'Seating Capacity: 2']",0.0,0.0,ORIGINAL,False,False,79116140026,USD,safavieh,"[{'colorName': 'Black', 'swatchImageId': 'DP0413202209024075S.tif', 'colorizedImageId': 'DP0413202209024067M.tif', 'colorSeqNum': 1, 'skuId': '79116140018', 'defaultSwatch': False, 'skuAltImages': [{'imgId': 'DP0413202209024100M.tif', 'colorSeq': 0}, {'imgId': 'DP0413202209024086M.tif', 'colorSeq': 1}, {'imgId': 'DP0413202209024149M.tif', 'colorSeq': 2}]}, {'colorName': 'Brown', 'swatchImageId': 'DP0413202209024078S.tif', 'colorizedImageId': 'DP0413202209024069M.tif', 'colorSeqNum': 2, 'skuId': '79116140026', 'defaultSwatch': False, 'skuAltImages': [{'imgId': 'DP0413202209024147M.tif', 'colorSeq': 0}, {'imgId': 'DP0413202209024097M.tif', 'colorSeq': 1}, {'imgId': 'DP0413202209024089M.tif', 'colorSeq': 2}]}, {'colorName': 'Grey', 'swatchImageId': 'DP0413202209024080S.tif', 'colorizedImageId': 'DP0413202209024070M.tif', 'colorSeqNum': 3, 'skuId': '79116140034', 'defaultSwatch': False, 'skuAltImages': [{'imgId': 'DP0413202209024144M.tif', 'colorSeq': 0}, {'imgId': 'DP0413202209024102M.tif', 'colorSeq': 1}, {'imgId': 'DP0413202209024091M.tif', 'colorSeq': 2}]}]",/p/safavieh-kelda-2-pc/ppr5008236690?pTmplType=regular&searchTerm=patio+and+outdoor+furniture&geoZip=55057,"[{'message': 'Online Only', 'icon': 'mouse'}, {'message': 'Available for Shipping', 'icon': 'check'}]",False,791,True,622.5,622.5,RECLINER,False,False,2022-04-14T09:07:38,DP0413202209024067M.tif,DP0413202209024100M.tif,,,https://www.jcpenney.com/p/safavieh-kelda-2-pc/ppr5008236690?pTmplType=regular&searchTerm=patio+and+outdoor+furniture&geoZip=55057,20251225,patio and outdoor furniture
Safavieh Manteca Patio Collection Lounge Chair,ppr5008088344,,,600.0,600.0,600.0,600.0,ORIGINAL,False,False,available online only,False,False,original,False,True,"['Included: 1 Chair(s)', 'Features: Weather Resistant, Quick Ship', 'Joinery: Screwed, Glued', 'Seating Capacity: 1', 'Tools Required: Allen Wrench (included), Screws (included), Phillips Screwdriver (not Included)']",0.0,0.0,ORIGINAL,False,False,79101280026,USD,safavieh,"[{'colorName': 'Dark Slate Grey', 'swatchImageId': 'DP0224202107044129S.tif', 'colorizedImageId': 'DP0224202107044125M.tif', 'colorSeqNum': 1, 'skuId': '79101280026', 'defaultSwatch': False, 'skuAltImages': [{'imgId': 'DP0224202107044143M.tif', 'colorSeq': 0}, {'imgId': 'DP0224202107044140M.tif', 'colorSeq': 1}, {'imgId': 'DP0224202107044136M.tif', 'colorSeq': 2}]}, {'colorName': 'Natural', 'swatchImageId': 'DP0903202407105811S.tif', 'colorizedImageId': 'DP0903202407105404M.tif', 'colorSeqNum': 2, 'skuId': '79101280034', 'defaultSwatch': False, 'skuAltImages': [{'imgId': 'DP0903202407110015M.tif', 'colorSeq': 0}, {'imgId': 'DP0903202407105607M.tif', 'colorSeq': 1}, {'imgId': 'DP0903202407105201M.tif', 'colorSeq': 2}]}, {'colorName': 'Ash Grey', 'swatchImageId': 'DP0903202407105710S.tif', 'colorizedImageId': 'DP0903202407105302M.tif', 'colorSeqNum': 3, 'skuId': '79101280042', 'defaultSwatch': False, 'skuAltImages': [{'imgId': 'DP0903202407105914M.tif', 'colorSeq': 0}, {'imgId': 'DP0903202407105506M.tif', 'colorSeq': 1}, {'imgId': 'DP0903202407105099M.tif', 'colorSeq': 2}]}]",/p/safavieh-manteca-patio-collection-lounge-chair/ppr5008088344?pTmplType=regular&searchTerm=patio+and+outdoor+furniture&geoZip=55057,"[{'message': 'Online Only', 'icon': 'mouse'}, {'message': 'Available for Shipping', 'icon': 'check'}]",False,791,True,540.0,540.0,GIFTWRAP,False,False,2021-02-24T22:04:44,DP0224202107044125M.tif,DP0224202107044143M.tif,,,https://www.jcpenney.com/p/safavieh-manteca-patio-collection-lounge-chair/ppr5008088344?pTmplType=regular&searchTerm=patio+and+outdoor+furniture&geoZip=55057,20251225,patio and outdoor furniture
Safavieh Rence Folding Chair 2-pc. Lounge Chair,ppr5008081517,,,620.0,620.0,620.0,620.0,ORIGINAL,False,False,available online only,False,False,original,False,True,"['# Pieces In Set: 2', 'Included: 2 Chair(s)', 'Features: Folding, Quick Ship, Weather Resistant', 'Joinery: Screwed', 'Seating Capacity: 1']",0.0,0.0,ORIGINAL,False,False,79107990018,USD,safavieh,"[{'colorName': 'Natural', 'swatchImageId': 'DP0526202107015390S.tif', 'colorizedImageId': 'DP0525202113005424M.tif', 'colorSeqNum': 1, 'skuId': '79107990018', 'defaultSwatch': False, 'skuAltImages': [{'imgId': 'DP0525202113005444M.tif', 'colorSeq': 0}, {'imgId': 'DP0525202113005439M.tif', 'colorSeq': 1}, {'imgId': 'DP0525202113005436M.tif', 'colorSeq': 2}]}]",/p/safavieh-rence-folding-chair-2-pc-lounge-chair/ppr5008081517?pTmplType=regular&searchTerm=patio+and+outdoor+furniture&geoZip=55057,"[{'message': 'Online Only', 'icon': 'mouse'}, {'message': 'Available for Shipping', 'icon': 'check'}]",False,791,True,558.0,558.0,GIFTWRAP,False,False,2021-02-09T22:06:26,DP0525202113005424M.tif,DP0525202113005444M.tif,,,https://www.jcpenney.com/p/safavieh-rence-folding-chair-2-pc-lounge-chair/ppr5008081517?pTmplType=regular&searchTerm=patio+and+outdoor+furniture&geoZip=55057,20251225,patio and outdoor furniture
Creekside Adirondack Patio Side Table,ppr5008187226,5.0,1.0,156.0,156.0,156.0,156.0,ORIGINAL,False,False,available online only,False,False,original,False,True,"['Included: 1 Chairside Table(s)', 'Features: Quick Ship, Indoor/Outdoor', 'Joinery: Butt Joint, Screwed', 'Manufacturer Warranty: 1 Year', 'Shape: Oval']",0.0,0.0,ORIGINAL,False,False,79114260034,USD,more brands,"[{'colorName': 'White', 'swatchImageId': 'DP1130202107014544S.tif', 'colorizedImageId': 'DP1130202107014482M.tif', 'colorSeqNum': 1, 'skuId': '79114260034', 'defaultSwatch': False, 'skuAltImages': [{'imgId': 'DP1130202107014497M.tif', 'colorSeq': 0}, {'imgId': 'DP1130202107014513M.tif', 'colorSeq': 1}, {'imgId': 'DP1130202107014465M.tif', 'colorSeq': 2}]}, {'colorName': 'Blue', 'swatchImageId': 'DP1130202107014537S.tif', 'colorizedImageId': 'DP1130202107014473M.tif', 'colorSeqNum': 2, 'skuId': '79114260018', 'defaultSwatch': False, 'skuAltImages': [{'imgId': 'DP1130202107014490M.tif', 'colorSeq': 0}, {'imgId': 'DP1130202107014505M.tif', 'colorSeq': 1}, {'imgId': 'DP1130202107014521M.tif', 'colorSeq': 2}]}, {'colorName': 'Red', 'swatchImageId': 'DP1130202107014540S.tif', 'colorizedImageId': 'DP1130202107014477M.tif', 'colorSeqNum': 3, 'skuId': '79114260026', 'defaultSwatch': False, 'skuAltImages': [{'imgId': 'DP1130202107014493M.tif', 'colorSeq': 0}, {'imgId': 'DP1130202107014509M.tif', 'colorSeq': 1}, {'imgId': 'DP1130202107014525M.tif', 'colorSeq': 2}]}, {'colorName': 'Acorn', 'swatchImageId': 'DP1130202107014533S.tif', 'colorizedImageId': 'DP1130202107014469M.tif', 'colorSeqNum': 4, 'skuId': '79114260042', 'defaultSwatch': False, 'skuAltImages': [{'imgId': 'DP1130202107014486M.tif', 'colorSeq': 0}, {'imgId': 'DP1130202107014501M.tif', 'colorSeq': 1}, {'imgId': 'DP1130202107014517M.tif', 'colorSeq': 2}]}]",/p/creekside-adirondack-patio-side-table/ppr5008187226?pTmplType=regular&searchTerm=patio+and+outdoor+furniture&geoZip=55057,"[{'message': 'Online Only', 'icon': 'mouse'}, {'message': 'Available for Shipping', 'icon': 'check'}]",False,791,True,140.4,140.4,GIFTWRAP,False,False,2022-01-13T21:03:35,DP1130202107014482M.tif,DP1130202107014497M.tif,,,https://www.jcpenney.com/p/creekside-adirondack-patio-side-table/ppr5008187226?pTmplType=regular&searchTerm=patio+and+outdoor+furniture&geoZip=55057,20251225,patio and outdoor furniture
Safavieh Bardia Folding Rattan Side Table,ppr5008357161,,,320.0,320.0,320.0,320.0,ORIGINAL,False,False,available online only,False,False,original,False,True,"['Included: 1 Table(s)', 'Features: Outdoor, Folding, Quick Ship', 'Joinery: Screwed', 'Shape: Rectangle', 'Tools Required: Screws (included)']",0.0,0.0,ORIGINAL,False,False,79123890026,USD,safavieh,"[{'colorName': 'Grey', 'swatchImageId': 'DP0508202309193522S.tif', 'colorizedImageId': 'DP0508202309193109M.tif', 'colorSeqNum': 1, 'skuId': '79123890026', 'defaultSwatch': False, 'skuAltImages': [{'imgId': 'DP0508202309193315M.tif', 'colorSeq': 0}, {'imgId': 'DP0508202309193831M.tif', 'colorSeq': 1}, {'imgId': 'DP0508202309193934M.tif', 'colorSeq': 2}]}]",/p/safavieh-bardia-folding-rattan-side-table/ppr5008357161?pTmplType=regular&searchTerm=patio+and+outdoor+furniture&geoZip=55057,"[{'message': 'Online Only', 'icon': 'mouse'}, {'message': 'Available for Shipping', 'icon': 'check'}]",False,791,True,288.0,288.0,GIFTWRAP,False,False,2023-05-09T00:11:28,DP0508202309193109M.tif,DP0508202309193315M.tif,,,https://www.jcpenney.com/p/safavieh-bardia-folding-rattan-side-table/ppr5008357161?pTmplType=regular&searchTerm=patio+and+outdoor+furniture&geoZip=55057,20251225,patio and outdoor furniture
Signature Design by Ashley® Elite Park Weather Resistant Patio Side Table,ppr5008241756,5.0,1.0,500.0,500.0,500.0,500.0,ORIGINAL,False,False,available online only,False,False,original,False,True,"['Included: 1 Chairside Table(s)', 'Features: Weather Resistant', 'Joinery: Screwed, Butt Joint', 'Manufacturer Warranty: 1 Year Parts Limited', 'Shape: Square']",0.0,0.0,ORIGINAL,False,False,79117590018,USD,signature design by ashley,"[{'colorName': 'Gray', 'swatchImageId': 'DP0429202209012808S.tif', 'colorizedImageId': 'DP0429202209012803M.tif', 'colorSeqNum': 1, 'skuId': '79117590018', 'defaultSwatch': False, 'skuAltImages': [{'imgId': 'DP0429202209012805M.tif', 'colorSeq': 0}, {'imgId': 'DP0429202209012806M.tif', 'colorSeq': 1}, {'imgId': 'DP0429202209012809M.tif', 'colorSeq': 2}]}]",/p/signature-design-by-ashley-elite-park-weather-resistant-patio-side-table/ppr5008241756?pTmplType=regular&searchTerm=patio+and+outdoor+furniture&geoZip=55057,"[{'message': 'Online Only', 'icon': 'mouse'}, {'message': 'Available for Shipping', 'icon': 'check'}]",False,791,True,450.0,450.0,GIFTWRAP,False,False,2022-04-29T22:03:32,DP0429202209012803M.tif,DP0429202209012805M.tif,,,https://www.jcpenney.com/p/signature-design-by-ashley-elite-park-weather-resistant-patio-side-table/ppr5008241756?pTmplType=regular&searchTerm=patio+and+outdoor+furniture&geoZip=55057,20251225,patio and outdoor furniture
Dillin Contemporary Weather Resistant Side Table,ppr5008234200,,,500.0,500.0,500.0,500.0,ORIGINAL,False,False,available online only,False,False,original,False,True,"['Included: 1 Chairside Table(s)', 'Features: Quick Ship, 4 Legs, Waterproof, Outdoor, Weather Resistant', 'Joinery: Cam And Bolt Lock', 'Manufacturer Warranty: 1 Year', 'Shape: Round']",0.0,0.0,ORIGINAL,False,False,79115430018,USD,more brands,"[{'colorName': 'Natural Tone', 'swatchImageId': 'DP0418202209020756S.tif', 'colorizedImageId': 'DP0418202209020761M.tif', 'colorSeqNum': 1, 'skuId': '79115430018', 'defaultSwatch': False, 'skuAltImages': [{'imgId': 'DP0418202209020759M.tif', 'colorSeq': 0}, {'imgId': 'DP0418202209020758M.tif', 'colorSeq': 1}, {'imgId': 'DP0418202209020755M.tif', 'colorSeq': 2}]}]",/p/dillin-contemporary-weather-resistant-side-table/ppr5008234200?pTmplType=regular&searchTerm=patio+and+outdoor+furniture&geoZip=55057,"[{'message': 'Online Only', 'icon': 'mouse'}, {'message': 'Available for Shipping', 'icon': 'check'}]",False,791,True,450.0,450.0,GIFTWRAP,False,False,2022-04-18T22:04:47,DP0418202209020761M.tif,DP0418202209020759M.tif,,,https://www.jcpenney.com/p/dillin-contemporary-weather-resistant-side-table/ppr5008234200?pTmplType=regular&searchTerm=patio+and+outdoor+furniture&geoZip=55057,20251225,patio and outdoor furniture
Safavieh Zen Patio Side Tables Weather Resistant Cement Side Table,ppr5008216462,,,380.0,380.0,380.0,380.0,ORIGINAL,False,False,available online only,False,False,original,False,True,"['Included: 1 Table(s)', 'Features: Quick Ship, Weather Resistant', 'Shape: Square', 'Maximum Weight Limit: 175 Lbs', 'Table Measurements: 18.1 Height/Inches, 13.7 Width/Inches, 13.7 Length/Inches']",0.0,0.0,ORIGINAL,False,False,79114940018,USD,safavieh,"[{'colorName': 'Black', 'swatchImageId': 'DP0209202207035078S.tif', 'colorizedImageId': 'DP0209202207035063M.tif', 'colorSeqNum': 1, 'skuId': '79114940018', 'defaultSwatch': False, 'skuAltImages': [{'imgId': 'DP0209202207035071M.tif', 'colorSeq': 0}, {'imgId': 'DP0209202207035056M.tif', 'colorSeq': 1}, {'imgId': 'DP0209202207035084M.tif', 'colorSeq': 2}]}]",/p/safavieh-zen-patio-side-tables-weather-resistant-cement-side-table/ppr5008216462?pTmplType=regular&searchTerm=patio+and+outdoor+furniture&geoZip=55057,"[{'message': 'Online Only', 'icon': 'mouse'}, {'message': 'Available for Shipping', 'icon': 'check'}]",False,791,True,342.0,342.0,GIFTWRAP,False,False,2022-02-13T17:03:18,DP0209202207035063M.tif,DP0209202207035071M.tif,,,https://www.jcpenney.com/p/safavieh-zen-patio-side-tables-weather-resistant-cement-side-table/ppr5008216462?pTmplType=regular&searchTerm=patio+and+outdoor+furniture&geoZip=55057,20251225,patio and outdoor furniture
Safavieh Owens Patio Side Tables Weather Resistant Side Table,ppr5008216091,,,260.0,260.0,260.0,260.0,ORIGINAL,False,False,available online only,False,False,original,False,True,"['Included: 1 Table(s)', 'Features: Quick Ship, Weather Resistant', 'Joinery: Nailed, Screwed, Glued', 'Shape: Semi-Circle', 'Tools Required: Allen Wrench (included), Screws (included)']",0.0,0.0,ORIGINAL,False,False,79114890018,USD,safavieh,"[{'colorName': 'Grey Wash', 'swatchImageId': 'DP0209202207034726S.tif', 'colorizedImageId': 'DP0209202207034718M.tif', 'colorSeqNum': 1, 'skuId': '79114890018', 'defaultSwatch': False, 'skuAltImages': [{'imgId': 'DP0209202207034740M.tif', 'colorSeq': 0}, {'imgId': 'DP0209202207034733M.tif', 'colorSeq': 1}, {'imgId': 'DP0209202207034711M.tif', 'colorSeq': 2}]}]",/p/safavieh-owens-patio-side-tables-weather-resistant-side-table/ppr5008216091?pTmplType=regular&searchTerm=patio+and+outdoor+furniture&geoZip=55057,"[{'message': 'Online Only', 'icon': 'mouse'}, {'message': 'Available for Shipping', 'icon': 'check'}]",False,791,True,234.0,234.0,GIFTWRAP,False,False,2023-02-01T13:05:56,DP0209202207034718M.tif,DP0209202207034740M.tif,,,https://www.jcpenney.com/p/safavieh-owens-patio-side-tables-weather-resistant-side-table/ppr5008216091?pTmplType=regular&searchTerm=patio+and+outdoor+furniture&geoZip=55057,20251225,patio and outdoor furniture
Safavieh Monti Bench,ppr5008445648,,,310.0,310.0,310.0,310.0,ORIGINAL,False,False,available online only,False,False,original,False,True,"['Included: 1 Bench(es)', 'Features: Quick Ship, Backless, Armless', 'Joinery: Screwed', 'Seating Capacity: 3', 'Tools Required: Screws (included), Allen Wrench (included)']",0.0,0.0,ORIGINAL,False,False,79130600018,USD,safavieh,"[{'colorName': 'Natural White', 'swatchImageId': 'DP0423202407091828S.tif', 'colorizedImageId': 'DP0423202407091422M.tif', 'colorSeqNum': 1, 'skuId': '79130600018', 'defaultSwatch': False, 'skuAltImages': [{'imgId': 'DP0423202407091524M.tif', 'colorSeq': 0}, {'imgId': 'DP0423202407091625M.tif', 'colorSeq': 1}, {'imgId': 'DP0423202407092134M.tif', 'colorSeq': 2}]}]",/p/safavieh-monti-bench/ppr5008445648?pTmplType=regular&searchTerm=patio+and+outdoor+furniture&geoZip=55057,"[{'message': 'Online Only', 'icon': 'mouse'}, {'message': 'Available for Shipping', 'icon': 'check'}]",False,791,True,279.0,279.0,GIFTWRAP,False,False,2024-04-23T22:02:49,DP0423202407091422M.tif,DP0423202407091524M.tif,,,https://www.jcpenney.com/p/safavieh-monti-bench/ppr5008445648?pTmplType=regular&searchTerm=patio+and+outdoor+furniture&geoZip=55057,20251225,patio and outdoor furniture
Benhill 2-pc. Dining Chair,ppr5008379851,,,670.0,670.0,670.0,670.0,ORIGINAL,False,False,available online only,False,False,original,False,True,"['# Pieces In Set: 2', 'Included: 2 Chair(s)', 'Features: Easy Care, Easy Clean, 4 Legs, Stackable', 'Manufacturer Warranty: 90 Days Limited', 'Seating Capacity: 2']",0.0,0.0,ORIGINAL,True,False,79127780018,USD,more brands,"[{'colorName': 'Brown', 'swatchImageId': 'DP0804202311151748S.tif', 'colorizedImageId': 'DP0804202311151440M.tif', 'colorSeqNum': 1, 'skuId': '79127780018', 'defaultSwatch': False, 'skuAltImages': [{'imgId': 'DP0804202311151543M.tif', 'colorSeq': 0}, {'imgId': 'DP0804202311151234M.tif', 'colorSeq': 1}, {'imgId': 'DP0804202311151646M.tif', 'colorSeq': 2}]}]",/p/benhill-2-pc-dining-chair/ppr5008379851?pTmplType=regular&searchTerm=patio+and+outdoor+furniture&geoZip=55057,"[{'message': 'Online Only', 'icon': 'mouse'}, {'message': 'Available for Shipping', 'icon': 'check'}]",False,791,True,603.0,603.0,GIFTWRAP,False,False,2023-08-04T22:05:32,DP0804202311151440M.tif,DP0804202311151543M.tif,,,https://www.jcpenney.com/p/benhill-2-pc-dining-chair/ppr5008379851?pTmplType=regular&searchTerm=patio+and+outdoor+furniture&geoZip=55057,20251225,patio and outdoor furniture
Lounge Chair,ppr5008256324,5.0,3.0,720.0,720.0,720.0,720.0,ORIGINAL,False,False,available online only,False,False,original,False,True,"['Features: Quick Ship, Weather Resistant', 'Manufacturer Warranty: 1 Year', 'Seating Capacity: 1', 'Tools Required: Allen Wrench (included)', 'Measurements: 43.5 Width/Inches, 74 Depth/Inches, 82 Height/Inches']",0.0,0.0,ORIGINAL,False,False,79119930018,USD,more brands,"[{'colorName': 'Navy', 'swatchImageId': 'DP0601202308151611S.tif', 'colorizedImageId': 'DP0601202308151508M.tif', 'colorSeqNum': 1, 'skuId': '79119930018', 'defaultSwatch': False, 'skuAltImages': [{'imgId': 'DP0601202308152128M.tif', 'colorSeq': 1}, {'imgId': 'DP0601202308152025M.tif', 'colorSeq': 2}, {'imgId': 'DP0601202308151921M.tif', 'colorSeq': 3}]}]",/p/lounge-chair/ppr5008256324?pTmplType=regular&searchTerm=patio+and+outdoor+furniture&geoZip=55057,"[{'message': 'Online Only', 'icon': 'mouse'}, {'message': 'Available for Shipping', 'icon': 'check'}]",False,791,True,648.0,648.0,GIFTWRAP,False,False,2022-06-16T22:02:20,DP0601202308151508M.tif,DP0601202308152128M.tif,,,https://www.jcpenney.com/p/lounge-chair/ppr5008256324?pTmplType=regular&searchTerm=patio+and+outdoor+furniture&geoZip=55057,20251225,patio and outdoor furniture
Burchett Sofa,ppr5008431416,,,1550.0,1550.0,1550.0,1550.0,ORIGINAL,False,False,available online only,False,False,original,False,True,"['Included: 3 Seat Back Cushion(s), 3 Seat Cushion(s), 1 Sofa(s)', 'Features: Removable Cushions, Water Repellent, Uv Protection', 'Manufacturer Warranty: 90 Days Limited', 'Seating Capacity: 3', 'Tools Required: Screws (included), Allen Wrench (included)']",0.0,0.0,ORIGINAL,False,False,79129930018,USD,more brands,"[{'colorName': 'Beige', 'swatchImageId': 'DP0212202407453025S.tif', 'colorizedImageId': 'DP0226202407032192M.tif', 'colorSeqNum': 1, 'skuId': '79129930018', 'defaultSwatch': False, 'skuAltImages': [{'imgId': 'DP0226202407032295M.tif', 'colorSeq': 0}, {'imgId': 'DP0226202407031985M.tif', 'colorSeq': 2}, {'imgId': 'DP0212202407452922M.tif', 'colorSeq': 4}]}]",/p/burchett-sofa/ppr5008431416?pTmplType=regular&searchTerm=patio+and+outdoor+furniture&geoZip=55057,"[{'message': 'Online Only', 'icon': 'mouse'}, {'message': 'Available for Shipping', 'icon': 'check'}]",False,791,True,1162.5,1162.5,RECLINER,False,False,2024-02-12T22:05:48,DP0226202407032192M.tif,DP0226202407032295M.tif,"[{'name': 'Few Left', 'priority': 1, 'urlParam': 'fewleft'}]",,https://www.jcpenney.com/p/burchett-sofa/ppr5008431416?pTmplType=regular&searchTerm=patio+and+outdoor+furniture&geoZip=55057,20251225,patio and outdoor furniture
European Wood Folding Square Patio Side Table,ppr5008244822,5.0,2.0,350.0,350.0,350.0,350.0,ORIGINAL,False,False,available online only,False,False,original,False,True,"['Features: Weather Resistant, Quick Ship', 'Manufacturer Warranty: 1 Year', 'Shape: Square', 'Dining Height: Standard Height', 'Maximum Weight Limit: 400 Lbs']",0.0,0.0,ORIGINAL,False,False,79118190018,USD,more brands,"[{'colorName': 'Brown Black', 'swatchImageId': 'DP0505202207023880S.tif', 'colorizedImageId': 'DP0505202207023875M.tif', 'colorSeqNum': 1, 'skuId': '79118190018', 'defaultSwatch': False, 'skuAltImages': [{'imgId': 'DP0505202207023877M.tif', 'colorSeq': 0}, {'imgId': 'DP0505202207023885M.tif', 'colorSeq': 1}, {'imgId': 'DP0505202207023883M.tif', 'colorSeq': 2}]}]",/p/european-wood-folding-square-patio-side-table/ppr5008244822?pTmplType=regular&searchTerm=patio+and+outdoor+furniture&geoZip=55057,"[{'message': 'Online Only', 'icon': 'mouse'}, {'message': 'Available for Shipping', 'icon': 'check'}]",False,791,True,315.0,315.0,GIFTWRAP,False,False,2022-05-24T15:05:00,DP0505202207023875M.tif,DP0505202207023877M.tif,,,https://www.jcpenney.com/p/european-wood-folding-square-patio-side-table/ppr5008244822?pTmplType=regular&searchTerm=patio+and+outdoor+furniture&geoZip=55057,20251225,patio and outdoor furniture
Signature Design by Ashley® Grasson Lane Weather Resistant Patio Side Table,ppr5007978764,3.0,2.0,500.0,500.0,500.0,500.0,ORIGINAL,False,False,available online only,False,False,original,False,True,"['Included: 1 Table(s)', 'Features: Quick Ship, Weather Resistant', 'Joinery: Nailed, Stapled, Blocked, Glued, Butt Joint, Screwed', 'Assembly: Assembly Required', 'Base Material: 100% Foam']",0.0,0.0,ORIGINAL,False,False,79101070018,USD,signature design by ashley,"[{'colorName': 'Brown', 'swatchImageId': 'DP0305202017004719S.tif', 'colorizedImageId': 'DP0305202013001831M.tif', 'colorSeqNum': 1, 'skuId': '79101070018', 'defaultSwatch': False, 'skuAltImages': [{'imgId': 'DP0305202013001834M.tif', 'colorSeq': 0}, {'imgId': 'DP0305202013001840M.tif', 'colorSeq': 1}, {'imgId': 'DP0306202013001342M.tif', 'colorSeq': 2}]}]",/p/signature-design-by-ashley-grasson-lane-weather-resistant-patio-side-table/ppr5007978764?pTmplType=regular&searchTerm=patio+and+outdoor+furniture&geoZip=55057,"[{'message': 'Online Only', 'icon': 'mouse'}, {'message': 'Available for Shipping', 'icon': 'check'}]",False,791,True,450.0,450.0,GIFTWRAP,False,False,2020-03-05T22:02:07,DP0305202013001831M.tif,DP0305202013001834M.tif,,,https://www.jcpenney.com/p/signature-design-by-ashley-grasson-lane-weather-resistant-patio-side-table/ppr5007978764?pTmplType=regular&searchTerm=patio+and+outdoor+furniture&geoZip=55057,20251225,patio and outdoor furniture
Safavieh Pomona Patio Collection Lounge Chair,ppr5008088345,,,1260.0,1260.0,1260.0,1260.0,ORIGINAL,False,False,available online only,False,False,original,False,True,"['Included: 1 Seat Cushion(s), 2 Throw Pillow(s), 1 Chair(s)', 'Features: Weather Resistant, Quick Ship, Reversible Cushions', 'Joinery: Glued, Screwed', 'Seating Capacity: 2', 'Tools Required: Screws (included), Allen Wrench (included)']",0.0,0.0,ORIGINAL,False,False,79101300026,USD,safavieh,"[{'colorName': 'Ash Grey Beige', 'swatchImageId': 'DP0224202107044158S.tif', 'colorizedImageId': 'DP0224202107044147M.tif', 'colorSeqNum': 1, 'skuId': '79101300034', 'defaultSwatch': False, 'skuAltImages': [{'imgId': 'DP0224202107044201M.tif', 'colorSeq': 0}, {'imgId': 'DP0224202107044190M.tif', 'colorSeq': 1}, {'imgId': 'DP0224202107044180M.tif', 'colorSeq': 2}]}, {'colorName': 'Natural Beige', 'swatchImageId': 'DP0224202107044162S.tif', 'colorizedImageId': 'DP0224202107044151M.tif', 'colorSeqNum': 2, 'skuId': '79101300026', 'defaultSwatch': False, 'skuAltImages': [{'imgId': 'DP0224202107044204M.tif', 'colorSeq': 0}, {'imgId': 'DP0224202107044194M.tif', 'colorSeq': 1}, {'imgId': 'DP0224202107044183M.tif', 'colorSeq': 2}]}, {'colorName': 'Slate Grey Beige', 'swatchImageId': 'DP0224202107044166S.tif', 'colorizedImageId': 'DP0224202107044154M.tif', 'colorSeqNum': 3, 'skuId': '79101300042', 'defaultSwatch': False, 'skuAltImages': [{'imgId': 'DP0224202107044209M.tif', 'colorSeq': 0}, {'imgId': 'DP0224202107044197M.tif', 'colorSeq': 1}, {'imgId': 'DP0224202107044187M.tif', 'colorSeq': 2}]}]",/p/safavieh-pomona-patio-collection-lounge-chair/ppr5008088345?pTmplType=regular&searchTerm=patio+and+outdoor+furniture&geoZip=55057,"[{'message': 'Online Only', 'icon': 'mouse'}, {'message': 'Available for Shipping', 'icon': 'check'}]",False,791,True,945.0,945.0,RECLINER,False,False,2021-02-24T22:04:44,DP0224202107044147M.tif,DP0224202107044201M.tif,,,https://www.jcpenney.com/p/safavieh-pomona-patio-collection-lounge-chair/ppr5008088345?pTmplType=regular&searchTerm=patio+and+outdoor+furniture&geoZip=55057,20251225,patio and outdoor furniture
Cape Adjustable 2-pc. Lounge Chair,ppr5008328382,,,1190.0,1190.0,1190.0,1190.0,ORIGINAL,False,False,available online only,False,False,original,False,True,"['# Pieces In Set: 2', 'Included: 2 Chair(s)', 'Features: Adjustable, 4 Legs, Quick Ship', 'Manufacturer Warranty: 90 Days', 'Seating Capacity: 2']",0.0,0.0,ORIGINAL,False,False,79121270018,USD,more brands,"[{'colorName': 'Gray', 'swatchImageId': 'DP0204202307031239S.tif', 'colorizedImageId': 'DP0204202307030622M.tif', 'colorSeqNum': 1, 'skuId': '79121270018', 'defaultSwatch': False, 'skuAltImages': [{'imgId': 'DP0204202307030828M.tif', 'colorSeq': 0}, {'imgId': 'DP0204202307030209M.tif', 'colorSeq': 1}, {'imgId': 'DP0204202307031033M.tif', 'colorSeq': 2}]}, {'colorName': 'Dark Gray', 'swatchImageId': 'DP0204202307031136S.tif', 'colorizedImageId': 'DP0204202307030519M.tif', 'colorSeqNum': 2, 'skuId': '79121270026', 'defaultSwatch': False, 'skuAltImages': [{'imgId': 'DP0204202307030725M.tif', 'colorSeq': 0}, {'imgId': 'DP0204202307030106M.tif', 'colorSeq': 1}, {'imgId': 'DP0204202307030931M.tif', 'colorSeq': 2}]}]",/p/cape-adjustable-2-pc-lounge-chair/ppr5008328382?pTmplType=regular&searchTerm=patio+and+outdoor+furniture&geoZip=55057,"[{'message': 'Online Only', 'icon': 'mouse'}, {'message': 'Available for Shipping', 'icon': 'check'}]",False,791,True,892.5,892.5,RECLINER,False,False,2023-02-06T07:06:07,DP0204202307030622M.tif,DP0204202307030828M.tif,,,https://www.jcpenney.com/p/cape-adjustable-2-pc-lounge-chair/ppr5008328382?pTmplType=regular&searchTerm=patio+and+outdoor+furniture&geoZip=55057,20251225,patio and outdoor furniture
Sherwood 2-pc. Club Chair,ppr5008330500,,,1265.0,1265.0,1265.0,1265.0,ORIGINAL,False,False,available online only,False,False,original,False,True,"['# Pieces In Set: 2', 'Included: 2 Chair(s)', 'Features: Quick Ship, Water Resistant', 'Manufacturer Warranty: 90 Days Limited', 'Seating Capacity: 2']",0.0,0.0,ORIGINAL,False,False,79121660018,USD,more brands,"[{'colorName': 'Teak  White', 'swatchImageId': 'DP0215202309143987S.tif', 'colorizedImageId': 'DP0215202309143884M.tif', 'colorSeqNum': 1, 'skuId': '79121660018', 'defaultSwatch': False, 'skuAltImages': [{'imgId': 'DP0215202309144297M.tif', 'colorSeq': 0}, {'imgId': 'DP0215202309144400M.tif', 'colorSeq': 1}, {'imgId': 'DP0215202309144503M.tif', 'colorSeq': 2}]}]",/p/sherwood-2-pc-club-chair/ppr5008330500?pTmplType=regular&searchTerm=patio+and+outdoor+furniture&geoZip=55057,"[{'message': 'Online Only', 'icon': 'mouse'}, {'message': 'Available for Shipping', 'icon': 'check'}]",False,791,True,948.75,948.75,RECLINER,False,False,2023-02-15T22:06:01,DP0215202309143884M.tif,DP0215202309144297M.tif,,,https://www.jcpenney.com/p/sherwood-2-pc-club-chair/ppr5008330500?pTmplType=regular&searchTerm=patio+and+outdoor+furniture&geoZip=55057,20251225,patio and outdoor furniture
Mozaic Company Sunbrella Deep Seating Cushion,ppr5008321159,,,129.99,174.99,217.0,292.0,SALE,False,False,available online only,False,False,original,False,True,"['Features: Water Resistant, Stain Resistant, Weather Resistant', 'Finishing Feature: Cording', 'Use: Outdoor', 'Seat Cushion Measurements: 5 Height/Inches, 25 Depth/Inches, 23 Width/Inches', 'Base Material: 100% Acrylic']",0.0,0.0,SALE,False,False,62730980018,USD,more brands,"[{'colorName': 'Canvas Navy', 'swatchImageId': 'DP0110202307264691S.tif', 'colorizedImageId': 'DP0110202307264587M.tif', 'colorSeqNum': 1, 'skuId': '62730970018', 'defaultSwatch': False, 'skuAltImages': [{'imgId': 'DP0110202307264998M.tif', 'colorSeq': 0}, {'imgId': 'DP0110202307264895M.tif', 'colorSeq': 1}, {'imgId': 'DP0110202307264793M.tif', 'colorSeq': 2}]}, {'colorName': 'Canvas Granite', 'swatchImageId': 'DP0110202307262200S.tif', 'colorizedImageId': 'DP0110202307262097M.tif', 'colorSeqNum': 2, 'skuId': '62730910018', 'defaultSwatch': False, 'skuAltImages': [{'imgId': 'DP0110202307262510M.tif', 'colorSeq': 0}, {'imgId': 'DP0110202307262406M.tif', 'colorSeq': 1}, {'imgId': 'DP0110202307262303M.tif', 'colorSeq': 2}]}, {'colorName': 'Navy', 'swatchImageId': 'DP0110202307265308S.tif', 'colorizedImageId': 'DP0110202307265205M.tif', 'colorSeqNum': 3, 'skuId': '62730980018', 'defaultSwatch': False, 'skuAltImages': [{'imgId': 'DP0110202307265616M.tif', 'colorSeq': 0}, {'imgId': 'DP0110202307265513M.tif', 'colorSeq': 1}, {'imgId': 'DP0110202307265410M.tif', 'colorSeq': 2}]}]",/p/mozaic-company-sunbrella-deep-seating-cushion/ppr5008321159?pTmplType=regular&searchTerm=patio+and+outdoor+furniture&geoZip=55057,"[{'message': 'Online Only', 'icon': 'mouse'}, {'message': 'Available for Shipping', 'icon': 'check'}]",False,627,True,157.49,116.99,YULETIDE,False,False,2023-01-27T15:03:58,DP0110202307264587M.tif,DP0110202307264998M.tif,,,https://www.jcpenney.com/p/mozaic-company-sunbrella-deep-seating-cushion/ppr5008321159?pTmplType=regular&searchTerm=patio+and+outdoor+furniture&geoZip=55057,20251225,patio and outdoor furniture
"Carlbach Outdoor Teak 80"" Dining Bench",ppr5008451447,,,1200.0,1200.0,1200.0,1200.0,ORIGINAL,False,False,available online only,False,False,original,False,True,"['Included: 1 Table(s)', 'Features: Easy Installation, Quick Ship', 'Joinery: Screwed', 'Manufacturer Warranty: 6 Month', 'Shape: Rectangle']",0.0,0.0,ORIGINAL,False,False,79131580018,USD,more brands,"[{'colorName': 'Brown', 'swatchImageId': 'DP0513202415131527S.tif', 'colorizedImageId': 'DP0513202415131324M.tif', 'colorSeqNum': 1, 'skuId': '79131580018', 'defaultSwatch': False, 'skuAltImages': [{'imgId': 'DP0513202415131426M.tif', 'colorSeq': 0}, {'imgId': 'DP0513202415131222M.tif', 'colorSeq': 1}, {'imgId': 'DP0513202415131121M.tif', 'colorSeq': 2}]}]",/p/carlbach-outdoor-teak-80-dining-bench/ppr5008451447?pTmplType=regular&searchTerm=patio+and+outdoor+furniture&geoZip=55057,"[{'message': 'Online Only', 'icon': 'mouse'}, {'message': 'Available for Shipping', 'icon': 'check'}]",False,791,True,900.0,900.0,RECLINER,False,False,2024-05-13T22:04:56,DP0513202415131324M.tif,DP0513202415131426M.tif,,,https://www.jcpenney.com/p/carlbach-outdoor-teak-80-dining-bench/ppr5008451447?pTmplType=regular&searchTerm=patio+and+outdoor+furniture&geoZip=55057,20251225,patio and outdoor furniture
Safavieh Karoo Collection Acacia Bench,ppr5008091390,,,900.0,900.0,900.0,900.0,ORIGINAL,False,False,available online only,False,False,original,False,True,"['Included: 1 Bench(es)', 'Features: Weather Resistant, Quick Ship', 'Joinery: Glued, Nailed, Screwed', 'Seating Capacity: 2', 'Tools Required: Screws (included), Allen Wrench (included)']",0.0,0.0,ORIGINAL,False,False,79108830034,USD,safavieh,"[{'colorName': 'Ash Grey', 'swatchImageId': 'DP0302202115032282S.tif', 'colorizedImageId': 'DP0302202115032278M.tif', 'colorSeqNum': 1, 'skuId': '79108830018', 'defaultSwatch': False, 'skuAltImages': [{'imgId': 'DP0302202115032304M.tif', 'colorSeq': 0}, {'imgId': 'DP0302202115032300M.tif', 'colorSeq': 1}, {'imgId': 'DP0302202115032295M.tif', 'colorSeq': 2}]}, {'colorName': 'Natural', 'swatchImageId': 'DP0903202407210759S.tif', 'colorizedImageId': 'DP0903202407210251M.tif', 'colorSeqNum': 2, 'skuId': '79108830026', 'defaultSwatch': False, 'skuAltImages': [{'imgId': 'DP0903202407211370M.tif', 'colorSeq': 0}, {'imgId': 'DP0903202407211166M.tif', 'colorSeq': 1}, {'imgId': 'DP0903202407205946M.tif', 'colorSeq': 2}]}, {'colorName': 'Beach House Blue', 'swatchImageId': 'DP0903202407210557S.tif', 'colorizedImageId': 'DP0903202407210048M.tif', 'colorSeqNum': 3, 'skuId': '79108830034', 'defaultSwatch': False, 'skuAltImages': [{'imgId': 'DP0903202407210353M.tif', 'colorSeq': 0}, {'imgId': 'DP0903202407205641M.tif', 'colorSeq': 1}, {'imgId': 'DP0903202407205743M.tif', 'colorSeq': 2}]}]",/p/safavieh-karoo-collection-acacia-bench/ppr5008091390?pTmplType=regular&searchTerm=patio+and+outdoor+furniture&geoZip=55057,"[{'message': 'Online Only', 'icon': 'mouse'}, {'message': 'Available for Shipping', 'icon': 'check'}]",False,791,True,675.0,675.0,RECLINER,False,False,2021-11-01T17:05:19,DP0302202115032278M.tif,DP0302202115032304M.tif,,,https://www.jcpenney.com/p/safavieh-karoo-collection-acacia-bench/ppr5008091390?pTmplType=regular&searchTerm=patio+and+outdoor+furniture&geoZip=55057,20251225,patio and outdoor furniture
Corliving Bench,ppr5007988232,5.0,1.0,600.0,600.0,600.0,600.0,ORIGINAL,False,False,available online only,False,False,original,False,True,"['Features: Uv Protection', 'Assembly: Ready-To-Assemble', 'Frame Content: 100% Wood', 'Care: Wipe Clean', 'Material: Wood']",0.0,0.0,ORIGINAL,False,False,79106310018,USD,more brands,"[{'colorName': 'Cinnamon Brown', 'swatchImageId': 'DP0914202007030716S.tif', 'colorizedImageId': 'DP0914202007030703M.tif', 'colorSeqNum': 1, 'skuId': '79106310018', 'defaultSwatch': False, 'skuAltImages': [{'imgId': 'DP0914202007030727M.tif', 'colorSeq': 0}, {'imgId': 'DP0914202007030710M.tif', 'colorSeq': 1}, {'imgId': 'DP0914202007030722M.tif', 'colorSeq': 2}]}]",/p/corliving-bench/ppr5007988232?pTmplType=regular&searchTerm=patio+and+outdoor+furniture&geoZip=55057,"[{'message': 'Online Only', 'icon': 'mouse'}, {'message': 'Available for Shipping', 'icon': 'check'}]",False,791,True,540.0,540.0,GIFTWRAP,False,False,2020-10-26T19:02:54,DP0914202007030703M.tif,DP0914202007030727M.tif,,,https://www.jcpenney.com/p/corliving-bench/ppr5007988232?pTmplType=regular&searchTerm=patio+and+outdoor+furniture&geoZip=55057,20251225,patio and outdoor furniture
6-pc. Rectangular Dining Set,ppr5008336778,,,2530.0,2530.0,2530.0,2530.0,ORIGINAL,False,False,available online only,False,False,original,False,True,"['# Pieces In Set: 6', 'Included: 4 Chair(s), 1 Bench(es), 1 Table(s)', 'Features: Quick Ship, Water Resistant, 4 Legs', 'Seating Capacity: 6', 'Shape: Rectangle']",0.0,0.0,ORIGINAL,False,False,79122750018,USD,more brands,"[{'colorName': 'Brown', 'swatchImageId': 'DP0314202309340048S.tif', 'colorizedImageId': 'DP0314202309335631M.tif', 'colorSeqNum': 1, 'skuId': '79122750018', 'defaultSwatch': False, 'skuAltImages': [{'imgId': 'DP0314202309335736M.tif', 'colorSeq': 0}, {'imgId': 'DP0314202309335840M.tif', 'colorSeq': 1}, {'imgId': 'DP0314202309335423M.tif', 'colorSeq': 2}]}]",/p/6-pc-rectangular-dining-set/ppr5008336778?pTmplType=regular&searchTerm=patio+and+outdoor+furniture&geoZip=55057,"[{'message': 'Online Only', 'icon': 'mouse'}, {'message': 'Available for Shipping', 'icon': 'check'}]",False,791,True,1897.5,1897.5,RECLINER,False,False,2023-03-14T22:10:15,DP0314202309335631M.tif,DP0314202309335736M.tif,,,https://www.jcpenney.com/p/6-pc-rectangular-dining-set/ppr5008336778?pTmplType=regular&searchTerm=patio+and+outdoor+furniture&geoZip=55057,20251225,patio and outdoor furniture
Parksville Patio Collection 5-Piece Dining Set With Arm Chairs,ppr5008099012,,,1870.0,1870.0,1870.0,1870.0,ORIGINAL,False,False,available online only,False,False,original,False,True,"['# Pieces In Set: 5', 'Included: 4 Chair(s), 1 Table(s)', 'Features: Weather Resistant, Quick Ship, Water Resistant', 'Joinery: Nailed', 'Seating Capacity: 4']",0.0,0.0,ORIGINAL,False,False,79111380018,USD,more brands,"[{'colorName': 'Ash Gray', 'swatchImageId': 'DP0403202403071445S.tif', 'colorizedImageId': 'DP0403202403071342M.tif', 'colorSeqNum': 1, 'skuId': '79111380018', 'defaultSwatch': False, 'skuAltImages': [{'imgId': 'DP0403202403072165M.tif', 'colorSeq': 0}, {'imgId': 'DP0403202403072062M.tif', 'colorSeq': 1}, {'imgId': 'DP0403202403071959M.tif', 'colorSeq': 2}]}]",/p/parksville-patio-collection-5-piece-dining-set-with-arm-chairs/ppr5008099012?pTmplType=regular&searchTerm=patio+and+outdoor+furniture&geoZip=55057,"[{'message': 'Online Only', 'icon': 'mouse'}, {'message': 'Available for Shipping', 'icon': 'check'}]",False,791,True,1402.5,1402.5,RECLINER,False,False,2021-03-22T22:03:25,DP0403202403071342M.tif,DP0403202403072165M.tif,"[{'name': 'Few Left', 'priority': 1, 'urlParam': 'fewleft'}]",,https://www.jcpenney.com/p/parksville-patio-collection-5-piece-dining-set-with-arm-chairs/ppr5008099012?pTmplType=regular&searchTerm=patio+and+outdoor+furniture&geoZip=55057,20251225,patio and outdoor furniture
Safavieh Walten Patio Collection 3-pc. Bistro Set Folding,ppr5008095961,,,900.0,900.0,900.0,900.0,ORIGINAL,False,False,available online only,False,False,original,False,True,"['# Pieces In Set: 3', 'Included: 2 Chair(s), 1 Table(s)', 'Features: Folding, Armless, Weather Resistant, Quick Ship', 'Joinery: Nailed, Screwed, Glued', 'Seating Capacity: 2']",0.0,0.0,ORIGINAL,False,False,79110930018,USD,safavieh,"[{'colorName': 'Natural', 'swatchImageId': 'DP0317202107031379S.tif', 'colorizedImageId': 'DP0317202107031374M.tif', 'colorSeqNum': 1, 'skuId': '79110930018', 'defaultSwatch': False, 'skuAltImages': [{'imgId': 'DP0316202107031397M.tif', 'colorSeq': 0}, {'imgId': 'DP0316202107031401M.tif', 'colorSeq': 1}, {'imgId': 'DP0316202107031393M.tif', 'colorSeq': 6}]}]",/p/safavieh-walten-patio-collection-3-pc-bistro-set-folding/ppr5008095961?pTmplType=regular&searchTerm=patio+and+outdoor+furniture&geoZip=55057,"[{'message': 'Online Only', 'icon': 'mouse'}, {'message': 'Available for Shipping', 'icon': 'check'}]",False,791,True,675.0,675.0,RECLINER,False,False,2021-03-16T22:02:46,DP0317202107031374M.tif,DP0316202107031397M.tif,,,https://www.jcpenney.com/p/safavieh-walten-patio-collection-3-pc-bistro-set-folding/ppr5008095961?pTmplType=regular&searchTerm=patio+and+outdoor+furniture&geoZip=55057,20251225,patio and outdoor furniture
Mozaic Company Poly Solid Bristol Seat Cushion (Set of 2),ppr5008341100,,,63.99,63.99,108.0,108.0,SALE,False,False,available online only,False,False,original,False,True,"['# Pieces In Set: 2', 'Features: Weather Resistant', 'Finishing Feature: Knife-Edge', 'Use: Outdoor', 'Seat Cushion Measurements: 2.5 Height/Inches, 20 Width/Inches, 20 Depth/Inches']",0.0,0.0,SALE,False,False,62731100018,USD,more brands,"[{'colorName': 'Charcoal', 'swatchImageId': 'DP0110202307274145S.tif', 'colorizedImageId': 'DP0110202307274042M.tif', 'colorSeqNum': 1, 'skuId': '62731060018', 'defaultSwatch': False, 'skuAltImages': [{'imgId': 'DP0110202307273940M.tif', 'colorSeq': 0}, {'imgId': 'DP0110202307273836M.tif', 'colorSeq': 1}]}, {'colorName': 'Tan', 'swatchImageId': 'DP0110202307280620S.tif', 'colorizedImageId': 'DP0110202307280518M.tif', 'colorSeqNum': 2, 'skuId': '62731100018', 'defaultSwatch': False, 'skuAltImages': [{'imgId': 'DP0110202307280415M.tif', 'colorSeq': 0}, {'imgId': 'DP0110202307280313M.tif', 'colorSeq': 1}]}]",/p/mozaic-company-poly-solid-bristol-seat-cushion-set-of-2/ppr5008341100?pTmplType=regular&searchTerm=patio+and+outdoor+furniture&geoZip=55057,"[{'message': 'Online Only', 'icon': 'mouse'}, {'message': 'Available for Shipping', 'icon': 'check'}]",False,627,True,57.59,57.59,YULETIDE,False,False,2023-03-08T04:42:47,DP0110202307274042M.tif,DP0110202307273940M.tif,,,https://www.jcpenney.com/p/mozaic-company-poly-solid-bristol-seat-cushion-set-of-2/ppr5008341100?pTmplType=regular&searchTerm=patio+and+outdoor+furniture&geoZip=55057,20251225,patio and outdoor furniture
Safavieh Vikki Concrete Coffee Table,ppr5008345326,,,520.0,520.0,520.0,520.0,ORIGINAL,False,False,available online only,False,False,original,False,True,"['Included: 1 Coffee Table', 'Joinery: Welded Joint', 'Shape: Round', 'Maximum Weight Limit: 50 Lbs', 'Table Measurements: 17.7 Width/Inches, 17.7 Height/Inches']",0.0,0.0,ORIGINAL,False,False,79123200018,USD,safavieh,"[{'colorName': 'Dark Grey', 'swatchImageId': 'DP0327202311050610S.tif', 'colorizedImageId': 'DP0327202311045367M.tif', 'colorSeqNum': 1, 'skuId': '79123200018', 'defaultSwatch': False, 'skuAltImages': [{'imgId': 'DP0327202311045678M.tif', 'colorSeq': 0}, {'imgId': 'DP0327202311045988M.tif', 'colorSeq': 1}, {'imgId': 'DP0327202311050299M.tif', 'colorSeq': 2}]}, {'colorName': 'Ivory', 'swatchImageId': 'DP0327202311050714S.tif', 'colorizedImageId': 'DP0327202311045470M.tif', 'colorSeqNum': 2, 'skuId': '79123200026', 'defaultSwatch': False, 'skuAltImages': [{'imgId': 'DP0327202311045781M.tif', 'colorSeq': 0}, {'imgId': 'DP0327202311050092M.tif', 'colorSeq': 1}, {'imgId': 'DP0327202311050404M.tif', 'colorSeq': 2}]}, {'colorName': 'Black', 'swatchImageId': 'DP0327202311050507S.tif', 'colorizedImageId': 'DP0327202311045264M.tif', 'colorSeqNum': 3, 'skuId': '79123200034', 'defaultSwatch': False, 'skuAltImages': [{'imgId': 'DP0327202311045574M.tif', 'colorSeq': 0}, {'imgId': 'DP0327202311045884M.tif', 'colorSeq': 1}, {'imgId': 'DP0327202311050196M.tif', 'colorSeq': 2}]}]",/p/safavieh-vikki-concrete-coffee-table/ppr5008345326?pTmplType=regular&searchTerm=patio+and+outdoor+furniture&geoZip=55057,"[{'message': 'Online Only', 'icon': 'mouse'}, {'message': 'Available for Shipping', 'icon': 'check'}]",False,791,True,468.0,468.0,GIFTWRAP,False,False,2023-04-18T21:04:03,DP0327202311045367M.tif,DP0327202311045678M.tif,,,https://www.jcpenney.com/p/safavieh-vikki-concrete-coffee-table/ppr5008345326?pTmplType=regular&searchTerm=patio+and+outdoor+furniture&geoZip=55057,20251225,patio and outdoor furniture
Safavieh Sidford Rattan Side Table,ppr5008357162,,,820.0,820.0,820.0,820.0,ORIGINAL,False,False,available online only,False,False,original,False,True,"['Included: 1 Table(s)', 'Features: Outdoor, Quick Ship', 'Joinery: Screwed', 'Shape: Round', 'Tools Required: Screws (not Included)']",0.0,0.0,ORIGINAL,False,False,79123900018,USD,safavieh,"[{'colorName': 'Navy White', 'swatchImageId': 'DP0508202309195275S.tif', 'colorizedImageId': 'DP0508202309194656M.tif', 'colorSeqNum': 1, 'skuId': '79123900018', 'defaultSwatch': False, 'skuAltImages': [{'imgId': 'DP0508202309194862M.tif', 'colorSeq': 0}, {'imgId': 'DP0508202309195069M.tif', 'colorSeq': 1}, {'imgId': 'DP0508202309195688M.tif', 'colorSeq': 2}]}, {'colorName': 'Grey White', 'swatchImageId': 'DP0508202309195172S.tif', 'colorizedImageId': 'DP0508202309194553M.tif', 'colorSeqNum': 2, 'skuId': '79123900026', 'defaultSwatch': False, 'skuAltImages': [{'imgId': 'DP0508202309194759M.tif', 'colorSeq': 0}, {'imgId': 'DP0508202309194965M.tif', 'colorSeq': 1}, {'imgId': 'DP0508202309195584M.tif', 'colorSeq': 2}]}]",/p/safavieh-sidford-rattan-side-table/ppr5008357162?pTmplType=regular&searchTerm=patio+and+outdoor+furniture&geoZip=55057,"[{'message': 'Online Only', 'icon': 'mouse'}, {'message': 'Available for Shipping', 'icon': 'check'}]",False,791,True,615.0,615.0,RECLINER,False,False,2023-05-09T00:11:29,DP0508202309194656M.tif,DP0508202309194862M.tif,,,https://www.jcpenney.com/p/safavieh-sidford-rattan-side-table/ppr5008357162?pTmplType=regular&searchTerm=patio+and+outdoor+furniture&geoZip=55057,20251225,patio and outdoor furniture
Safavieh Vesta Patio Collection Weather Resistant Concrete Side Table,ppr5008094569,,,430.0,430.0,430.0,430.0,ORIGINAL,False,False,available online only,False,False,original,False,True,"['Included: 1 Table(s)', 'Features: Weather Resistant, Quick Ship', 'Shape: Round', 'Maximum Weight Limit: 50 Lbs', 'Table Measurements: 17.7 Height/Inches, 15.7 Length/Inches, 15.7 Width/Inches']",0.0,0.0,ORIGINAL,False,False,79109730026,USD,safavieh,"[{'colorName': 'Dark Grey', 'swatchImageId': 'DP0311202113020084S.tif', 'colorizedImageId': 'DP0311202113020075M.tif', 'colorSeqNum': 1, 'skuId': '79109730018', 'defaultSwatch': False, 'skuAltImages': [{'imgId': 'DP0311202113020118M.tif', 'colorSeq': 0}, {'imgId': 'DP0311202113020109M.tif', 'colorSeq': 1}, {'imgId': 'DP0311202113020100M.tif', 'colorSeq': 2}]}, {'colorName': 'Ivory', 'swatchImageId': 'DP0311202113020088S.tif', 'colorizedImageId': 'DP0311202113020080M.tif', 'colorSeqNum': 2, 'skuId': '79109730026', 'defaultSwatch': False, 'skuAltImages': [{'imgId': 'DP0322202115005058M.tif', 'colorSeq': 0}, {'imgId': 'DP0311202113020122M.tif', 'colorSeq': 1}, {'imgId': 'DP0311202113020114M.tif', 'colorSeq': 2}]}]",/p/safavieh-vesta-patio-collection-weather-resistant-concrete-side-table/ppr5008094569?pTmplType=regular&searchTerm=patio+and+outdoor+furniture&geoZip=55057,"[{'message': 'Online Only', 'icon': 'mouse'}, {'message': 'Available for Shipping', 'icon': 'check'}]",False,791,True,387.0,387.0,GIFTWRAP,False,False,2021-03-11T22:03:10,DP0311202113020075M.tif,DP0311202113020118M.tif,,,https://www.jcpenney.com/p/safavieh-vesta-patio-collection-weather-resistant-concrete-side-table/ppr5008094569?pTmplType=regular&searchTerm=patio+and+outdoor+furniture&geoZip=55057,20251225,patio and outdoor furniture
Safavieh Cube Collection Concrete Side Table,ppr5008094549,,,400.0,400.0,400.0,400.0,ORIGINAL,False,False,available online only,False,False,original,False,True,"['Included: 1 Table(s)', 'Features: Quick Ship, Water Resistant', 'Shape: Square', 'Maximum Weight Limit: 50 Lbs', 'Table Measurements: 14.9 Length/Inches, 16.5 Height/Inches, 14.9 Width/Inches']",0.0,0.0,ORIGINAL,False,False,79109670018,USD,safavieh,"[{'colorName': 'Dark Grey', 'swatchImageId': 'DP0311202113015778S.tif', 'colorizedImageId': 'DP0311202113015766M.tif', 'colorSeqNum': 2, 'skuId': '79109670018', 'defaultSwatch': False, 'skuAltImages': [{'imgId': 'DP0311202113015826M.tif', 'colorSeq': 0}, {'imgId': 'DP0311202113015816M.tif', 'colorSeq': 1}, {'imgId': 'DP0311202113015802M.tif', 'colorSeq': 2}]}, {'colorName': 'Ivory', 'swatchImageId': 'DP0311202113015781S.tif', 'colorizedImageId': 'DP0311202113015770M.tif', 'colorSeqNum': 3, 'skuId': '79109670026', 'defaultSwatch': False, 'skuAltImages': [{'imgId': 'DP0311202113015830M.tif', 'colorSeq': 0}, {'imgId': 'DP0311202113015821M.tif', 'colorSeq': 1}, {'imgId': 'DP0311202113015806M.tif', 'colorSeq': 2}]}]",/p/safavieh-cube-collection-concrete-side-table/ppr5008094549?pTmplType=regular&searchTerm=patio+and+outdoor+furniture&geoZip=55057&selectedSKUId=79109670018,"[{'message': 'Online Only', 'icon': 'mouse'}, {'message': 'Available for Shipping', 'icon': 'check'}]",False,791,True,360.0,360.0,GIFTWRAP,False,True,2021-03-11T22:03:08,DP0311202113015766M.tif,DP0311202113015826M.tif,,,https://www.jcpenney.com/p/safavieh-cube-collection-concrete-side-table/ppr5008094549?pTmplType=regular&searchTerm=patio+and+outdoor+furniture&geoZip=55057&selectedSKUId=79109670018,20251225,patio and outdoor furniture
Zen Patio Collection Concrete Side Table,ppr5008094545,,,380.0,380.0,380.0,380.0,ORIGINAL,False,False,available online only,False,False,original,False,True,"['Included: 1 Table(s)', 'Features: Quick Ship, Water Resistant', 'Shape: Square', 'Bar Measurements: 18.1 Height/Inches, 13.7 Width/Inches, 13.7 Depth/Inches', 'Maximum Weight Limit: 50 Lbs']",0.0,0.0,ORIGINAL,False,False,79109640018,USD,more brands,"[{'colorName': 'Dark Grey', 'swatchImageId': 'DP0311202113015601S.tif', 'colorizedImageId': 'DP0311202113015592M.tif', 'colorSeqNum': 1, 'skuId': '79109640018', 'defaultSwatch': False, 'skuAltImages': [{'imgId': 'DP0311202113015637M.tif', 'colorSeq': 0}, {'imgId': 'DP0311202113015616M.tif', 'colorSeq': 2}, {'imgId': 'DP0311202113015609M.tif', 'colorSeq': 3}]}, {'colorName': 'Ivory', 'swatchImageId': 'DP0311202113015605S.tif', 'colorizedImageId': 'DP0311202113015597M.tif', 'colorSeqNum': 2, 'skuId': '79109640026', 'defaultSwatch': False, 'skuAltImages': [{'imgId': 'DP0322202115005028M.tif', 'colorSeq': 0}, {'imgId': 'DP0311202113015633M.tif', 'colorSeq': 1}, {'imgId': 'DP0311202113015628M.tif', 'colorSeq': 2}]}]",/p/zen-patio-collection-concrete-side-table/ppr5008094545?pTmplType=regular&searchTerm=patio+and+outdoor+furniture&geoZip=55057,"[{'message': 'Online Only', 'icon': 'mouse'}, {'message': 'Available for Shipping', 'icon': 'check'}]",False,791,True,342.0,342.0,GIFTWRAP,False,False,2021-03-11T22:03:07,DP0311202113015592M.tif,DP0311202113015637M.tif,,,https://www.jcpenney.com/p/zen-patio-collection-concrete-side-table/ppr5008094545?pTmplType=regular&searchTerm=patio+and+outdoor+furniture&geoZip=55057,20251225,patio and outdoor furniture
Kyoto Side Table,ppr5008297262,,,170.0,170.0,170.0,170.0,ORIGINAL,False,False,available online only,False,False,original,False,True,"['Features: 4 Legs', 'Manufacturer Warranty: 90 Days', 'Shape: Rectangle', 'Tools Required: Allen Wrench (included), Screws (included)', 'Table Measurements: 21.5 Length/Inches, 16 Height/Inches, 13.75 Width/Inches']",0.0,0.0,ORIGINAL,False,False,79120800018,USD,more brands,"[{'colorName': 'Teak', 'swatchImageId': 'DP1010202207511305S.tif', 'colorizedImageId': 'DP1010202207510994M.tif', 'colorSeqNum': 1, 'skuId': '79120800018', 'defaultSwatch': False, 'skuAltImages': [{'imgId': 'DP1010202207511099M.tif', 'colorSeq': 0}, {'imgId': 'DP1010202207511408M.tif', 'colorSeq': 1}, {'imgId': 'DP1010202207511202M.tif', 'colorSeq': 2}]}]",/p/kyoto-side-table/ppr5008297262?pTmplType=regular&searchTerm=patio+and+outdoor+furniture&geoZip=55057,"[{'message': 'Online Only', 'icon': 'mouse'}, {'message': 'Available for Shipping', 'icon': 'check'}]",False,791,True,153.0,153.0,GIFTWRAP,False,False,2022-10-10T22:09:34,DP1010202207510994M.tif,DP1010202207511099M.tif,,,https://www.jcpenney.com/p/kyoto-side-table/ppr5008297262?pTmplType=regular&searchTerm=patio+and+outdoor+furniture&geoZip=55057,20251225,patio and outdoor furniture
Signature Design by Ashley® Elite Park Weather Resistant Patio Coffee Table,ppr5008241752,,,850.0,850.0,850.0,850.0,ORIGINAL,False,False,available online only,False,False,original,False,True,"['Included: 1 Coffee Table(s)', 'Features: Weather Resistant', 'Joinery: Butt Joint, Screwed', 'Manufacturer Warranty: 1 Year Parts Limited', 'Shape: Rectangle']",0.0,0.0,ORIGINAL,False,False,79117550018,USD,signature design by ashley,"[{'colorName': 'Gray', 'swatchImageId': 'DP0429202209012775S.tif', 'colorizedImageId': 'DP0429202209012772M.tif', 'colorSeqNum': 1, 'skuId': '79117550018', 'defaultSwatch': False, 'skuAltImages': [{'imgId': 'DP0429202209012773M.tif', 'colorSeq': 0}, {'imgId': 'DP0429202209012775M.tif', 'colorSeq': 1}, {'imgId': 'DP0429202209012777M.tif', 'colorSeq': 2}]}]",/p/signature-design-by-ashley-elite-park-weather-resistant-patio-coffee-table/ppr5008241752?pTmplType=regular&searchTerm=patio+and+outdoor+furniture&geoZip=55057,"[{'message': 'Online Only', 'icon': 'mouse'}, {'message': 'Available for Shipping', 'icon': 'check'}]",False,791,True,637.5,637.5,RECLINER,False,False,2022-04-29T22:03:31,DP0429202209012772M.tif,DP0429202209012773M.tif,,,https://www.jcpenney.com/p/signature-design-by-ashley-elite-park-weather-resistant-patio-coffee-table/ppr5008241752?pTmplType=regular&searchTerm=patio+and+outdoor+furniture&geoZip=55057,20251225,patio and outdoor furniture
Safavieh Benaya Weather Resistant Cement Side Table,ppr5008216495,,,430.0,430.0,430.0,430.0,ORIGINAL,False,False,available online only,False,False,original,False,True,"['Included: 1 Table(s)', 'Features: Weather Resistant, Quick Ship', 'Shape: Round', 'Maximum Weight Limit: 100 Lbs', 'Table Measurements: 17.72 Height/Inches, 14.96 Width/Inches, 14.96 Length/Inches']",0.0,0.0,ORIGINAL,False,False,79115070018,USD,safavieh,"[{'colorName': 'Dark Grey', 'swatchImageId': 'DP0209202207035855S.tif', 'colorizedImageId': 'DP0209202207035841M.tif', 'colorSeqNum': 1, 'skuId': '79115070018', 'defaultSwatch': False, 'skuAltImages': [{'imgId': 'DP0209202207035848M.tif', 'colorSeq': 0}, {'imgId': 'DP0209202207035862M.tif', 'colorSeq': 1}, {'imgId': 'DP0209202207035834M.tif', 'colorSeq': 2}]}]",/p/safavieh-benaya-weather-resistant-cement-side-table/ppr5008216495?pTmplType=regular&searchTerm=patio+and+outdoor+furniture&geoZip=55057,"[{'message': 'Online Only', 'icon': 'mouse'}, {'message': 'Available for Shipping', 'icon': 'check'}]",False,791,True,387.0,387.0,GIFTWRAP,False,False,2022-02-09T22:03:22,DP0209202207035841M.tif,DP0209202207035848M.tif,,,https://www.jcpenney.com/p/safavieh-benaya-weather-resistant-cement-side-table/ppr5008216495?pTmplType=regular&searchTerm=patio+and+outdoor+furniture&geoZip=55057,20251225,patio and outdoor furniture
Ragna Patio Console Table,ppr5008094585,,,1300.0,1300.0,1300.0,1300.0,ORIGINAL,False,False,available online only,False,False,original,False,True,"['Included: 1 Table(s)', 'Features: Weather Resistant, Quick Ship', 'Joinery: Screwed', 'Shape: Rectangle', 'Tools Required: Screws (included), Allen Wrench (included)']",0.0,0.0,ORIGINAL,False,False,79109810018,USD,safavieh,"[{'colorName': 'Dark Grey', 'swatchImageId': 'DP0311202113020353S.tif', 'colorizedImageId': 'DP0311202113020349M.tif', 'colorSeqNum': 1, 'skuId': '79109810018', 'defaultSwatch': False, 'skuAltImages': [{'imgId': 'DP0311202113020367M.tif', 'colorSeq': 0}, {'imgId': 'DP0311202113020372M.tif', 'colorSeq': 1}, {'imgId': 'DP0311202113020362M.tif', 'colorSeq': 2}]}]",/p/ragna-patio-console-table/ppr5008094585?pTmplType=regular&searchTerm=patio+and+outdoor+furniture&geoZip=55057,"[{'message': 'Online Only', 'icon': 'mouse'}, {'message': 'Available for Shipping', 'icon': 'check'}]",False,791,True,975.0,975.0,RECLINER,False,False,2021-03-11T22:03:12,DP0311202113020349M.tif,DP0311202113020367M.tif,,,https://www.jcpenney.com/p/ragna-patio-console-table/ppr5008094585?pTmplType=regular&searchTerm=patio+and+outdoor+furniture&geoZip=55057,20251225,patio and outdoor furniture
Rosen Rattan 2-pc. Patio Chairs,ppr5008086423,,,810.0,810.0,810.0,810.0,ORIGINAL,False,False,available online only,False,False,original,False,True,"['# Pieces In Set: 2', 'Included: 2 Chair(s)', 'Features: Weather Resistant, Quick Ship, Stackable', 'Joinery: Welded Joint, Screwed', 'Seating Capacity: 1']",0.0,0.0,ORIGINAL,False,False,79108060034,USD,safavieh,"[{'colorName': 'Navy White', 'swatchImageId': 'DP0215202107030416S.tif', 'colorizedImageId': 'DP0215202107030396M.tif', 'colorSeqNum': 1, 'skuId': '79108060018', 'defaultSwatch': False, 'skuAltImages': [{'imgId': 'DP0215202107030426M.tif', 'colorSeq': 0}, {'imgId': 'DP0215202107030438M.tif', 'colorSeq': 1}, {'imgId': 'DP0215202107030421M.tif', 'colorSeq': 2}]}, {'colorName': 'Grey White', 'swatchImageId': 'DP0215202107030412S.tif', 'colorizedImageId': 'DP0215202107030391M.tif', 'colorSeqNum': 2, 'skuId': '79108060026', 'defaultSwatch': False, 'skuAltImages': [{'imgId': 'DP0215202107030434M.tif', 'colorSeq': 0}, {'imgId': 'DP0215202107030430M.tif', 'colorSeq': 1}, {'imgId': 'DP0215202107030401M.tif', 'colorSeq': 2}]}, {'colorName': 'Brown White', 'swatchImageId': 'DP0404202207062497S.tif', 'colorizedImageId': 'DP0404202207062472M.tif', 'colorSeqNum': 3, 'skuId': '79108060034', 'defaultSwatch': False, 'skuAltImages': [{'imgId': 'DP0404202207062480M.tif', 'colorSeq': 0}, {'imgId': 'DP0404202207062490M.tif', 'colorSeq': 1}, {'imgId': 'DP0404202207062510M.tif', 'colorSeq': 3}]}, {'colorName': 'White', 'swatchImageId': 'DP0404202207062502S.tif', 'colorizedImageId': 'DP0404202207062476M.tif', 'colorSeqNum': 4, 'skuId': '79108060042', 'defaultSwatch': False, 'skuAltImages': [{'imgId': 'DP0404202207062485M.tif', 'colorSeq': 0}, {'imgId': 'DP0404202207062493M.tif', 'colorSeq': 1}, {'imgId': 'DP0404202207062515M.tif', 'colorSeq': 2}]}]",/p/rosen-rattan-2-pc-patio-chairs/ppr5008086423?pTmplType=regular&searchTerm=patio+and+outdoor+furniture&geoZip=55057,"[{'message': 'Online Only', 'icon': 'mouse'}, {'message': 'Available for Shipping', 'icon': 'check'}]",False,791,True,607.5,607.5,RECLINER,False,False,2021-09-13T17:04:03,DP0215202107030396M.tif,DP0215202107030426M.tif,,,https://www.jcpenney.com/p/rosen-rattan-2-pc-patio-chairs/ppr5008086423?pTmplType=regular&searchTerm=patio+and+outdoor+furniture&geoZip=55057,20251225,patio and outdoor furniture
2-pc. Dining Chair,ppr5008336762,,,600.0,600.0,600.0,600.0,ORIGINAL,False,False,available online only,False,False,original,False,True,"['# Pieces In Set: 2', 'Included: 2 Chair(s)', 'Features: Weather Resistant, 4 Legs, Quick Ship', 'Seating Capacity: 2', 'Tools Required: Allen Wrench (included), Screws (included)']",0.0,0.0,ORIGINAL,False,False,79122600018,USD,more brands,"[{'colorName': 'Yellow', 'swatchImageId': 'DP0314202309313172S.tif', 'colorizedImageId': 'DP0314202309312754M.tif', 'colorSeqNum': 1, 'skuId': '79122600018', 'defaultSwatch': False, 'skuAltImages': [{'imgId': 'DP0314202309313380M.tif', 'colorSeq': 0}, {'imgId': 'DP0314202309312857M.tif', 'colorSeq': 1}, {'imgId': 'DP0314202309312963M.tif', 'colorSeq': 2}]}]",/p/2-pc-dining-chair/ppr5008336762?pTmplType=regular&searchTerm=patio+and+outdoor+furniture&geoZip=55057,"[{'message': 'Online Only', 'icon': 'mouse'}, {'message': 'Available for Shipping', 'icon': 'check'}]",False,791,True,540.0,540.0,GIFTWRAP,False,False,2023-03-17T07:06:53,DP0314202309312754M.tif,DP0314202309313380M.tif,,,https://www.jcpenney.com/p/2-pc-dining-chair/ppr5008336762?pTmplType=regular&searchTerm=patio+and+outdoor+furniture&geoZip=55057,20251225,patio and outdoor furniture
Safavieh Maui Patio Collection Patio Umbrella,ppr5008094043,,,410.0,410.0,410.0,410.0,ORIGINAL,False,False,available online only,False,False,original,False,True,"['Features: Weather Resistant, Collapsible, Uv Protection', 'Shape: Octagon', 'Measurements: 100.79 Width/Inches, 98.82 Height/Inches, 100.79 Depth/Inches', 'Diameter: 9 Ft', 'Weight (lb.): 12 Lb']",0.0,0.0,ORIGINAL,False,False,79109230075,USD,safavieh,"[{'colorName': 'Beige White', 'swatchImageId': 'DP0310202109014998S.tif', 'colorizedImageId': 'DP0310202109014983M.tif', 'colorSeqNum': 1, 'skuId': '79109230018', 'defaultSwatch': False, 'skuAltImages': [{'imgId': 'DP0310202109015044M.tif', 'colorSeq': 0}, {'imgId': 'DP0310202109015029M.tif', 'colorSeq': 1}, {'imgId': 'DP0310202109015058M.tif', 'colorSeq': 2}]}, {'colorName': 'Grey White', 'swatchImageId': 'DP0310202109015006S.tif', 'colorizedImageId': 'DP0310202109014991M.tif', 'colorSeqNum': 2, 'skuId': '79109230026', 'defaultSwatch': False, 'skuAltImages': [{'imgId': 'DP0310202109015051M.tif', 'colorSeq': 0}, {'imgId': 'DP0310202109015036M.tif', 'colorSeq': 1}, {'imgId': 'DP0310202109015066M.tif', 'colorSeq': 2}]}, {'colorName': 'Navy White', 'swatchImageId': 'DP0310202109015010S.tif', 'colorizedImageId': 'DP0310202109014995M.tif', 'colorSeqNum': 3, 'skuId': '79109230034', 'defaultSwatch': False, 'skuAltImages': [{'imgId': 'DP0310202109015055M.tif', 'colorSeq': 0}, {'imgId': 'DP0310202109015040M.tif', 'colorSeq': 1}, {'imgId': 'DP0310202109015069M.tif', 'colorSeq': 2}]}, {'colorName': 'Black White', 'swatchImageId': 'DP0310202109015002S.tif', 'colorizedImageId': 'DP0310202109014987M.tif', 'colorSeqNum': 4, 'skuId': '79109230042', 'defaultSwatch': False, 'skuAltImages': [{'imgId': 'DP0310202109015047M.tif', 'colorSeq': 0}, {'imgId': 'DP0310202109015032M.tif', 'colorSeq': 1}, {'imgId': 'DP0310202109015062M.tif', 'colorSeq': 2}]}, {'colorName': 'Pacific Blue Strip', 'swatchImageId': 'DP0903202407234944S.tif', 'colorizedImageId': 'DP0903202407234128M.tif', 'colorSeqNum': 6, 'skuId': '79109230067', 'defaultSwatch': False, 'skuAltImages': [{'imgId': 'DP0903202407234536M.tif', 'colorSeq': 0}, {'imgId': 'DP0903202407233721M.tif', 'colorSeq': 1}, {'imgId': 'DP0903202407233314M.tif', 'colorSeq': 2}]}, {'colorName': 'Red Stripe', 'swatchImageId': 'DP0903202407235046S.tif', 'colorizedImageId': 'DP0903202407234230M.tif', 'colorSeqNum': 7, 'skuId': '79109230075', 'defaultSwatch': False, 'skuAltImages': [{'imgId': 'DP0903202407234637M.tif', 'colorSeq': 0}, {'imgId': 'DP0903202407233823M.tif', 'colorSeq': 1}, {'imgId': 'DP0903202407233416M.tif', 'colorSeq': 2}]}, {'colorName': 'Baby Blue White', 'swatchImageId': 'DP0903202407234739S.tif', 'colorizedImageId': 'DP0903202407233924M.tif', 'colorSeqNum': 8, 'skuId': '79109230083', 'defaultSwatch': False, 'skuAltImages': [{'imgId': 'DP0903202407234332M.tif', 'colorSeq': 0}, {'imgId': 'DP0903202407233518M.tif', 'colorSeq': 1}, {'imgId': 'DP0903202407233110M.tif', 'colorSeq': 2}]}]",/p/safavieh-maui-patio-collection-patio-umbrella/ppr5008094043?pTmplType=regular&searchTerm=patio+and+outdoor+furniture&geoZip=55057,"[{'message': 'Online Only', 'icon': 'mouse'}, {'message': 'Available for Shipping', 'icon': 'check'}]",False,791,True,369.0,369.0,GIFTWRAP,False,False,2021-03-10T22:04:13,DP0310202109014983M.tif,DP0310202109015044M.tif,,,https://www.jcpenney.com/p/safavieh-maui-patio-collection-patio-umbrella/ppr5008094043?pTmplType=regular&searchTerm=patio+and+outdoor+furniture&geoZip=55057,20251225,patio and outdoor furniture
Safavieh Alexei Rocking Chair,ppr5008357170,,,400.0,400.0,400.0,400.0,ORIGINAL,False,False,available online only,False,False,original,False,True,"['Included: 1 Chair(s)', 'Joinery: Screwed', 'Seating Capacity: 1', 'Tools Required: Allen Wrench (included), Screws (included)', 'Measurements: 24.4 Width/Inches, 33.9 Depth/Inches, 34.7 Height/Inches']",0.0,0.0,ORIGINAL,False,False,79123980018,USD,safavieh,"[{'colorName': 'Ash Grey', 'swatchImageId': 'DP0508202309220987S.tif', 'colorizedImageId': 'DP0508202309220162M.tif', 'colorSeqNum': 1, 'skuId': '79123980018', 'defaultSwatch': False, 'skuAltImages': [{'imgId': 'DP0508202309220575M.tif', 'colorSeq': 0}, {'imgId': 'DP0508202309215337M.tif', 'colorSeq': 1}, {'imgId': 'DP0508202309215749M.tif', 'colorSeq': 2}]}, {'colorName': 'Natural Brown', 'swatchImageId': 'DP0508202309221297S.tif', 'colorizedImageId': 'DP0508202309220472M.tif', 'colorSeqNum': 2, 'skuId': '79123980026', 'defaultSwatch': False, 'skuAltImages': [{'imgId': 'DP0508202309220884M.tif', 'colorSeq': 0}, {'imgId': 'DP0508202309215646M.tif', 'colorSeq': 1}, {'imgId': 'DP0508202309220059M.tif', 'colorSeq': 2}]}, {'colorName': 'Beach House Blue', 'swatchImageId': 'DP0508202309221090S.tif', 'colorizedImageId': 'DP0508202309220265M.tif', 'colorSeqNum': 3, 'skuId': '79123980034', 'defaultSwatch': False, 'skuAltImages': [{'imgId': 'DP0508202309220678M.tif', 'colorSeq': 0}, {'imgId': 'DP0508202309215440M.tif', 'colorSeq': 1}, {'imgId': 'DP0508202309215853M.tif', 'colorSeq': 2}]}, {'colorName': 'Dark Slate Grey', 'swatchImageId': 'DP0508202309221194S.tif', 'colorizedImageId': 'DP0508202309220369M.tif', 'colorSeqNum': 4, 'skuId': '79123980042', 'defaultSwatch': False, 'skuAltImages': [{'imgId': 'DP0508202309220781M.tif', 'colorSeq': 0}, {'imgId': 'DP0508202309215543M.tif', 'colorSeq': 1}, {'imgId': 'DP0508202309221503M.tif', 'colorSeq': 2}]}]",/p/safavieh-alexei-rocking-chair/ppr5008357170?pTmplType=regular&searchTerm=patio+and+outdoor+furniture&geoZip=55057,"[{'message': 'Online Only', 'icon': 'mouse'}, {'message': 'Available for Shipping', 'icon': 'check'}]",False,791,True,360.0,360.0,GIFTWRAP,False,False,2023-05-09T00:11:33,DP0508202309220162M.tif,DP0508202309220575M.tif,,,https://www.jcpenney.com/p/safavieh-alexei-rocking-chair/ppr5008357170?pTmplType=regular&searchTerm=patio+and+outdoor+furniture&geoZip=55057,20251225,patio and outdoor furniture
Ian Adjustable 4-pc. Lounge Chair,ppr5008429779,,,3720.0,3720.0,3720.0,3720.0,ORIGINAL,False,False,available online only,False,False,original,False,True,"['# Pieces In Set: 4', 'Included: 4 Seat Cushion(s), 4 Chair(s)', 'Features: Water Resistant, Weather Resistant, Adjustable', 'Manufacturer Warranty: 90 Days Limited', 'Seating Capacity: 4']",0.0,0.0,ORIGINAL,False,False,79129110018,USD,more brands,"[{'colorName': 'Cream', 'swatchImageId': 'DP1001202407191646S.tif', 'colorizedImageId': 'DP1001202407191443M.tif', 'colorSeqNum': 1, 'skuId': '79129110018', 'defaultSwatch': False, 'skuAltImages': [{'imgId': 'DP1001202407191240M.tif', 'colorSeq': 0}, {'imgId': 'DP1001202407191850M.tif', 'colorSeq': 1}, {'imgId': 'DP1001202407191748M.tif', 'colorSeq': 2}]}]",/p/ian-adjustable-4-pc-lounge-chair/ppr5008429779?pTmplType=regular&searchTerm=patio+and+outdoor+furniture&geoZip=55057,"[{'message': 'Online Only', 'icon': 'mouse'}, {'message': 'Available for Shipping', 'icon': 'check'}]",False,791,True,2790.0,2790.0,RECLINER,False,False,2024-10-21T09:04:40,DP1001202407191443M.tif,DP1001202407191240M.tif,,,https://www.jcpenney.com/p/ian-adjustable-4-pc-lounge-chair/ppr5008429779?pTmplType=regular&searchTerm=patio+and+outdoor+furniture&geoZip=55057,20251225,patio and outdoor furniture
Gavilan Egg Chair,ppr5008367146,,,580.0,580.0,580.0,580.0,ORIGINAL,False,False,available online only,False,False,original,False,True,"['Included: 1 Chair(s)', 'Features: Quick Ship, Weather Resistant, Water Resistant, Removable Cushions', 'Manufacturer Warranty: 90 Days Limited', 'Seating Capacity: 1', 'Tools Required: Allen Wrench (included), Screws (included)']",0.0,0.0,ORIGINAL,False,False,79125810018,USD,more brands,"[{'colorName': 'Multibrown Tan', 'swatchImageId': 'DP1023202515143774S.tif', 'colorizedImageId': 'DP1023202515143669M.tif', 'colorSeqNum': 1, 'skuId': '79125810018', 'defaultSwatch': False, 'skuAltImages': [{'imgId': 'DP1023202515144193M.tif', 'colorSeq': 0}, {'imgId': 'DP1023202515144088M.tif', 'colorSeq': 1}, {'imgId': 'DP1023202515143879M.tif', 'colorSeq': 2}]}]",/p/gavilan-egg-chair/ppr5008367146?pTmplType=regular&searchTerm=patio+and+outdoor+furniture&geoZip=55057,"[{'message': 'Online Only', 'icon': 'mouse'}, {'message': 'Available for Shipping', 'icon': 'check'}]",False,791,True,522.0,522.0,GIFTWRAP,False,False,2025-10-23T22:05:43,DP1023202515143669M.tif,DP1023202515144193M.tif,"[{'name': 'NEW', 'priority': 1, 'urlParam': 'new'}]",,https://www.jcpenney.com/p/gavilan-egg-chair/ppr5008367146?pTmplType=regular&searchTerm=patio+and+outdoor+furniture&geoZip=55057,20251225,patio and outdoor furniture
Cape Lounge Chair Adjustable 4-pc. Lounge Chair,ppr5008328397,,,2260.0,2260.0,2260.0,2260.0,ORIGINAL,False,False,available online only,False,False,original,False,True,"['# Pieces In Set: 4', 'Included: 4 Chair(s)', 'Features: 4 Legs, Adjustable, Quick Ship', 'Manufacturer Warranty: 90 Days', 'Seating Capacity: 4']",0.0,0.0,ORIGINAL,False,False,79121360018,USD,more brands,"[{'colorName': 'Dark Gray', 'swatchImageId': 'DP0204202307044095S.tif', 'colorizedImageId': 'DP0204202307043787M.tif', 'colorSeqNum': 1, 'skuId': '79121360018', 'defaultSwatch': False, 'skuAltImages': [{'imgId': 'DP0204202307043890M.tif', 'colorSeq': 0}, {'imgId': 'DP0204202307043992M.tif', 'colorSeq': 1}, {'imgId': 'DP0204202307044404M.tif', 'colorSeq': 2}]}]",/p/cape-lounge-chair-adjustable-4-pc-lounge-chair/ppr5008328397?pTmplType=regular&searchTerm=patio+and+outdoor+furniture&geoZip=55057,"[{'message': 'Online Only', 'icon': 'mouse'}, {'message': 'Available for Shipping', 'icon': 'check'}]",False,791,True,1695.0,1695.0,RECLINER,False,False,2023-02-06T07:06:07,DP0204202307043787M.tif,DP0204202307043890M.tif,,,https://www.jcpenney.com/p/cape-lounge-chair-adjustable-4-pc-lounge-chair/ppr5008328397?pTmplType=regular&searchTerm=patio+and+outdoor+furniture&geoZip=55057,20251225,patio and outdoor furniture
Sunnydaze Patio Glider Bench,ppr5008094727,1.0,1.0,450.0,450.0,450.0,450.0,ORIGINAL,False,False,available online only,False,False,original,False,True,"['Included: 1 Bench(es)', 'Features: Quick Ship, Weather Resistant', 'Joinery: Screwed', 'Manufacturer Warranty: 1 Year', 'Seating Capacity: 2']",0.0,0.0,ORIGINAL,False,False,79110150026,USD,more brands,"[{'colorName': 'Black', 'swatchImageId': 'DP0727202115014288S.tif', 'colorizedImageId': 'DP0318202107030634M.tif', 'colorSeqNum': 1, 'skuId': '79110150026', 'defaultSwatch': False, 'skuAltImages': [{'imgId': 'DP0318202107030639M.tif', 'colorSeq': 0}, {'imgId': 'DP0318202107030660M.tif', 'colorSeq': 1}, {'imgId': 'DP0318202107030650M.tif', 'colorSeq': 2}]}]",/p/sunnydaze-patio-glider-bench/ppr5008094727?pTmplType=regular&searchTerm=patio+and+outdoor+furniture&geoZip=55057,"[{'message': 'Online Only', 'icon': 'mouse'}, {'message': 'Available for Shipping', 'icon': 'check'}]",False,791,True,,,,False,False,2021-07-20T11:07:10,DP0318202107030634M.tif,DP0318202107030639M.tif,,,https://www.jcpenney.com/p/sunnydaze-patio-glider-bench/ppr5008094727?pTmplType=regular&searchTerm=patio+and+outdoor+furniture&geoZip=55057,20251225,patio and outdoor furniture
Sunnydaze® Tufted Victorian Hammock Swing,ppr5008109636,5.0,1.0,150.0,150.0,150.0,150.0,ORIGINAL,False,False,available online only,False,False,original,False,True,"['Included: 1 Hammock(s), 1 Set of Assembly Instructions', 'Features: Quick Ship', 'Manufacturer Warranty: 1 Year', 'Seating Capacity: 1', 'Measurements: 23 Width/Inches, 25 Depth/Inches, 2 Height/Inches']",0.0,0.0,ORIGINAL,False,False,79112750018,USD,more brands,"[{'colorName': 'Dark Blue', 'swatchImageId': 'DP1001202507200087S.tif', 'colorizedImageId': 'DP1001202507195982M.tif', 'colorSeqNum': 1, 'skuId': '79112750018', 'defaultSwatch': False, 'skuAltImages': [{'imgId': 'DP1001202507200401M.tif', 'colorSeq': 0}, {'imgId': 'DP1001202507200297M.tif', 'colorSeq': 1}, {'imgId': 'DP1001202507200192M.tif', 'colorSeq': 2}]}, {'colorName': 'Grey', 'swatchImageId': 'DP0330202109013347S.tif', 'colorizedImageId': 'DP1022202517052030M.tif', 'colorSeqNum': 2, 'skuId': '79112740018', 'defaultSwatch': False, 'skuAltImages': [{'imgId': 'DP1022202517052343M.tif', 'colorSeq': 0}, {'imgId': 'DP1022202517052238M.tif', 'colorSeq': 1}, {'imgId': 'DP1022202517052134M.tif', 'colorSeq': 2}]}]",/p/sunnydaze-tufted-victorian-hammock-swing/ppr5008109636?pTmplType=regular&searchTerm=patio+and+outdoor+furniture&geoZip=55057,"[{'message': 'Online Only', 'icon': 'mouse'}, {'message': 'Available for Shipping', 'icon': 'check'}]",False,791,True,,,,False,False,2021-04-13T19:02:09,DP1001202507195982M.tif,DP1001202507200401M.tif,,,https://www.jcpenney.com/p/sunnydaze-tufted-victorian-hammock-swing/ppr5008109636?pTmplType=regular&searchTerm=patio+and+outdoor+furniture&geoZip=55057,20251225,patio and outdoor furniture
Mozaic Company Sunbrella Tufted Square Seat Cushion (Set of 2),ppr5008321348,,,99.99,108.99,167.0,183.0,SALE,False,False,available online only,False,False,original,False,True,"['# Pieces In Set: 2', 'Features: Tufted, Weather Resistant, Stain Resistant', 'Chair Fastening: String Ties', 'Finishing Feature: Knife-Edge', 'Use: Outdoor']",0.0,0.0,SALE,False,False,62733100034,USD,more brands,"[{'colorName': 'Canvas Black', 'swatchImageId': 'DP0110202307331510S.tif', 'colorizedImageId': 'DP0110202307331408M.tif', 'colorSeqNum': 1, 'skuId': '62735020034', 'defaultSwatch': False, 'skuAltImages': [{'imgId': 'DP0110202307331820M.tif', 'colorSeq': 0}, {'imgId': 'DP0110202307331715M.tif', 'colorSeq': 1}, {'imgId': 'DP0110202307331612M.tif', 'colorSeq': 2}]}, {'colorName': 'Canvas Jockey Red', 'swatchImageId': 'DP0110202307322779S.tif', 'colorizedImageId': 'DP0110202307322673M.tif', 'colorSeqNum': 2, 'skuId': '62733100034', 'defaultSwatch': False, 'skuAltImages': [{'imgId': 'DP0110202307323191M.tif', 'colorSeq': 0}, {'imgId': 'DP0110202307323088M.tif', 'colorSeq': 1}, {'imgId': 'DP0110202307322985M.tif', 'colorSeq': 2}]}]",/p/mozaic-company-sunbrella-tufted-square-seat-cushion-set-of-2/ppr5008321348?pTmplType=regular&searchTerm=patio+and+outdoor+furniture&geoZip=55057,"[{'message': 'Online Only', 'icon': 'mouse'}, {'message': 'Available for Shipping', 'icon': 'check'}]",False,627,True,98.09,89.99,YULETIDE,False,False,2023-01-27T15:03:59,DP0110202307331408M.tif,DP0110202307331820M.tif,,,https://www.jcpenney.com/p/mozaic-company-sunbrella-tufted-square-seat-cushion-set-of-2/ppr5008321348?pTmplType=regular&searchTerm=patio+and+outdoor+furniture&geoZip=55057,20251225,patio and outdoor furniture
Wind Resistant Tilting Patio Umbrella,ppr5008039323,4.8,10.0,470.0,470.0,470.0,470.0,ORIGINAL,False,False,available online only,False,False,original,False,True,"['Features: Wind Resistant', 'Measurements: 96 Height/Inches, 118 Width/Inches, 118 Length/Millimeters', 'Assembly: Assembly Required', 'Base Material: 100% Aluminum', 'Care: Rinse Clean']",0.0,0.0,ORIGINAL,False,False,79105920067,USD,more brands,"[{'colorName': 'Cobalt Blue', 'swatchImageId': 'DP0324202415061114S.tif', 'colorizedImageId': 'DP0324202415054647M.tif', 'colorSeqNum': 1, 'skuId': '79105920125', 'defaultSwatch': False, 'skuAltImages': [{'imgId': 'DP0324202415055882M.tif', 'colorSeq': 0}, {'imgId': 'DP0324202415064817M.tif', 'colorSeq': 1}, {'imgId': 'DP0324202415063583M.tif', 'colorSeq': 2}]}, {'colorName': 'Grey', 'swatchImageId': 'DP0324202415061527S.tif', 'colorizedImageId': 'DP0324202415055059M.tif', 'colorSeqNum': 2, 'skuId': '79105920018', 'defaultSwatch': False, 'skuAltImages': [{'imgId': 'DP0324202415060294M.tif', 'colorSeq': 0}, {'imgId': 'DP0324202415065229M.tif', 'colorSeq': 2}, {'imgId': 'DP0324202415063996M.tif', 'colorSeq': 3}]}, {'colorName': 'Red', 'swatchImageId': 'DP0324202415061733S.tif', 'colorizedImageId': 'DP0324202415055264M.tif', 'colorSeqNum': 3, 'skuId': '79105920026', 'defaultSwatch': False, 'skuAltImages': [{'imgId': 'DP0324202415060499M.tif', 'colorSeq': 0}, {'imgId': 'DP0324202415065433M.tif', 'colorSeq': 2}, {'imgId': 'DP0324202415064199M.tif', 'colorSeq': 3}]}, {'colorName': 'Brown', 'swatchImageId': 'DP0324202415061012S.tif', 'colorizedImageId': 'DP0324202415054543M.tif', 'colorSeqNum': 4, 'skuId': '79105920034', 'defaultSwatch': False, 'skuAltImages': [{'imgId': 'DP0324202415055779M.tif', 'colorSeq': 0}, {'imgId': 'DP0324202415064715M.tif', 'colorSeq': 2}, {'imgId': 'DP0324202415063481M.tif', 'colorSeq': 3}]}, {'colorName': 'Green', 'swatchImageId': 'DP0324202415061424S.tif', 'colorizedImageId': 'DP0324202415054956M.tif', 'colorSeqNum': 5, 'skuId': '79105920042', 'defaultSwatch': False, 'skuAltImages': [{'imgId': 'DP0324202415060191M.tif', 'colorSeq': 0}, {'imgId': 'DP0324202415065125M.tif', 'colorSeq': 2}, {'imgId': 'DP0324202415063892M.tif', 'colorSeq': 3}]}, {'colorName': 'Black', 'swatchImageId': 'DP0324202415060909S.tif', 'colorizedImageId': 'DP0324202415054440M.tif', 'colorSeqNum': 6, 'skuId': '79105920059', 'defaultSwatch': False, 'skuAltImages': [{'imgId': 'DP0324202415055676M.tif', 'colorSeq': 0}, {'imgId': 'DP0324202415064612M.tif', 'colorSeq': 2}, {'imgId': 'DP0324202415063378M.tif', 'colorSeq': 3}]}, {'colorName': 'Turquoise Blue', 'swatchImageId': 'DP0324202415061836S.tif', 'colorizedImageId': 'DP0324202415055368M.tif', 'colorSeqNum': 7, 'skuId': '79105920067', 'defaultSwatch': False, 'skuAltImages': [{'imgId': 'DP0324202415060602M.tif', 'colorSeq': 0}, {'imgId': 'DP0324202415065535M.tif', 'colorSeq': 2}, {'imgId': 'DP0324202415064302M.tif', 'colorSeq': 3}]}, {'colorName': 'Orange', 'swatchImageId': 'DP0324202415061630S.tif', 'colorizedImageId': 'DP0324202415055162M.tif', 'colorSeqNum': 9, 'skuId': '79105920083', 'defaultSwatch': False, 'skuAltImages': [{'imgId': 'DP0324202415060397M.tif', 'colorSeq': 0}, {'imgId': 'DP0324202415065331M.tif', 'colorSeq': 1}, {'imgId': 'DP0324202415064097M.tif', 'colorSeq': 2}]}, {'colorName': 'Yellow', 'swatchImageId': 'DP0324202415062043S.tif', 'colorizedImageId': 'DP0324202415055573M.tif', 'colorSeqNum': 10, 'skuId': '79105920091', 'defaultSwatch': False, 'skuAltImages': [{'imgId': 'DP0324202415060807M.tif', 'colorSeq': 0}, {'imgId': 'DP0324202415065739M.tif', 'colorSeq': 1}, {'imgId': 'DP0324202415064509M.tif', 'colorSeq': 2}]}]",/p/wind-resistant-tilting-patio-umbrella/ppr5008039323?pTmplType=regular&searchTerm=patio+and+outdoor+furniture&geoZip=55057,"[{'message': 'Online Only', 'icon': 'mouse'}, {'message': 'Available for Shipping', 'icon': 'check'}]",False,791,True,423.0,423.0,GIFTWRAP,False,False,2020-10-19T15:55:57,DP0324202415054647M.tif,DP0324202415055882M.tif,,,https://www.jcpenney.com/p/wind-resistant-tilting-patio-umbrella/ppr5008039323?pTmplType=regular&searchTerm=patio+and+outdoor+furniture&geoZip=55057,20251225,patio and outdoor furniture
Mozaic Company Deep Seating Pillow And Set Patio Chair Cushion - Lido Indigo,ppr5008340899,,,209.99,209.99,350.0,350.0,SALE,False,False,available online only,False,False,original,False,True,"['# Pieces In Set: 2', 'Features: Water Resistant, Stain Resistant, Weather Resistant', 'Use: Outdoor', 'Back Cushion Measurements: 23 Width/Inches, 5 Height/Inches, 25 Depth/Inches', 'Seat Cushion Measurements: 5 Height/Inches, 23 Width/Inches, 25 Depth/Inches']",0.0,0.0,SALE,False,False,62730500026,USD,more brands,"[{'colorName': 'Lido Indigo', 'swatchImageId': 'DP0110202307214317S.tif', 'colorizedImageId': 'DP0110202307214215M.tif', 'colorSeqNum': 1, 'skuId': '62730500026', 'defaultSwatch': False, 'skuAltImages': [{'imgId': 'DP0110202307214729M.tif', 'colorSeq': 0}, {'imgId': 'DP0110202307214625M.tif', 'colorSeq': 1}, {'imgId': 'DP0110202307214522M.tif', 'colorSeq': 2}]}]",/p/mozaic-company-deep-seating-pillow-and-set-patio-chair-cushion-lido-indigo/ppr5008340899?pTmplType=regular&searchTerm=patio+and+outdoor+furniture&geoZip=55057,"[{'message': 'Online Only', 'icon': 'mouse'}, {'message': 'Available for Shipping', 'icon': 'check'}]",False,627,True,188.99,188.99,YULETIDE,False,False,2023-03-07T04:40:46,DP0110202307214215M.tif,DP0110202307214729M.tif,,,https://www.jcpenney.com/p/mozaic-company-deep-seating-pillow-and-set-patio-chair-cushion-lido-indigo/ppr5008340899?pTmplType=regular&searchTerm=patio+and+outdoor+furniture&geoZip=55057,20251225,patio and outdoor furniture
Mozaic Company Deep Seating Pillow And Cushion Set Patio Chair Cushion - Blue,ppr5008340886,,,204.99,204.99,342.0,342.0,SALE,False,False,available online only,False,False,original,False,True,"['# Pieces In Set: 2', 'Features: Water Resistant, Stain Resistant, Weather Resistant', 'Use: Outdoor', 'Back Cushion Measurements: 4 Height/Inches, 22 Depth/Inches, 22 Width/Inches', 'Seat Cushion Measurements: 22 Depth/Inches, 22 Width/Inches, 4 Height/Inches']",0.0,0.0,SALE,False,False,62730220034,USD,more brands,"[{'colorName': 'Blue', 'swatchImageId': 'DP0110202307201849S.tif', 'colorizedImageId': 'DP0110202307201746M.tif', 'colorSeqNum': 1, 'skuId': '62730220034', 'defaultSwatch': False, 'skuAltImages': [{'imgId': 'DP0110202307202161M.tif', 'colorSeq': 0}, {'imgId': 'DP0110202307202055M.tif', 'colorSeq': 1}, {'imgId': 'DP0110202307201951M.tif', 'colorSeq': 2}]}]",/p/mozaic-company-deep-seating-pillow-and-cushion-set-patio-chair-cushion-blue/ppr5008340886?pTmplType=regular&searchTerm=patio+and+outdoor+furniture&geoZip=55057,"[{'message': 'Online Only', 'icon': 'mouse'}, {'message': 'Available for Shipping', 'icon': 'check'}]",False,627,True,184.49,184.49,YULETIDE,False,False,2023-03-07T04:40:46,DP0110202307201746M.tif,DP0110202307202161M.tif,"[{'name': 'Few Left', 'priority': 1, 'urlParam': 'fewleft'}]",,https://www.jcpenney.com/p/mozaic-company-deep-seating-pillow-and-cushion-set-patio-chair-cushion-blue/ppr5008340886?pTmplType=regular&searchTerm=patio+and+outdoor+furniture&geoZip=55057,20251225,patio and outdoor furniture
Safavieh Mopani Outdoor Collection Adriondack Chair,ppr5008086486,,,430.0,430.0,430.0,430.0,ORIGINAL,False,False,available online only,False,False,original,False,True,"['Included: 1 Chair(s)', 'Features: Quick Ship, Water Resistant, Deep Seat', 'Joinery: Screwed', 'Seating Capacity: 1', 'Tools Required: Allen Wrench (included), Screws (included)']",0.0,0.0,ORIGINAL,False,False,79108240042,USD,safavieh,"[{'colorName': 'Natural', 'swatchImageId': 'DP0215202107031403S.tif', 'colorizedImageId': 'DP0215202107031386M.tif', 'colorSeqNum': 1, 'skuId': '79108240018', 'defaultSwatch': False, 'skuAltImages': [{'imgId': 'DP0215202107031421M.tif', 'colorSeq': 0}, {'imgId': 'DP0215202107031412M.tif', 'colorSeq': 1}, {'imgId': 'DP0215202107031425M.tif', 'colorSeq': 2}]}, {'colorName': 'Dark Slate Grey', 'swatchImageId': 'DP0215202107031399S.tif', 'colorizedImageId': 'DP0215202107031381M.tif', 'colorSeqNum': 2, 'skuId': '79108240026', 'defaultSwatch': False, 'skuAltImages': [{'imgId': 'DP0215202107031408M.tif', 'colorSeq': 0}, {'imgId': 'DP0215202107031416M.tif', 'colorSeq': 1}, {'imgId': 'DP0215202107031430M.tif', 'colorSeq': 2}]}, {'colorName': 'Ash Gray', 'swatchImageId': 'DP0903202413015847S.tif', 'colorizedImageId': 'DP0903202413014527M.tif', 'colorSeqNum': 3, 'skuId': '79108240034', 'defaultSwatch': False, 'skuAltImages': [{'imgId': 'DP0903202413015136M.tif', 'colorSeq': 0}, {'imgId': 'DP0903202413020457M.tif', 'colorSeq': 1}, {'imgId': 'DP0903202413013917M.tif', 'colorSeq': 2}]}, {'colorName': 'White', 'swatchImageId': 'DP0903202413020356S.tif', 'colorizedImageId': 'DP0903202413015035M.tif', 'colorSeqNum': 4, 'skuId': '79108240042', 'defaultSwatch': False, 'skuAltImages': [{'imgId': 'DP0903202413015644M.tif', 'colorSeq': 0}, {'imgId': 'DP0903202413020967M.tif', 'colorSeq': 1}, {'imgId': 'DP0903202413014425M.tif', 'colorSeq': 2}]}, {'colorName': 'Off White', 'swatchImageId': 'DP0903202413020050S.tif', 'colorizedImageId': 'DP0903202413014730M.tif', 'colorSeqNum': 6, 'skuId': '79108240067', 'defaultSwatch': False, 'skuAltImages': [{'imgId': 'DP0903202413015339M.tif', 'colorSeq': 0}, {'imgId': 'DP0903202413020661M.tif', 'colorSeq': 1}, {'imgId': 'DP0903202413014121M.tif', 'colorSeq': 2}]}, {'colorName': 'Beach House Blue', 'swatchImageId': 'DP0903202413015949S.tif', 'colorizedImageId': 'DP0903202413014628M.tif', 'colorSeqNum': 7, 'skuId': '79108240075', 'defaultSwatch': False, 'skuAltImages': [{'imgId': 'DP0903202413015238M.tif', 'colorSeq': 0}, {'imgId': 'DP0903202413020559M.tif', 'colorSeq': 1}, {'imgId': 'DP0903202413014019M.tif', 'colorSeq': 2}]}, {'colorName': 'Rustic Brown', 'swatchImageId': 'DP0903202413020152S.tif', 'colorizedImageId': 'DP0903202413014831M.tif', 'colorSeqNum': 8, 'skuId': '79108240083', 'defaultSwatch': False, 'skuAltImages': [{'imgId': 'DP0903202413015441M.tif', 'colorSeq': 0}, {'imgId': 'DP0903202413015746M.tif', 'colorSeq': 1}, {'imgId': 'DP0903202413020763M.tif', 'colorSeq': 2}]}]",/p/safavieh-mopani-outdoor-collection-adriondack-chair/ppr5008086486?pTmplType=regular&searchTerm=patio+and+outdoor+furniture&geoZip=55057,"[{'message': 'Online Only', 'icon': 'mouse'}, {'message': 'Available for Shipping', 'icon': 'check'}]",False,791,True,387.0,387.0,GIFTWRAP,False,False,2021-02-15T22:04:35,DP0215202107031386M.tif,DP0215202107031421M.tif,,,https://www.jcpenney.com/p/safavieh-mopani-outdoor-collection-adriondack-chair/ppr5008086486?pTmplType=regular&searchTerm=patio+and+outdoor+furniture&geoZip=55057,20251225,patio and outdoor furniture
Safavieh Wrangell 2 Pack,ppr5008349096,,,560.0,560.0,560.0,560.0,ORIGINAL,False,False,available online only,False,False,original,False,True,"['# Pieces In Set: 2-Pack', 'Included: 2 Chair(s)', 'Features: Stackable', 'Joinery: Screwed', 'Seating Capacity: 1']",0.0,0.0,ORIGINAL,False,False,79123350026,USD,safavieh,"[{'colorName': 'Teal', 'swatchImageId': 'DP0405202309241063S.tif', 'colorizedImageId': 'DP0405202309240134M.tif', 'colorSeqNum': 1, 'skuId': '79123350018', 'defaultSwatch': False, 'skuAltImages': [{'imgId': 'DP0405202309240547M.tif', 'colorSeq': 0}, {'imgId': 'DP0405202309241889M.tif', 'colorSeq': 1}, {'imgId': 'DP0405202309235306M.tif', 'colorSeq': 2}]}, {'colorName': 'Grey', 'swatchImageId': 'DP0405202309240960S.tif', 'colorizedImageId': 'DP0405202309240030M.tif', 'colorSeqNum': 2, 'skuId': '79123350026', 'defaultSwatch': False, 'skuAltImages': [{'imgId': 'DP0405202309240444M.tif', 'colorSeq': 0}, {'imgId': 'DP0405202309241787M.tif', 'colorSeq': 1}, {'imgId': 'DP0405202309235203M.tif', 'colorSeq': 2}]}, {'colorName': 'White', 'swatchImageId': 'DP0405202309241166S.tif', 'colorizedImageId': 'DP0405202309240237M.tif', 'colorSeqNum': 3, 'skuId': '79123350034', 'defaultSwatch': False, 'skuAltImages': [{'imgId': 'DP0405202309240650M.tif', 'colorSeq': 0}, {'imgId': 'DP0405202309240753M.tif', 'colorSeq': 1}, {'imgId': 'DP0405202309241993M.tif', 'colorSeq': 2}]}, {'colorName': 'Black', 'swatchImageId': 'DP0405202309240856S.tif', 'colorizedImageId': 'DP0405202309235927M.tif', 'colorSeqNum': 4, 'skuId': '79123350042', 'defaultSwatch': False, 'skuAltImages': [{'imgId': 'DP0405202309240340M.tif', 'colorSeq': 0}, {'imgId': 'DP0405202309242096M.tif', 'colorSeq': 1}, {'imgId': 'DP0405202309241683M.tif', 'colorSeq': 2}]}]",/p/safavieh-wrangell-2-pack/ppr5008349096?pTmplType=regular&searchTerm=patio+and+outdoor+furniture&geoZip=55057,"[{'message': 'Online Only', 'icon': 'mouse'}, {'message': 'Available for Shipping', 'icon': 'check'}]",False,791,True,504.0,504.0,GIFTWRAP,False,False,2023-04-05T22:05:14,DP0405202309240134M.tif,DP0405202309240547M.tif,,,https://www.jcpenney.com/p/safavieh-wrangell-2-pack/ppr5008349096?pTmplType=regular&searchTerm=patio+and+outdoor+furniture&geoZip=55057,20251225,patio and outdoor furniture
Safavieh Brizio Adirondack Rocking Chair Adriondack Chair,ppr5008081521,,,570.0,570.0,570.0,570.0,ORIGINAL,False,False,available online only,False,False,original,False,True,"['Included: 1 Chair(s)', 'Features: Weather Resistant, Quick Ship, Rocking', 'Joinery: Screwed', 'Seating Capacity: 1', 'Tools Required: Allen Wrench (included), Screws (included)']",0.0,0.0,ORIGINAL,False,False,79108010018,USD,safavieh,"[{'colorName': 'Natural', 'swatchImageId': 'DP0209202115031129S.tif', 'colorizedImageId': 'DP0209202113021147M.tif', 'colorSeqNum': 1, 'skuId': '79108010018', 'defaultSwatch': False, 'skuAltImages': [{'imgId': 'DP0209202113021190M.tif', 'colorSeq': 0}, {'imgId': 'DP0209202113021179M.tif', 'colorSeq': 1}, {'imgId': 'DP0209202113021168M.tif', 'colorSeq': 2}]}, {'colorName': 'Grey Wash', 'swatchImageId': 'DP0209202115031126S.tif', 'colorizedImageId': 'DP0209202113021143M.tif', 'colorSeqNum': 2, 'skuId': '79108010026', 'defaultSwatch': False, 'skuAltImages': [{'imgId': 'DP0209202113021186M.tif', 'colorSeq': 0}, {'imgId': 'DP0209202113021175M.tif', 'colorSeq': 1}, {'imgId': 'DP0209202113021165M.tif', 'colorSeq': 2}]}, {'colorName': 'White', 'swatchImageId': 'DP0209202115031133S.tif', 'colorizedImageId': 'DP0209202113021151M.tif', 'colorSeqNum': 3, 'skuId': '79108010034', 'defaultSwatch': False, 'skuAltImages': [{'imgId': 'DP0209202113021193M.tif', 'colorSeq': 0}, {'imgId': 'DP0209202113021182M.tif', 'colorSeq': 1}, {'imgId': 'DP0209202113021172M.tif', 'colorSeq': 2}]}, {'colorName': 'Black', 'swatchImageId': 'DP0903202411024771S.tif', 'colorizedImageId': 'DP0903202411024363M.tif', 'colorSeqNum': 4, 'skuId': '79108010042', 'defaultSwatch': False, 'skuAltImages': [{'imgId': 'DP0903202411024465M.tif', 'colorSeq': 0}, {'imgId': 'DP0903202411024567M.tif', 'colorSeq': 1}, {'imgId': 'DP0903202411024159M.tif', 'colorSeq': 2}]}]",/p/safavieh-brizio-adirondack-rocking-chair-adriondack-chair/ppr5008081521?pTmplType=regular&searchTerm=patio+and+outdoor+furniture&geoZip=55057,"[{'message': 'Online Only', 'icon': 'mouse'}, {'message': 'Available for Shipping', 'icon': 'check'}]",False,791,True,513.0,513.0,GIFTWRAP,False,False,2021-02-09T22:06:27,DP0209202113021147M.tif,DP0209202113021190M.tif,,,https://www.jcpenney.com/p/safavieh-brizio-adirondack-rocking-chair-adriondack-chair/ppr5008081521?pTmplType=regular&searchTerm=patio+and+outdoor+furniture&geoZip=55057,20251225,patio and outdoor furniture
Cam Collection Patio Lounge Chair,ppr5008088352,,,850.0,850.0,850.0,850.0,ORIGINAL,False,False,available online only,False,False,original,False,True,"['Included: 1 Chair(s), 1 Seat Back Cushion(s), 1 Seat Cushion(s)', 'Features: Removable Cushion Covers, Weather Resistant, Quick Ship, Folding', 'Joinery: Nailed, Welded Joint', 'Seating Capacity: 1', 'Tools Required: Screws (included), Allen Wrench (included)']",0.0,0.0,ORIGINAL,False,False,79101350034,USD,safavieh,"[{'colorName': 'Black Beige', 'swatchImageId': 'DP0526202107015382S.tif', 'colorizedImageId': 'DP0525202113005374M.tif', 'colorSeqNum': 1, 'skuId': '79101350026', 'defaultSwatch': False, 'skuAltImages': [{'imgId': 'DP0224202107044547M.tif', 'colorSeq': 0}, {'imgId': 'DP0525202113005394M.tif', 'colorSeq': 1}, {'imgId': 'DP0525202113005391M.tif', 'colorSeq': 2}]}, {'colorName': 'Grey', 'swatchImageId': 'DP0224202107044558S.tif', 'colorizedImageId': 'DP0319202111020555M.tif', 'colorSeqNum': 2, 'skuId': '79101350034', 'defaultSwatch': False, 'skuAltImages': [{'imgId': 'DP0319202111020561M.tif', 'colorSeq': 0}, {'imgId': 'DP0224202107044587M.tif', 'colorSeq': 1}, {'imgId': 'DP0224202107044579M.tif', 'colorSeq': 2}]}, {'colorName': 'Black Light Grey', 'swatchImageId': 'DP0903202407112560S.tif', 'colorizedImageId': 'DP0903202407112154M.tif', 'colorSeqNum': 3, 'skuId': '79101350067', 'defaultSwatch': False, 'skuAltImages': [{'imgId': 'DP0903202407112255M.tif', 'colorSeq': 0}, {'imgId': 'DP0903202407112357M.tif', 'colorSeq': 1}, {'imgId': 'DP0903202407112458M.tif', 'colorSeq': 2}]}]",/p/cam-collection-patio-lounge-chair/ppr5008088352?pTmplType=regular&searchTerm=patio+and+outdoor+furniture&geoZip=55057,"[{'message': 'Online Only', 'icon': 'mouse'}, {'message': 'Available for Shipping', 'icon': 'check'}]",False,791,True,637.5,637.5,RECLINER,False,False,2021-02-24T22:04:47,DP0525202113005374M.tif,DP0224202107044547M.tif,,,https://www.jcpenney.com/p/cam-collection-patio-lounge-chair/ppr5008088352?pTmplType=regular&searchTerm=patio+and+outdoor+furniture&geoZip=55057,20251225,patio and outdoor furniture
gallant Reclining Patio Lounger,ppr5007988480,,,1000.0,1000.0,1000.0,1000.0,ORIGINAL,False,False,available online only,False,False,original,False,True,"['Features: Weather Resistant', 'Care: Wipe Clean', 'Has Arms: No', 'Country of Origin: Imported']",0.0,0.0,ORIGINAL,True,False,79106780034,USD,more brands,"[{'colorName': 'Black Silver', 'swatchImageId': 'DP0317202107031071S.tif', 'colorizedImageId': 'DP0317202107031067M.tif', 'colorSeqNum': 1, 'skuId': '79106780034', 'defaultSwatch': False, 'skuAltImages': [{'imgId': 'DP0317202107031086M.tif', 'colorSeq': 0}, {'imgId': 'DP0317202107031081M.tif', 'colorSeq': 1}, {'imgId': 'DP0317202107031076M.tif', 'colorSeq': 2}]}, {'colorName': 'Navy Blue', 'swatchImageId': 'DP0908202011011471S.tif', 'colorizedImageId': 'DP0908202011011481M.tif', 'colorSeqNum': 2, 'skuId': '79106780026', 'defaultSwatch': False, 'skuAltImages': [{'imgId': 'DP0908202011011486M.tif', 'colorSeq': 0}, {'imgId': 'DP0908202011011495M.tif', 'colorSeq': 1}, {'imgId': 'DP0908202011011491M.tif', 'colorSeq': 2}]}]",/p/gallant-reclining-patio-lounger/ppr5007988480?pTmplType=regular&searchTerm=patio+and+outdoor+furniture&geoZip=55057,"[{'message': 'Online Only', 'icon': 'mouse'}, {'message': 'Available for Shipping', 'icon': 'check'}]",False,791,True,750.0,750.0,RECLINER,False,False,2020-11-02T13:23:45,DP0317202107031067M.tif,DP0317202107031086M.tif,,,https://www.jcpenney.com/p/gallant-reclining-patio-lounger/ppr5007988480?pTmplType=regular&searchTerm=patio+and+outdoor+furniture&geoZip=55057,20251225,patio and outdoor furniture
"Signature Design by Ashley® Coastline Bay Outdoor Swivel Lounge with Cushion
",ppr5008438086,,,2000.0,2000.0,2000.0,2000.0,ORIGINAL,False,False,available online only,False,False,original,False,True,"['Included: 1 Seat Cushion(s), 1 Seat Back Cushion(s), 1 Chair(s)', 'Features: Swivel, Rust Resistant, Weather Resistant, Uv Protection, Stain Resistant', 'Seating Capacity: 1', 'Tools Required: Screws (included), Allen Wrench (included)', 'Measurements: 36.25 Depth/Inches, 42.63 Width/Inches, 35 Height/Inches']",0.0,0.0,ORIGINAL,True,False,79130270018,USD,signature design by ashley,"[{'colorName': 'Dk Brown', 'swatchImageId': 'DP0313202413024232S.tif', 'colorizedImageId': 'DP0313202413023923M.tif', 'colorSeqNum': 1, 'skuId': '79130270018', 'defaultSwatch': False, 'skuAltImages': [{'imgId': 'DP0313202413024026M.tif', 'colorSeq': 0}, {'imgId': 'DP0313202413024129M.tif', 'colorSeq': 1}, {'imgId': 'DP0313202413023717M.tif', 'colorSeq': 2}]}]",/p/signature-design-by-ashley-coastline-bay-outdoor-swivel-lounge-with-cushion/ppr5008438086?pTmplType=regular&searchTerm=patio+and+outdoor+furniture&geoZip=55057,"[{'message': 'Online Only', 'icon': 'mouse'}, {'message': 'Available for Shipping', 'icon': 'check'}]",False,791,True,1500.0,1500.0,RECLINER,False,False,2024-03-13T22:04:53,DP0313202413023923M.tif,DP0313202413024026M.tif,,,https://www.jcpenney.com/p/signature-design-by-ashley-coastline-bay-outdoor-swivel-lounge-with-cushion/ppr5008438086?pTmplType=regular&searchTerm=patio+and+outdoor+furniture&geoZip=55057,20251225,patio and outdoor furniture
Selma 2-pc. Rocking Chair,ppr5008367202,,,660.0,660.0,660.0,660.0,ORIGINAL,False,False,available online only,False,False,original,False,True,"['# Pieces In Set: 2', 'Included: 2 Seat Cushion(s), 2 Chair(s)', 'Features: Quick Ship, 4 Legs, Cushioned, Easy To Use, Easy Clean', 'Manufacturer Warranty: 90 Days Limited', 'Seating Capacity: 2']",0.0,0.0,ORIGINAL,False,False,79126370018,USD,more brands,"[{'colorName': 'Teak Cream', 'swatchImageId': 'DP1023202517025298S.tif', 'colorizedImageId': 'DP1023202517025193M.tif', 'colorSeqNum': 1, 'skuId': '79126370018', 'defaultSwatch': False, 'skuAltImages': [{'imgId': 'DP1023202517025715M.tif', 'colorSeq': 0}, {'imgId': 'DP1023202517025610M.tif', 'colorSeq': 1}, {'imgId': 'DP1023202517025402M.tif', 'colorSeq': 2}]}]",/p/selma-2-pc-rocking-chair/ppr5008367202?pTmplType=regular&searchTerm=patio+and+outdoor+furniture&geoZip=55057,"[{'message': 'Online Only', 'icon': 'mouse'}, {'message': 'Available for Shipping', 'icon': 'check'}]",False,791,True,594.0,594.0,GIFTWRAP,False,False,2025-10-23T22:05:51,DP1023202517025193M.tif,DP1023202517025715M.tif,"[{'name': 'NEW', 'priority': 1, 'urlParam': 'new'}]",,https://www.jcpenney.com/p/selma-2-pc-rocking-chair/ppr5008367202?pTmplType=regular&searchTerm=patio+and+outdoor+furniture&geoZip=55057,20251225,patio and outdoor furniture
Temecula 2-pc. Club Chair,ppr5008342393,,,855.0,855.0,855.0,855.0,ORIGINAL,False,False,available online only,False,False,original,False,True,"['# Pieces In Set: 2', 'Included: 2 Chair(s)', 'Features: Quick Ship, 4 Legs, Wear Resistant', 'Seating Capacity: 2', 'Tools Required: Screws (included)']",0.0,0.0,ORIGINAL,False,False,79123000018,USD,more brands,"[{'colorName': 'Gray Dark Gray', 'swatchImageId': 'DP0317202307304645S.tif', 'colorizedImageId': 'DP0317202307304334M.tif', 'colorSeqNum': 1, 'skuId': '79123000018', 'defaultSwatch': False, 'skuAltImages': [{'imgId': 'DP0317202307304438M.tif', 'colorSeq': 0}, {'imgId': 'DP0317202307304748M.tif', 'colorSeq': 1}, {'imgId': 'DP0317202307304127M.tif', 'colorSeq': 2}]}]",/p/temecula-2-pc-club-chair/ppr5008342393?pTmplType=regular&searchTerm=patio+and+outdoor+furniture&geoZip=55057,"[{'message': 'Online Only', 'icon': 'mouse'}, {'message': 'Available for Shipping', 'icon': 'check'}]",False,791,True,641.25,641.25,RECLINER,False,False,2023-03-17T22:03:33,DP0317202307304334M.tif,DP0317202307304438M.tif,,,https://www.jcpenney.com/p/temecula-2-pc-club-chair/ppr5008342393?pTmplType=regular&searchTerm=patio+and+outdoor+furniture&geoZip=55057,20251225,patio and outdoor furniture
Casa 2-pc. Club Chair,ppr5008342387,,,805.0,805.0,805.0,805.0,ORIGINAL,False,False,available online only,False,False,original,False,True,"['# Pieces In Set: 2', 'Included: 2 Chair(s)', 'Features: Quick Ship, 4 Legs, Wear Resistant', 'Seating Capacity: 2', 'Tools Required: Screws (included)']",0.0,0.0,ORIGINAL,False,False,79122970018,USD,more brands,"[{'colorName': 'Brown Cream', 'swatchImageId': 'DP0317202307301530S.tif', 'colorizedImageId': 'DP0317202307301219M.tif', 'colorSeqNum': 1, 'skuId': '79122970018', 'defaultSwatch': False, 'skuAltImages': [{'imgId': 'DP0317202307301323M.tif', 'colorSeq': 0}, {'imgId': 'DP0317202307301634M.tif', 'colorSeq': 1}, {'imgId': 'DP0317202307301011M.tif', 'colorSeq': 2}]}]",/p/casa-2-pc-club-chair/ppr5008342387?pTmplType=regular&searchTerm=patio+and+outdoor+furniture&geoZip=55057,"[{'message': 'Online Only', 'icon': 'mouse'}, {'message': 'Available for Shipping', 'icon': 'check'}]",False,791,True,603.75,603.75,RECLINER,False,False,2023-03-17T22:03:32,DP0317202307301219M.tif,DP0317202307301323M.tif,,,https://www.jcpenney.com/p/casa-2-pc-club-chair/ppr5008342387?pTmplType=regular&searchTerm=patio+and+outdoor+furniture&geoZip=55057,20251225,patio and outdoor furniture
Hampton 2-pc. Club Chair,ppr5008330496,,,660.0,660.0,660.0,660.0,ORIGINAL,False,False,available online only,False,False,original,False,True,"['# Pieces In Set: 2', 'Included: 2 Chair(s)', 'Features: Quick Ship, Weather Resistant', 'Manufacturer Warranty: 90 Days Limited', 'Seating Capacity: 2']",0.0,0.0,ORIGINAL,False,False,79121620018,USD,more brands,"[{'colorName': 'Teak  Mixed Mocha', 'swatchImageId': 'DP0215202309135660S.tif', 'colorizedImageId': 'DP0215202309135557M.tif', 'colorSeqNum': 1, 'skuId': '79121620018', 'defaultSwatch': False, 'skuAltImages': [{'imgId': 'DP0215202309135866M.tif', 'colorSeq': 0}, {'imgId': 'DP0215202309135969M.tif', 'colorSeq': 1}, {'imgId': 'DP0215202309140072M.tif', 'colorSeq': 2}]}]",/p/hampton-2-pc-club-chair/ppr5008330496?pTmplType=regular&searchTerm=patio+and+outdoor+furniture&geoZip=55057,"[{'message': 'Online Only', 'icon': 'mouse'}, {'message': 'Available for Shipping', 'icon': 'check'}]",False,791,True,594.0,594.0,GIFTWRAP,False,False,2023-02-15T22:06:00,DP0215202309135557M.tif,DP0215202309135866M.tif,"[{'name': 'Few Left', 'priority': 1, 'urlParam': 'fewleft'}]",,https://www.jcpenney.com/p/hampton-2-pc-club-chair/ppr5008330496?pTmplType=regular&searchTerm=patio+and+outdoor+furniture&geoZip=55057,20251225,patio and outdoor furniture
Jackson Outdoor Hanging Egg Chair with Stand Gray,ppr5008259468,,,1500.0,1500.0,1500.0,1500.0,ORIGINAL,False,False,available online only,False,False,original,False,True,"['# Pieces In Set: 2', 'Features: Easy Installation, Quick Ship', 'Manufacturer Warranty: 1 Year', 'Seating Capacity: 1', 'Tools Required: Allen Wrench (included)']",0.0,0.0,ORIGINAL,False,False,79120440018,USD,more brands,"[{'colorName': 'Gray', 'swatchImageId': 'DP0601202308163368S.tif', 'colorizedImageId': 'DP0601202308163161M.tif', 'colorSeqNum': 1, 'skuId': '79120440018', 'defaultSwatch': False, 'skuAltImages': [{'imgId': 'DP0601202308163264M.tif', 'colorSeq': 0}, {'imgId': 'DP0601202308163796M.tif', 'colorSeq': 1}, {'imgId': 'DP0601202308163683M.tif', 'colorSeq': 2}]}]",/p/jackson-outdoor-hanging-egg-chair-with-stand-gray/ppr5008259468?pTmplType=regular&searchTerm=patio+and+outdoor+furniture&geoZip=55057,"[{'message': 'Online Only', 'icon': 'mouse'}, {'message': 'Available for Shipping', 'icon': 'check'}]",False,791,True,1125.0,1125.0,RECLINER,False,False,2023-01-04T22:03:32,DP0601202308163161M.tif,DP0601202308163264M.tif,,,https://www.jcpenney.com/p/jackson-outdoor-hanging-egg-chair-with-stand-gray/ppr5008259468?pTmplType=regular&searchTerm=patio+and+outdoor+furniture&geoZip=55057,20251225,patio and outdoor furniture
Pegasus Tiltable Octagon Patio Umbrella,ppr5008345315,,,380.0,380.0,380.0,380.0,ORIGINAL,False,False,available online only,False,False,original,False,True,"['Features: Vented, Led Lights, Tiltable, Solar Powered, Weather Resistant, Collapsible', 'Manufacturer Warranty: 6 Month', 'Shape: Octagon', 'Measurements: 106 Width/Inches, 106 Depth/Inches, 103 Height/Inches', 'Diameter: 9 Ft']",0.0,0.0,ORIGINAL,False,False,79123130026,USD,more brands,"[{'colorName': 'Blue', 'swatchImageId': 'DP0325202307124909S.tif', 'colorizedImageId': 'DP0325202307124287M.tif', 'colorSeqNum': 1, 'skuId': '79123130018', 'defaultSwatch': False, 'skuAltImages': [{'imgId': 'DP0325202307124598M.tif', 'colorSeq': 0}, {'imgId': 'DP0325202307125839M.tif', 'colorSeq': 1}, {'imgId': 'DP0325202307125530M.tif', 'colorSeq': 2}]}, {'colorName': 'Burgundy', 'swatchImageId': 'DP0325202307125012S.tif', 'colorizedImageId': 'DP0325202307124391M.tif', 'colorSeqNum': 2, 'skuId': '79123130026', 'defaultSwatch': False, 'skuAltImages': [{'imgId': 'DP0325202307124703M.tif', 'colorSeq': 0}, {'imgId': 'DP0325202307125942M.tif', 'colorSeq': 1}, {'imgId': 'DP0325202307125633M.tif', 'colorSeq': 2}]}]",/p/pegasus-tiltable-octagon-patio-umbrella/ppr5008345315?pTmplType=regular&searchTerm=patio+and+outdoor+furniture&geoZip=55057,"[{'message': 'Online Only', 'icon': 'mouse'}, {'message': 'Available for Shipping', 'icon': 'check'}]",False,791,True,342.0,342.0,GIFTWRAP,False,False,2023-03-25T22:03:00,DP0325202307124287M.tif,DP0325202307124598M.tif,"[{'name': 'Few Left', 'priority': 1, 'urlParam': 'fewleft'}]",,https://www.jcpenney.com/p/pegasus-tiltable-octagon-patio-umbrella/ppr5008345315?pTmplType=regular&searchTerm=patio+and+outdoor+furniture&geoZip=55057,20251225,patio and outdoor furniture
Safavieh Adina Patio Collection Bench,ppr5008091379,,,410.0,410.0,410.0,410.0,ORIGINAL,False,False,available online only,False,False,original,False,True,"['Included: 1 Bench(es)', 'Features: Water Resistant, Quick Ship', 'Joinery: Screwed, Welded Joint', 'Seating Capacity: 2', 'Tools Required: Screws (included), Allen Wrench (included)']",0.0,0.0,ORIGINAL,False,False,79108760018,USD,safavieh,"[{'colorName': 'Antique Green', 'swatchImageId': 'DP0302202115031830S.tif', 'colorizedImageId': 'DP0302202115031825M.tif', 'colorSeqNum': 1, 'skuId': '79108760018', 'defaultSwatch': False, 'skuAltImages': [{'imgId': 'DP0302202115031845M.tif', 'colorSeq': 0}, {'imgId': 'DP0302202115031841M.tif', 'colorSeq': 1}, {'imgId': 'DP0302202115031837M.tif', 'colorSeq': 2}]}]",/p/safavieh-adina-patio-collection-bench/ppr5008091379?pTmplType=regular&searchTerm=patio+and+outdoor+furniture&geoZip=55057,"[{'message': 'Online Only', 'icon': 'mouse'}, {'message': 'Available for Shipping', 'icon': 'check'}]",False,791,True,369.0,369.0,GIFTWRAP,False,False,2021-03-02T22:04:32,DP0302202115031825M.tif,DP0302202115031845M.tif,,,https://www.jcpenney.com/p/safavieh-adina-patio-collection-bench/ppr5008091379?pTmplType=regular&searchTerm=patio+and+outdoor+furniture&geoZip=55057,20251225,patio and outdoor furniture
Wooden 4-pc. Dining Chair,ppr5008336760,,,660.0,660.0,660.0,660.0,ORIGINAL,False,False,available online only,False,False,original,False,True,"['# Pieces In Set: 4', 'Included: 2 Seat Cushion(s), 2 Chair(s)', 'Features: Quick Ship, 4 Legs, Water Resistant', 'Seating Capacity: 2', 'Tools Required: Allen Wrench (included), Screws (included)']",0.0,0.0,ORIGINAL,False,False,79122580026,USD,more brands,"[{'colorName': 'White', 'swatchImageId': 'DP0314202309311198S.tif', 'colorizedImageId': 'DP0314202309310783M.tif', 'colorSeqNum': 1, 'skuId': '79122580026', 'defaultSwatch': False, 'skuAltImages': [{'imgId': 'DP0314202309310886M.tif', 'colorSeq': 0}, {'imgId': 'DP0314202309310991M.tif', 'colorSeq': 1}, {'imgId': 'DP0314202309310574M.tif', 'colorSeq': 2}]}]",/p/wooden-4-pc-dining-chair/ppr5008336760?pTmplType=regular&searchTerm=patio+and+outdoor+furniture&geoZip=55057,"[{'message': 'Online Only', 'icon': 'mouse'}, {'message': 'Available for Shipping', 'icon': 'check'}]",False,791,True,594.0,594.0,GIFTWRAP,False,False,2023-04-11T13:06:08,DP0314202309310783M.tif,DP0314202309310886M.tif,,,https://www.jcpenney.com/p/wooden-4-pc-dining-chair/ppr5008336760?pTmplType=regular&searchTerm=patio+and+outdoor+furniture&geoZip=55057,20251225,patio and outdoor furniture
Roshan 2-pc. Dining Chair,ppr5008306363,,,490.0,490.0,490.0,490.0,ORIGINAL,False,False,available online only,False,False,original,False,True,"['# Pieces In Set: 2', 'Included: 2 Chair(s)', 'Seating Capacity: 2', 'Tools Required: Screws (included), Allen Wrench (included)', 'Measurements: 35.5 Height/Inches, 17.75 Width/Inches, 21 Depth/Inches']",0.0,0.0,ORIGINAL,False,False,79121160018,USD,more brands,"[{'colorName': 'Light Grey Wash', 'swatchImageId': 'DP1107202211444541S.tif', 'colorizedImageId': 'DP1107202211444228M.tif', 'colorSeqNum': 1, 'skuId': '79121160018', 'defaultSwatch': False, 'skuAltImages': [{'imgId': 'DP1107202211444334M.tif', 'colorSeq': 0}, {'imgId': 'DP1107202211444000M.tif', 'colorSeq': 1}, {'imgId': 'DP1107202211444438M.tif', 'colorSeq': 2}]}]",/p/roshan-2-pc-dining-chair/ppr5008306363?pTmplType=regular&searchTerm=patio+and+outdoor+furniture&geoZip=55057,"[{'message': 'Online Only', 'icon': 'mouse'}, {'message': 'Available for Shipping', 'icon': 'check'}]",False,791,True,441.0,441.0,GIFTWRAP,False,False,2022-11-08T07:10:45,DP1107202211444228M.tif,DP1107202211444334M.tif,,,https://www.jcpenney.com/p/roshan-2-pc-dining-chair/ppr5008306363?pTmplType=regular&searchTerm=patio+and+outdoor+furniture&geoZip=55057,20251225,patio and outdoor furniture
Casual 1 Pair Dining Chair,ppr5008240329,5.0,1.0,320.0,320.0,320.0,320.0,ORIGINAL,False,False,available online only,False,False,original,False,True,"['# Pieces In Set: 1 Pair', 'Features: Quick Ship, 2 Pack', 'Manufacturer Warranty: 1 Year', 'Seating Capacity: 1', 'Measurements: 18 Width/Inches, 36 Height/Inches, 23 Depth/Inches']",0.0,0.0,ORIGINAL,False,False,79116970018,USD,more brands,"[{'colorName': 'Brown', 'swatchImageId': 'DP1031202507202779S.tif', 'colorizedImageId': 'DP1016202511143315M.tif', 'colorSeqNum': 1, 'skuId': '79116970018', 'defaultSwatch': False, 'skuAltImages': [{'imgId': 'DP0420202213010824M.tif', 'colorSeq': 0}, {'imgId': 'DP1016202511143418M.tif', 'colorSeq': 1}, {'imgId': 'DP0420202213010819M.tif', 'colorSeq': 2}]}]",/p/casual-1-pair-dining-chair/ppr5008240329?pTmplType=regular&searchTerm=patio+and+outdoor+furniture&geoZip=55057,"[{'message': 'Online Only', 'icon': 'mouse'}, {'message': 'Available for Shipping', 'icon': 'check'}]",False,791,True,288.0,288.0,GIFTWRAP,False,False,2022-05-24T15:05:01,DP1016202511143315M.tif,DP0420202213010824M.tif,,,https://www.jcpenney.com/p/casual-1-pair-dining-chair/ppr5008240329?pTmplType=regular&searchTerm=patio+and+outdoor+furniture&geoZip=55057,20251225,patio and outdoor furniture
Safavieh Leo Coffee Table,ppr5008445651,,,510.0,510.0,510.0,510.0,ORIGINAL,False,False,available online only,False,False,original,False,True,"['Included: 1 Coffee Table', 'Features: Quick Ship', 'Joinery: Screwed', 'Shape: Round', 'Tools Required: Allen Wrench (included), Screws (included)']",0.0,0.0,ORIGINAL,False,False,79130630026,USD,safavieh,"[{'colorName': 'Natural White', 'swatchImageId': 'DP0423202407102147S.tif', 'colorizedImageId': 'DP0423202407101534M.tif', 'colorSeqNum': 1, 'skuId': '79130630018', 'defaultSwatch': False, 'skuAltImages': [{'imgId': 'DP0423202407102759M.tif', 'colorSeq': 0}, {'imgId': 'DP0423202407101738M.tif', 'colorSeq': 1}, {'imgId': 'DP0423202407102962M.tif', 'colorSeq': 2}]}, {'colorName': 'Natural Black', 'swatchImageId': 'DP0423202407102044S.tif', 'colorizedImageId': 'DP0423202407101432M.tif', 'colorSeqNum': 2, 'skuId': '79130630026', 'defaultSwatch': False, 'skuAltImages': [{'imgId': 'DP0423202407102657M.tif', 'colorSeq': 0}, {'imgId': 'DP0423202407101637M.tif', 'colorSeq': 1}, {'imgId': 'DP0423202407102861M.tif', 'colorSeq': 2}]}]",/p/safavieh-leo-coffee-table/ppr5008445651?pTmplType=regular&searchTerm=patio+and+outdoor+furniture&geoZip=55057,"[{'message': 'Online Only', 'icon': 'mouse'}, {'message': 'Available for Shipping', 'icon': 'check'}]",False,791,True,459.0,459.0,GIFTWRAP,False,False,2024-04-23T22:02:52,DP0423202407101534M.tif,DP0423202407102759M.tif,,,https://www.jcpenney.com/p/safavieh-leo-coffee-table/ppr5008445651?pTmplType=regular&searchTerm=patio+and+outdoor+furniture&geoZip=55057,20251225,patio and outdoor furniture
2pc Plastic Square Patio Side Table,ppr5008244794,,,150.0,150.0,150.0,150.0,ORIGINAL,False,False,available online only,False,False,original,False,True,"['# Pieces In Set: 2', 'Features: Quick Ship, Weather Resistant', 'Manufacturer Warranty: 1 Year', 'Shape: Square', 'Dining Height: Standard Height']",0.0,0.0,ORIGINAL,False,False,79118080026,USD,more brands,"[{'colorName': 'Brown', 'swatchImageId': 'DP1023202515111340S.tif', 'colorizedImageId': 'DP1023202515111131M.tif', 'colorSeqNum': 1, 'skuId': '79118080018', 'defaultSwatch': False, 'skuAltImages': [{'imgId': 'DP0505202207023742M.tif', 'colorSeq': 0}, {'imgId': 'DP0505202207023745M.tif', 'colorSeq': 1}, {'imgId': 'DP1023202515112380M.tif', 'colorSeq': 2}]}, {'colorName': 'Gray', 'swatchImageId': 'DP1023202515111444S.tif', 'colorizedImageId': 'DP1023202515111236M.tif', 'colorSeqNum': 2, 'skuId': '79118080026', 'defaultSwatch': False, 'skuAltImages': [{'imgId': 'DP0505202207023744M.tif', 'colorSeq': 0}, {'imgId': 'DP0505202207023747M.tif', 'colorSeq': 1}, {'imgId': 'DP1023202515112485M.tif', 'colorSeq': 2}]}]",/p/2pc-plastic-square-patio-side-table/ppr5008244794?pTmplType=regular&searchTerm=patio+and+outdoor+furniture&geoZip=55057,"[{'message': 'Online Only', 'icon': 'mouse'}, {'message': 'Available for Shipping', 'icon': 'check'}]",False,791,True,135.0,135.0,GIFTWRAP,False,False,2022-05-24T15:05:01,DP1023202515111131M.tif,DP0505202207023742M.tif,,,https://www.jcpenney.com/p/2pc-plastic-square-patio-side-table/ppr5008244794?pTmplType=regular&searchTerm=patio+and+outdoor+furniture&geoZip=55057,20251225,patio and outdoor furniture
Belsey Coffee Table,ppr5008451432,,,1150.0,1150.0,1150.0,1150.0,ORIGINAL,False,False,available online only,False,False,original,False,True,"['Included: 1 Coffee Table', 'Features: Easy Installation, Quick Ship', 'Joinery: Screwed', 'Manufacturer Warranty: 6 Month', 'Shape: Rectangle']",0.0,0.0,ORIGINAL,False,False,79131520018,USD,more brands,"[{'colorName': 'Brown', 'swatchImageId': 'DP0513202415124779S.tif', 'colorizedImageId': 'DP0513202415124575M.tif', 'colorSeqNum': 1, 'skuId': '79131520018', 'defaultSwatch': False, 'skuAltImages': [{'imgId': 'DP0513202415124677M.tif', 'colorSeq': 0}, {'imgId': 'DP0513202415124474M.tif', 'colorSeq': 1}, {'imgId': 'DP0513202415124372M.tif', 'colorSeq': 2}]}]",/p/belsey-coffee-table/ppr5008451432?pTmplType=regular&searchTerm=patio+and+outdoor+furniture&geoZip=55057,"[{'message': 'Online Only', 'icon': 'mouse'}, {'message': 'Available for Shipping', 'icon': 'check'}]",False,791,True,862.5,862.5,RECLINER,False,False,2024-05-13T22:04:55,DP0513202415124575M.tif,DP0513202415124677M.tif,,,https://www.jcpenney.com/p/belsey-coffee-table/ppr5008451432?pTmplType=regular&searchTerm=patio+and+outdoor+furniture&geoZip=55057,20251225,patio and outdoor furniture
Margot Metal Coffee Table,ppr5008451391,,,590.0,590.0,590.0,590.0,ORIGINAL,False,False,available online only,False,False,original,False,True,"['Features: Wipeable Surface, Quick Ship, Easy Setup', 'Joinery: Screwed', 'Shape: Rectangle', 'Tools Required: Allen Wrench (included)', 'Table Measurements: 47.25 Width/Inches, 16.25 Height/Inches, 25 Length/Inches']",0.0,0.0,ORIGINAL,False,False,79455780018,USD,more brands,"[{'colorName': 'Black', 'swatchImageId': 'DP0513202415140107S.tif', 'colorizedImageId': 'DP0513202415135802M.tif', 'colorSeqNum': 1, 'skuId': '79455780018', 'defaultSwatch': False, 'skuAltImages': [{'imgId': 'DP0513202415135903M.tif', 'colorSeq': 0}, {'imgId': 'DP0513202415140005M.tif', 'colorSeq': 1}, {'imgId': 'DP0513202415135700M.tif', 'colorSeq': 2}]}]",/p/margot-metal-coffee-table/ppr5008451391?pTmplType=regular&searchTerm=patio+and+outdoor+furniture&geoZip=55057,"[{'message': 'Online Only', 'icon': 'mouse'}, {'message': 'Available for Shipping', 'icon': 'check'}]",False,794,True,531.0,531.0,GIFTWRAP,False,False,2024-05-13T22:04:57,DP0513202415135802M.tif,DP0513202415135903M.tif,,,https://www.jcpenney.com/p/margot-metal-coffee-table/ppr5008451391?pTmplType=regular&searchTerm=patio+and+outdoor+furniture&geoZip=55057,20251225,patio and outdoor furniture
Margot Metal End Table,ppr5008451390,,,370.0,370.0,370.0,370.0,ORIGINAL,False,False,available online only,False,False,original,False,True,"['Features: Easy Setup, Wipeable Surface, Quick Ship', 'Joinery: Screwed', 'Shape: Rectangle', 'Tools Required: Allen Wrench (included)', 'Table Measurements: 19.75 Width/Inches, 20.25 Height/Inches, 17.25 Length/Inches']",0.0,0.0,ORIGINAL,False,False,79455770018,USD,more brands,"[{'colorName': 'Black', 'swatchImageId': 'DP0513202415135497S.tif', 'colorizedImageId': 'DP0513202415135191M.tif', 'colorSeqNum': 1, 'skuId': '79455770018', 'defaultSwatch': False, 'skuAltImages': [{'imgId': 'DP0513202415135294M.tif', 'colorSeq': 0}, {'imgId': 'DP0513202415135395M.tif', 'colorSeq': 1}, {'imgId': 'DP0513202415135089M.tif', 'colorSeq': 2}]}]",/p/margot-metal-end-table/ppr5008451390?pTmplType=regular&searchTerm=patio+and+outdoor+furniture&geoZip=55057,"[{'message': 'Online Only', 'icon': 'mouse'}, {'message': 'Available for Shipping', 'icon': 'check'}]",False,794,True,333.0,333.0,GIFTWRAP,False,False,2024-05-13T22:04:57,DP0513202415135191M.tif,DP0513202415135294M.tif,,,https://www.jcpenney.com/p/margot-metal-end-table/ppr5008451390?pTmplType=regular&searchTerm=patio+and+outdoor+furniture&geoZip=55057,20251225,patio and outdoor furniture
"Signature Design by Ashley® Bree Zee Outdoor End Table
",ppr5008438150,,,650.0,650.0,650.0,650.0,ORIGINAL,False,False,available online only,False,False,original,False,True,"['Included: 1 Table(s)', 'Features: Weather Resistant', 'Shape: Rectangle', 'Tools Required: Allen Wrench (included), Screws (included)', 'Table Measurements: 14.38 Height/Inches, 38 Length/Inches, 16 Width/Inches']",0.0,0.0,ORIGINAL,False,False,79130220018,USD,signature design by ashley,"[{'colorName': 'Lt Brown', 'swatchImageId': 'DP0313202413020620S.tif', 'colorizedImageId': 'DP0319202407035172M.tif', 'colorSeqNum': 1, 'skuId': '79130220018', 'defaultSwatch': False, 'skuAltImages': [{'imgId': 'DP0319202407035274M.tif', 'colorSeq': 0}, {'imgId': 'DP0319202407035377M.tif', 'colorSeq': 2}, {'imgId': 'DP0313202413020105M.tif', 'colorSeq': 4}]}]",/p/signature-design-by-ashley-bree-zee-outdoor-end-table/ppr5008438150?pTmplType=regular&searchTerm=patio+and+outdoor+furniture&geoZip=55057,"[{'message': 'Online Only', 'icon': 'mouse'}, {'message': 'Available for Shipping', 'icon': 'check'}]",False,791,True,585.0,585.0,GIFTWRAP,False,False,2024-03-13T22:04:52,DP0319202407035172M.tif,DP0319202407035274M.tif,,,https://www.jcpenney.com/p/signature-design-by-ashley-bree-zee-outdoor-end-table/ppr5008438150?pTmplType=regular&searchTerm=patio+and+outdoor+furniture&geoZip=55057,20251225,patio and outdoor furniture
Montreal Weather Resistant Concrete Side Table,ppr5008431410,,,400.0,400.0,400.0,400.0,ORIGINAL,False,False,available online only,False,False,original,False,True,"['Included: 1 Table(s)', 'Features: Weather Resistant', 'Manufacturer Warranty: 90 Days Limited', 'Shape: Specialty', 'Dining Height: Standard Height']",0.0,0.0,ORIGINAL,False,False,79129880018,USD,more brands,"[{'colorName': 'Light Gray', 'swatchImageId': 'DP0212202407444597S.tif', 'colorizedImageId': 'DP0212202407444391M.tif', 'colorSeqNum': 1, 'skuId': '79129880018', 'defaultSwatch': False, 'skuAltImages': [{'imgId': 'DP0212202407444185M.tif', 'colorSeq': 0}, {'imgId': 'DP0212202407444494M.tif', 'colorSeq': 1}, {'imgId': 'DP0212202407444803M.tif', 'colorSeq': 2}]}]",/p/montreal-weather-resistant-concrete-side-table/ppr5008431410?pTmplType=regular&searchTerm=patio+and+outdoor+furniture&geoZip=55057,"[{'message': 'Online Only', 'icon': 'mouse'}, {'message': 'Available for Shipping', 'icon': 'check'}]",False,791,True,360.0,360.0,GIFTWRAP,False,False,2024-02-22T09:03:08,DP0212202407444391M.tif,DP0212202407444185M.tif,,,https://www.jcpenney.com/p/montreal-weather-resistant-concrete-side-table/ppr5008431410?pTmplType=regular&searchTerm=patio+and+outdoor+furniture&geoZip=55057,20251225,patio and outdoor furniture
Safavieh Bilson Rattan Side Table,ppr5008357163,,,700.0,700.0,700.0,700.0,ORIGINAL,False,False,available online only,False,False,original,False,True,"['Included: 1 Table(s)', 'Features: Quick Ship, Outdoor', 'Joinery: Screwed', 'Shape: Round', 'Tools Required: Screws (included)']",0.0,0.0,ORIGINAL,False,False,79123910018,USD,safavieh,"[{'colorName': 'Black Rattan', 'swatchImageId': 'DP0508202309200099S.tif', 'colorizedImageId': 'DP0508202309195996M.tif', 'colorSeqNum': 1, 'skuId': '79123910018', 'defaultSwatch': False, 'skuAltImages': [{'imgId': 'DP0508202309200305M.tif', 'colorSeq': 0}, {'imgId': 'DP0508202309200202M.tif', 'colorSeq': 1}, {'imgId': 'DP0508202309195894M.tif', 'colorSeq': 2}]}]",/p/safavieh-bilson-rattan-side-table/ppr5008357163?pTmplType=regular&searchTerm=patio+and+outdoor+furniture&geoZip=55057,"[{'message': 'Online Only', 'icon': 'mouse'}, {'message': 'Available for Shipping', 'icon': 'check'}]",False,791,True,630.0,630.0,GIFTWRAP,False,False,2023-05-09T00:11:29,DP0508202309195996M.tif,DP0508202309200305M.tif,,,https://www.jcpenney.com/p/safavieh-bilson-rattan-side-table/ppr5008357163?pTmplType=regular&searchTerm=patio+and+outdoor+furniture&geoZip=55057,20251225,patio and outdoor furniture
Safavieh Katara Weather Resistant Cement Side Table,ppr5008216497,,,410.0,410.0,410.0,410.0,ORIGINAL,False,False,available online only,False,False,original,False,True,"['Included: 1 Table(s)', 'Features: Weather Resistant, Quick Ship', 'Shape: Round', 'Maximum Weight Limit: 100 Lbs', 'Table Measurements: 14.96 Length/Inches, 14.96 Width/Inches, 17.72 Height/Inches']",0.0,0.0,ORIGINAL,False,False,79115090026,USD,safavieh,"[{'colorName': 'Black', 'swatchImageId': 'DP0209202207040006S.tif', 'colorizedImageId': 'DP0209202207035978M.tif', 'colorSeqNum': 1, 'skuId': '79115090026', 'defaultSwatch': False, 'skuAltImages': [{'imgId': 'DP0209202207035991M.tif', 'colorSeq': 0}, {'imgId': 'DP0209202207040034M.tif', 'colorSeq': 1}, {'imgId': 'DP0209202207040022M.tif', 'colorSeq': 2}]}]",/p/safavieh-katara-weather-resistant-cement-side-table/ppr5008216497?pTmplType=regular&searchTerm=patio+and+outdoor+furniture&geoZip=55057,"[{'message': 'Online Only', 'icon': 'mouse'}, {'message': 'Available for Shipping', 'icon': 'check'}]",False,791,True,369.0,369.0,GIFTWRAP,False,False,2022-02-09T22:03:22,DP0209202207035978M.tif,DP0209202207035991M.tif,,,https://www.jcpenney.com/p/safavieh-katara-weather-resistant-cement-side-table/ppr5008216497?pTmplType=regular&searchTerm=patio+and+outdoor+furniture&geoZip=55057,20251225,patio and outdoor furniture
Safavieh Darien Weather Resistant Cement Side Table,ppr5008216490,,,1160.0,1160.0,1160.0,1160.0,ORIGINAL,False,False,available online only,False,False,original,False,True,"['Included: 1 Table(s)', 'Features: Weather Resistant, Quick Ship', 'Joinery: Screwed, Nailed', 'Shape: Round', 'Maximum Weight Limit: 30 Lbs']",0.0,0.0,ORIGINAL,False,False,79115040018,USD,safavieh,"[{'colorName': 'Dark Grey', 'swatchImageId': 'DP0209202207035556S.tif', 'colorizedImageId': 'DP0209202207035541M.tif', 'colorSeqNum': 1, 'skuId': '79115040018', 'defaultSwatch': False, 'skuAltImages': [{'imgId': 'DP0209202207035549M.tif', 'colorSeq': 0}, {'imgId': 'DP0209202207035563M.tif', 'colorSeq': 1}, {'imgId': 'DP0209202207035534M.tif', 'colorSeq': 2}]}]",/p/safavieh-darien-weather-resistant-cement-side-table/ppr5008216490?pTmplType=regular&searchTerm=patio+and+outdoor+furniture&geoZip=55057,"[{'message': 'Online Only', 'icon': 'mouse'}, {'message': 'Available for Shipping', 'icon': 'check'}]",False,791,True,870.0,870.0,RECLINER,False,False,2022-02-09T22:03:21,DP0209202207035541M.tif,DP0209202207035549M.tif,,,https://www.jcpenney.com/p/safavieh-darien-weather-resistant-cement-side-table/ppr5008216490?pTmplType=regular&searchTerm=patio+and+outdoor+furniture&geoZip=55057,20251225,patio and outdoor furniture
Safavieh Farmond Patio Collection Weather Resistant Concrete Side Table,ppr5008094592,,,550.0,550.0,550.0,550.0,ORIGINAL,False,False,available online only,False,False,original,False,True,"['Included: 1 Table(s)', 'Features: Weather Resistant, Quick Ship', 'Joinery: Screwed', 'Shape: Round', 'Tools Required: Screws (included), Allen Wrench (included)']",0.0,0.0,ORIGINAL,False,False,79109880018,USD,safavieh,"[{'colorName': 'Dark Grey Natural', 'swatchImageId': 'DP0311202113020527S.tif', 'colorizedImageId': 'DP0311202113020523M.tif', 'colorSeqNum': 1, 'skuId': '79109880018', 'defaultSwatch': False, 'skuAltImages': [{'imgId': 'DP0311202113020535M.tif', 'colorSeq': 0}, {'imgId': 'DP0311202113020541M.tif', 'colorSeq': 1}, {'imgId': 'DP0311202113020545M.tif', 'colorSeq': 2}]}]",/p/safavieh-farmond-patio-collection-weather-resistant-concrete-side-table/ppr5008094592?pTmplType=regular&searchTerm=patio+and+outdoor+furniture&geoZip=55057,"[{'message': 'Online Only', 'icon': 'mouse'}, {'message': 'Available for Shipping', 'icon': 'check'}]",False,791,True,495.0,495.0,GIFTWRAP,False,False,2021-03-11T22:03:13,DP0311202113020523M.tif,DP0311202113020535M.tif,,,https://www.jcpenney.com/p/safavieh-farmond-patio-collection-weather-resistant-concrete-side-table/ppr5008094592?pTmplType=regular&searchTerm=patio+and+outdoor+furniture&geoZip=55057,20251225,patio and outdoor furniture
Safavieh Bryson Patio Collection Weather Resistant Concrete Coffee Table,ppr5008094591,,,880.0,880.0,880.0,880.0,ORIGINAL,False,False,available online only,False,False,original,False,True,"['Included: 1 Table(s)', 'Features: Quick Ship, Weather Resistant', 'Joinery: Screwed', 'Shape: Round', 'Tools Required: Screws (included), Allen Wrench (included)']",0.0,0.0,ORIGINAL,False,False,79109870018,USD,safavieh,"[{'colorName': 'Dark Grey Natural', 'swatchImageId': 'DP0311202113020502S.tif', 'colorizedImageId': 'DP0311202113020498M.tif', 'colorSeqNum': 1, 'skuId': '79109870018', 'defaultSwatch': False, 'skuAltImages': [{'imgId': 'DP0311202113020514M.tif', 'colorSeq': 0}, {'imgId': 'DP0311202113020519M.tif', 'colorSeq': 1}, {'imgId': 'DP0311202113020510M.tif', 'colorSeq': 2}]}]",/p/safavieh-bryson-patio-collection-weather-resistant-concrete-coffee-table/ppr5008094591?pTmplType=regular&searchTerm=patio+and+outdoor+furniture&geoZip=55057,"[{'message': 'Online Only', 'icon': 'mouse'}, {'message': 'Available for Shipping', 'icon': 'check'}]",False,791,True,660.0,660.0,RECLINER,False,False,2021-03-11T22:03:12,DP0311202113020498M.tif,DP0311202113020514M.tif,,,https://www.jcpenney.com/p/safavieh-bryson-patio-collection-weather-resistant-concrete-coffee-table/ppr5008094591?pTmplType=regular&searchTerm=patio+and+outdoor+furniture&geoZip=55057,20251225,patio and outdoor furniture
Hampton Sofa,ppr5008334000,,,905.0,905.0,905.0,905.0,ORIGINAL,False,False,available online only,False,False,original,False,True,"['Included: 1 Sofa(s)', 'Features: Quick Ship, 4 Legs', 'Manufacturer Warranty: 90 Days Limited', 'Seating Capacity: 3', 'Tools Required: Allen Wrench (included), Screws (included)']",0.0,0.0,ORIGINAL,False,False,79121990018,USD,more brands,"[{'colorName': 'Brown', 'swatchImageId': 'DP0223202307270881S.tif', 'colorizedImageId': 'DP0223202307270569M.tif', 'colorSeqNum': 1, 'skuId': '79121990018', 'defaultSwatch': False, 'skuAltImages': [{'imgId': 'DP0223202307270673M.tif', 'colorSeq': 0}, {'imgId': 'DP0223202307270362M.tif', 'colorSeq': 1}, {'imgId': 'DP0223202307270777M.tif', 'colorSeq': 2}]}]",/p/hampton-sofa/ppr5008334000?pTmplType=regular&searchTerm=patio+and+outdoor+furniture&geoZip=55057,"[{'message': 'Online Only', 'icon': 'mouse'}, {'message': 'Available for Shipping', 'icon': 'check'}]",False,791,True,678.75,678.75,RECLINER,False,False,2023-02-23T22:03:37,DP0223202307270569M.tif,DP0223202307270673M.tif,,,https://www.jcpenney.com/p/hampton-sofa/ppr5008334000?pTmplType=regular&searchTerm=patio+and+outdoor+furniture&geoZip=55057,20251225,patio and outdoor furniture
Breanne Collection Patio Garden Stool Set,ppr5008088374,,,220.0,220.0,220.0,220.0,ORIGINAL,False,False,available online only,False,False,original,False,True,"['# Pieces In Set: 2', 'Included: 2 Stool(s)', 'Features: Quick Ship, Weather Resistant', 'Joinery: Screwed', 'Seating Capacity: 1']",0.0,0.0,ORIGINAL,False,False,79101540042,USD,safavieh,"[{'colorName': 'Beige Natural', 'swatchImageId': 'DP0224202107045492S.tif', 'colorizedImageId': 'DP0224202107045485M.tif', 'colorSeqNum': 1, 'skuId': '79101540034', 'defaultSwatch': False, 'skuAltImages': [{'imgId': 'DP0224202107045593M.tif', 'colorSeq': 0}, {'imgId': 'DP0224202107045586M.tif', 'colorSeq': 1}, {'imgId': 'DP0224202107045507M.tif', 'colorSeq': 2}]}, {'colorName': 'Natural Navy', 'swatchImageId': 'DP0224202107045496S.tif', 'colorizedImageId': 'DP0224202107045489M.tif', 'colorSeqNum': 2, 'skuId': '79101540042', 'defaultSwatch': False, 'skuAltImages': [{'imgId': 'DP0224202107045597M.tif', 'colorSeq': 0}, {'imgId': 'DP0224202107045589M.tif', 'colorSeq': 1}, {'imgId': 'DP0224202107045582M.tif', 'colorSeq': 2}]}]",/p/breanne-collection-patio-garden-stool-set/ppr5008088374?pTmplType=regular&searchTerm=patio+and+outdoor+furniture&geoZip=55057,"[{'message': 'Online Only', 'icon': 'mouse'}, {'message': 'Available for Shipping', 'icon': 'check'}]",False,791,True,198.0,198.0,GIFTWRAP,False,False,2021-05-22T17:03:19,DP0224202107045485M.tif,DP0224202107045593M.tif,,,https://www.jcpenney.com/p/breanne-collection-patio-garden-stool-set/ppr5008088374?pTmplType=regular&searchTerm=patio+and+outdoor+furniture&geoZip=55057,20251225,patio and outdoor furniture
Safavieh Vernon 3-pc. Rocking Chair,ppr5008357172,,,500.0,500.0,500.0,500.0,ORIGINAL,False,False,available online only,False,False,original,False,True,"['# Pieces In Set: 3', 'Included: 1 Seat Back Cushion(s), 1 Chair(s), 1 Seat Cushion(s)', 'Features: Cushioned', 'Joinery: Screwed', 'Seating Capacity: 1']",0.0,0.0,ORIGINAL,False,False,79124000018,USD,safavieh,"[{'colorName': 'Natural Beige', 'swatchImageId': 'DP0508202309223359S.tif', 'colorizedImageId': 'DP0508202309222638M.tif', 'colorSeqNum': 1, 'skuId': '79124000018', 'defaultSwatch': False, 'skuAltImages': [{'imgId': 'DP0508202309222844M.tif', 'colorSeq': 0}, {'imgId': 'DP0508202309223050M.tif', 'colorSeq': 1}, {'imgId': 'DP0508202309222431M.tif', 'colorSeq': 2}]}, {'colorName': 'Natural Navy', 'swatchImageId': 'DP0508202309223463S.tif', 'colorizedImageId': 'DP0508202309222741M.tif', 'colorSeqNum': 2, 'skuId': '79124000026', 'defaultSwatch': False, 'skuAltImages': [{'imgId': 'DP0508202309222947M.tif', 'colorSeq': 0}, {'imgId': 'DP0508202309223153M.tif', 'colorSeq': 1}, {'imgId': 'DP0508202309223566M.tif', 'colorSeq': 2}]}]",/p/safavieh-vernon-3-pc-rocking-chair/ppr5008357172?pTmplType=regular&searchTerm=patio+and+outdoor+furniture&geoZip=55057,"[{'message': 'Online Only', 'icon': 'mouse'}, {'message': 'Available for Shipping', 'icon': 'check'}]",False,791,True,450.0,450.0,GIFTWRAP,False,False,2023-05-09T00:11:33,DP0508202309222638M.tif,DP0508202309222844M.tif,,,https://www.jcpenney.com/p/safavieh-vernon-3-pc-rocking-chair/ppr5008357172?pTmplType=regular&searchTerm=patio+and+outdoor+furniture&geoZip=55057,20251225,patio and outdoor furniture
Lahaina Lounge Chair,ppr5008376390,,,320.0,320.0,320.0,320.0,ORIGINAL,False,False,available online only,False,False,original,False,True,"['Included: 1 Chair(s)', 'Features: 4 Legs, Easy Clean', 'Manufacturer Warranty: 90 Days Limited', 'Seating Capacity: 1', 'Chair Measurements: 16.73 Height/Inches, 21.25 Depth/Inches, 72.75 Width/Inches']",0.0,0.0,ORIGINAL,False,False,79127600018,USD,more brands,"[{'colorName': 'Natural', 'swatchImageId': 'DP0706202307291741S.tif', 'colorizedImageId': 'DP0706202307291638M.tif', 'colorSeqNum': 1, 'skuId': '79127600018', 'defaultSwatch': False, 'skuAltImages': [{'imgId': 'DP0706202307291947M.tif', 'colorSeq': 0}, {'imgId': 'DP0706202307292050M.tif', 'colorSeq': 1}, {'imgId': 'DP0706202307292153M.tif', 'colorSeq': 2}]}]",/p/lahaina-lounge-chair/ppr5008376390?pTmplType=regular&searchTerm=patio+and+outdoor+furniture&geoZip=55057,"[{'message': 'Online Only', 'icon': 'mouse'}, {'message': 'Available for Shipping', 'icon': 'check'}]",False,791,True,288.0,288.0,GIFTWRAP,False,False,2023-07-10T07:08:28,DP0706202307291638M.tif,DP0706202307291947M.tif,,,https://www.jcpenney.com/p/lahaina-lounge-chair/ppr5008376390?pTmplType=regular&searchTerm=patio+and+outdoor+furniture&geoZip=55057,20251225,patio and outdoor furniture
Solano 2-pc. Club Chair,ppr5008342389,,,1360.0,1360.0,1360.0,1360.0,ORIGINAL,False,False,available online only,False,False,original,False,True,"['# Pieces In Set: 2', 'Included: 2 Chair(s)', 'Features: Quick Ship, Wear Resistant, 4 Legs', 'Seating Capacity: 2', 'Tools Required: Screws (included), Flathead Screwdriver (not Included)']",0.0,0.0,ORIGINAL,False,False,79122980018,USD,more brands,"[{'colorName': 'White Teak', 'swatchImageId': 'DP0317202307302569S.tif', 'colorizedImageId': 'DP0317202307302257M.tif', 'colorSeqNum': 1, 'skuId': '79122980018', 'defaultSwatch': False, 'skuAltImages': [{'imgId': 'DP0317202307302363M.tif', 'colorSeq': 0}, {'imgId': 'DP0317202307302673M.tif', 'colorSeq': 1}, {'imgId': 'DP0317202307302050M.tif', 'colorSeq': 2}]}]",/p/solano-2-pc-club-chair/ppr5008342389?pTmplType=regular&searchTerm=patio+and+outdoor+furniture&geoZip=55057,"[{'message': 'Online Only', 'icon': 'mouse'}, {'message': 'Available for Shipping', 'icon': 'check'}]",False,791,True,1020.0,1020.0,RECLINER,False,False,2023-03-17T22:03:32,DP0317202307302257M.tif,DP0317202307302363M.tif,,,https://www.jcpenney.com/p/solano-2-pc-club-chair/ppr5008342389?pTmplType=regular&searchTerm=patio+and+outdoor+furniture&geoZip=55057,20251225,patio and outdoor furniture
Salem Adjustable Lounge Chair,ppr5008336750,,,1120.0,1120.0,1120.0,1120.0,ORIGINAL,False,False,available online only,False,False,original,False,True,"['Included: 1 Chair(s)', 'Features: Adjustable, Quick Ship, 4 Legs', 'Seating Capacity: 1', 'Tools Required: Allen Wrench (included), Screws (included)', 'Chair Measurements: 79 Width/Inches, 20.5 Height/Inches, 31 Depth/Inches']",0.0,0.0,ORIGINAL,False,False,79122470018,USD,more brands,"[{'colorName': 'Brown', 'swatchImageId': 'DP0314202309293014S.tif', 'colorizedImageId': 'DP0314202309292598M.tif', 'colorSeqNum': 1, 'skuId': '79122470018', 'defaultSwatch': False, 'skuAltImages': [{'imgId': 'DP0314202309292703M.tif', 'colorSeq': 0}, {'imgId': 'DP0314202309292806M.tif', 'colorSeq': 1}, {'imgId': 'DP0314202309292390M.tif', 'colorSeq': 2}]}]",/p/salem-adjustable-lounge-chair/ppr5008336750?pTmplType=regular&searchTerm=patio+and+outdoor+furniture&geoZip=55057,"[{'message': 'Online Only', 'icon': 'mouse'}, {'message': 'Available for Shipping', 'icon': 'check'}]",False,791,True,840.0,840.0,RECLINER,False,False,2023-03-14T22:10:08,DP0314202309292598M.tif,DP0314202309292703M.tif,,,https://www.jcpenney.com/p/salem-adjustable-lounge-chair/ppr5008336750?pTmplType=regular&searchTerm=patio+and+outdoor+furniture&geoZip=55057,20251225,patio and outdoor furniture
Motana 2-pc. Club Chair,ppr5008330502,,,1150.0,1150.0,1150.0,1150.0,ORIGINAL,False,False,available online only,False,False,original,False,True,"['# Pieces In Set: 2', 'Included: 2 Chair(s)', 'Features: Quick Ship, Water Resistant', 'Manufacturer Warranty: 90 Days Limited', 'Seating Capacity: 2']",0.0,0.0,ORIGINAL,False,False,79121680018,USD,more brands,"[{'colorName': 'Light Brown  Beige', 'swatchImageId': 'DP0215202309150152S.tif', 'colorizedImageId': 'DP0215202309150048M.tif', 'colorSeqNum': 1, 'skuId': '79121680018', 'defaultSwatch': False, 'skuAltImages': [{'imgId': 'DP0215202309150464M.tif', 'colorSeq': 0}, {'imgId': 'DP0215202309150567M.tif', 'colorSeq': 1}, {'imgId': 'DP0215202309150670M.tif', 'colorSeq': 2}]}]",/p/motana-2-pc-club-chair/ppr5008330502?pTmplType=regular&searchTerm=patio+and+outdoor+furniture&geoZip=55057,"[{'message': 'Online Only', 'icon': 'mouse'}, {'message': 'Available for Shipping', 'icon': 'check'}]",False,791,True,862.5,862.5,RECLINER,False,False,2023-02-15T22:06:01,DP0215202309150048M.tif,DP0215202309150464M.tif,,,https://www.jcpenney.com/p/motana-2-pc-club-chair/ppr5008330502?pTmplType=regular&searchTerm=patio+and+outdoor+furniture&geoZip=55057,20251225,patio and outdoor furniture
Weather Resistant Side Table,ppr5008244784,5.0,5.0,160.0,160.0,160.0,160.0,ORIGINAL,False,False,available online only,False,False,original,False,True,"['Features: Weather Resistant, Quick Ship', 'Manufacturer Warranty: 1 Year', 'Shape: Square', 'Dining Height: Standard Height', 'Maximum Weight Limit: 40 Lbs']",0.0,0.0,ORIGINAL,False,False,79117990018,USD,more brands,"[{'colorName': 'Brown', 'swatchImageId': 'DP0601202308142760S.tif', 'colorizedImageId': 'DP1022202517071510M.tif', 'colorSeqNum': 1, 'skuId': '79117990018', 'defaultSwatch': False, 'skuAltImages': [{'imgId': 'DP1022202517071928M.tif', 'colorSeq': 0}, {'imgId': 'DP0505202207023606M.tif', 'colorSeq': 1}, {'imgId': 'DP0601202308142657M.tif', 'colorSeq': 2}]}]",/p/weather-resistant-side-table/ppr5008244784?pTmplType=regular&searchTerm=patio+and+outdoor+furniture&geoZip=55057,"[{'message': 'Online Only', 'icon': 'mouse'}, {'message': 'Available for Shipping', 'icon': 'check'}]",False,791,True,144.0,144.0,GIFTWRAP,False,False,2022-08-05T15:06:34,DP1022202517071510M.tif,DP1022202517071928M.tif,,,https://www.jcpenney.com/p/weather-resistant-side-table/ppr5008244784?pTmplType=regular&searchTerm=patio+and+outdoor+furniture&geoZip=55057,20251225,patio and outdoor furniture
Sunnydaze Traditional 2-pc. Bench,ppr5008249454,5.0,1.0,230.0,230.0,230.0,230.0,ORIGINAL,False,False,available online only,False,False,original,False,True,"['# Pieces In Set: 2', 'Included: 2 Bench(es)', 'Features: Quick Ship', 'Manufacturer Warranty: 1 Year', 'Seating Capacity: 1']",0.0,0.0,ORIGINAL,False,False,79117400018,USD,more brands,"[{'colorName': 'Black', 'swatchImageId': 'DP0505202207023411S.tif', 'colorizedImageId': 'DP1022202517061039M.tif', 'colorSeqNum': 1, 'skuId': '79117400018', 'defaultSwatch': False, 'skuAltImages': [{'imgId': 'DP1022202517061563M.tif', 'colorSeq': 0}, {'imgId': 'DP0505202207023410M.tif', 'colorSeq': 1}, {'imgId': 'DP1022202517061458M.tif', 'colorSeq': 2}]}]",/p/sunnydaze-traditional-2-pc-bench/ppr5008249454?pTmplType=regular&searchTerm=patio+and+outdoor+furniture&geoZip=55057,"[{'message': 'Online Only', 'icon': 'mouse'}, {'message': 'Available for Shipping', 'icon': 'check'}]",False,791,True,207.0,207.0,GIFTWRAP,False,False,2022-05-26T17:05:00,DP1022202517061039M.tif,DP1022202517061563M.tif,,,https://www.jcpenney.com/p/sunnydaze-traditional-2-pc-bench/ppr5008249454?pTmplType=regular&searchTerm=patio+and+outdoor+furniture&geoZip=55057,20251225,patio and outdoor furniture
Sunnydaze Furniture Collection Lounge Chair,ppr5008102900,4.5,2.0,650.0,650.0,650.0,650.0,ORIGINAL,False,False,available online only,False,False,original,False,True,"['Included: 1 Chair(s)', 'Features: Armless, Lightweight', 'Joinery: Screwed', 'Manufacturer Warranty: 1 Year', 'Seating Capacity: 1']",0.0,0.0,ORIGINAL,False,False,79112600042,USD,more brands,"[{'colorName': 'Red', 'swatchImageId': 'DP0330202109012946S.tif', 'colorizedImageId': 'DP0330202109012926M.tif', 'colorSeqNum': 1, 'skuId': '79112600042', 'defaultSwatch': False, 'skuAltImages': [{'imgId': 'DP0330202109013110M.tif', 'colorSeq': 0}, {'imgId': 'DP0330202109013089M.tif', 'colorSeq': 1}, {'imgId': 'DP0330202109013071M.tif', 'colorSeq': 2}]}]",/p/sunnydaze-furniture-collection-lounge-chair/ppr5008102900?pTmplType=regular&searchTerm=patio+and+outdoor+furniture&geoZip=55057,"[{'message': 'Online Only', 'icon': 'mouse'}, {'message': 'Available for Shipping', 'icon': 'check'}]",False,791,True,,,,False,False,2021-04-13T19:02:09,DP0330202109012926M.tif,DP0330202109013110M.tif,"[{'name': 'Few Left', 'priority': 1, 'urlParam': 'fewleft'}]",,https://www.jcpenney.com/p/sunnydaze-furniture-collection-lounge-chair/ppr5008102900?pTmplType=regular&searchTerm=patio+and+outdoor+furniture&geoZip=55057,20251225,patio and outdoor furniture
Safavieh Zimmerman Collection Patio Umbrella,ppr5008094030,,,390.0,390.0,390.0,390.0,ORIGINAL,False,False,available online only,False,False,original,False,True,"['Features: Weather Resistant, Collapsible, Uv Protection', 'Shape: Octagon', 'Measurements: 98.82 Height/Inches, 100.79 Width/Inches, 100.79 Depth/Inches', 'Diameter: 9 Ft', 'Weight (lb.): 12 Lb']",0.0,0.0,ORIGINAL,False,False,79109100075,USD,safavieh,"[{'colorName': 'Orange White', 'swatchImageId': 'DP0310202107031986S.tif', 'colorizedImageId': 'DP0310202107031939M.tif', 'colorSeqNum': 1, 'skuId': '79109100067', 'defaultSwatch': False, 'skuAltImages': [{'imgId': 'DP0310202107032074M.tif', 'colorSeq': 0}, {'imgId': 'DP0310202107032140M.tif', 'colorSeq': 1}, {'imgId': 'DP0310202107032121M.tif', 'colorSeq': 2}]}, {'colorName': 'Navy', 'swatchImageId': 'DP0310202107031977S.tif', 'colorizedImageId': 'DP0310202107031930M.tif', 'colorSeqNum': 2, 'skuId': '79109100018', 'defaultSwatch': False, 'skuAltImages': [{'imgId': 'DP0310202107032169M.tif', 'colorSeq': 0}, {'imgId': 'DP0310202107032067M.tif', 'colorSeq': 1}, {'imgId': 'DP0310202107032113M.tif', 'colorSeq': 2}]}, {'colorName': 'Beige', 'swatchImageId': 'DP0310202107031955S.tif', 'colorizedImageId': 'DP0310202107031909M.tif', 'colorSeqNum': 3, 'skuId': '79109100026', 'defaultSwatch': False, 'skuAltImages': [{'imgId': 'DP0310202107032158M.tif', 'colorSeq': 0}, {'imgId': 'DP0310202107032046M.tif', 'colorSeq': 1}, {'imgId': 'DP0310202107032092M.tif', 'colorSeq': 2}]}, {'colorName': 'Blue', 'swatchImageId': 'DP0310202107031968S.tif', 'colorizedImageId': 'DP0310202107031921M.tif', 'colorSeqNum': 4, 'skuId': '79109100034', 'defaultSwatch': False, 'skuAltImages': [{'imgId': 'DP0310202107032162M.tif', 'colorSeq': 0}, {'imgId': 'DP0310202107032060M.tif', 'colorSeq': 1}, {'imgId': 'DP0310202107032104M.tif', 'colorSeq': 2}]}, {'colorName': 'Grey', 'swatchImageId': 'DP0310202107031973S.tif', 'colorizedImageId': 'DP0310202107031925M.tif', 'colorSeqNum': 5, 'skuId': '79109100042', 'defaultSwatch': False, 'skuAltImages': [{'imgId': 'DP0310202107032166M.tif', 'colorSeq': 0}, {'imgId': 'DP0310202107032063M.tif', 'colorSeq': 1}, {'imgId': 'DP0310202107032109M.tif', 'colorSeq': 2}]}, {'colorName': 'Yellow White', 'swatchImageId': 'DP0310202107031998S.tif', 'colorizedImageId': 'DP0310202107031950M.tif', 'colorSeqNum': 6, 'skuId': '79109100059', 'defaultSwatch': False, 'skuAltImages': [{'imgId': 'DP0310202107032087M.tif', 'colorSeq': 0}, {'imgId': 'DP0310202107032152M.tif', 'colorSeq': 1}, {'imgId': 'DP0310202107032132M.tif', 'colorSeq': 2}]}, {'colorName': 'Black White', 'swatchImageId': 'DP0310202107031963S.tif', 'colorizedImageId': 'DP0310202107031917M.tif', 'colorSeqNum': 7, 'skuId': '79109100075', 'defaultSwatch': False, 'skuAltImages': [{'imgId': 'DP0310202107032056M.tif', 'colorSeq': 0}, {'imgId': 'DP0310202107032136M.tif', 'colorSeq': 1}, {'imgId': 'DP0310202107032100M.tif', 'colorSeq': 2}]}, {'colorName': 'Red White', 'swatchImageId': 'DP0310202107031990S.tif', 'colorizedImageId': 'DP0310202107031942M.tif', 'colorSeqNum': 8, 'skuId': '79109100083', 'defaultSwatch': False, 'skuAltImages': [{'imgId': 'DP0310202107032079M.tif', 'colorSeq': 0}, {'imgId': 'DP0310202107032145M.tif', 'colorSeq': 1}, {'imgId': 'DP0310202107032125M.tif', 'colorSeq': 2}]}, {'colorName': 'White', 'swatchImageId': 'DP0310202107031994S.tif', 'colorizedImageId': 'DP0310202107031946M.tif', 'colorSeqNum': 9, 'skuId': '79109100091', 'defaultSwatch': False, 'skuAltImages': [{'imgId': 'DP0310202107032083M.tif', 'colorSeq': 0}, {'imgId': 'DP0310202107032149M.tif', 'colorSeq': 1}, {'imgId': 'DP0310202107032128M.tif', 'colorSeq': 2}]}, {'colorName': 'Navy Chrome', 'swatchImageId': 'DP0310202107031982S.tif', 'colorizedImageId': 'DP0310202107031934M.tif', 'colorSeqNum': 10, 'skuId': '79109100109', 'defaultSwatch': False, 'skuAltImages': [{'imgId': 'DP0310202107032071M.tif', 'colorSeq': 0}, {'imgId': 'DP0310202107032117M.tif', 'colorSeq': 1}, {'imgId': 'DP0310202107032024M.tif', 'colorSeq': 2}]}, {'colorName': 'Black', 'swatchImageId': 'DP0310202107031959S.tif', 'colorizedImageId': 'DP0310202107031913M.tif', 'colorSeqNum': 11, 'skuId': '79109100117', 'defaultSwatch': False, 'skuAltImages': [{'imgId': 'DP0310202107032051M.tif', 'colorSeq': 0}, {'imgId': 'DP0310202107032096M.tif', 'colorSeq': 1}, {'imgId': 'DP0310202107032006M.tif', 'colorSeq': 2}]}, {'colorName': 'Dark Green', 'swatchImageId': 'DP0903202407212083S.tif', 'colorizedImageId': 'DP0903202407211879M.tif', 'colorSeqNum': 12, 'skuId': '79109100125', 'defaultSwatch': False, 'skuAltImages': [{'imgId': 'DP0903202407212592M.tif', 'colorSeq': 0}, {'imgId': 'DP0903202407212490M.tif', 'colorSeq': 1}, {'imgId': 'DP0903202407212286M.tif', 'colorSeq': 2}]}, {'colorName': 'Pacific Blue', 'swatchImageId': 'DP0903202407212184S.tif', 'colorizedImageId': 'DP0903202407211980M.tif', 'colorSeqNum': 13, 'skuId': '79109100133', 'defaultSwatch': False, 'skuAltImages': [{'imgId': 'DP0903202407212693M.tif', 'colorSeq': 0}, {'imgId': 'DP0903202407212388M.tif', 'colorSeq': 1}, {'imgId': 'DP0903202407211675M.tif', 'colorSeq': 2}]}]",/p/safavieh-zimmerman-collection-patio-umbrella/ppr5008094030?pTmplType=regular&searchTerm=patio+and+outdoor+furniture&geoZip=55057,"[{'message': 'Online Only', 'icon': 'mouse'}, {'message': 'Available for Shipping', 'icon': 'check'}]",False,791,True,351.0,351.0,GIFTWRAP,False,False,2021-03-10T22:04:02,DP0310202107031939M.tif,DP0310202107032074M.tif,,,https://www.jcpenney.com/p/safavieh-zimmerman-collection-patio-umbrella/ppr5008094030?pTmplType=regular&searchTerm=patio+and+outdoor+furniture&geoZip=55057,20251225,patio and outdoor furniture
Safavieh Elegant Patio Collection Patio Umbrella,ppr5008094037,,,430.0,430.0,430.0,430.0,ORIGINAL,False,False,available online only,False,False,original,False,True,"['Features: Uv Protection, Collapsible, Weather Resistant', 'Shape: Octagon', 'Measurements: 98.82 Height/Inches, 100.79 Depth/Inches, 100.79 Width/Inches', 'Diameter: 9 Ft', 'Weight (lb.): 14 Lb']",0.0,0.0,ORIGINAL,False,False,79109170059,USD,safavieh,"[{'colorName': 'Navy White', 'swatchImageId': 'DP0310202107032666S.tif', 'colorizedImageId': 'DP0310202107032654M.tif', 'colorSeqNum': 1, 'skuId': '79109170018', 'defaultSwatch': False, 'skuAltImages': [{'imgId': 'DP0310202109014399M.tif', 'colorSeq': 0}, {'imgId': 'DP0310202109014422M.tif', 'colorSeq': 1}, {'imgId': 'DP0310202109014410M.tif', 'colorSeq': 2}]}, {'colorName': 'Yellow White', 'swatchImageId': 'DP0310202107032670S.tif', 'colorizedImageId': 'DP0310202107032658M.tif', 'colorSeqNum': 2, 'skuId': '79109170026', 'defaultSwatch': False, 'skuAltImages': [{'imgId': 'DP0310202109014403M.tif', 'colorSeq': 0}, {'imgId': 'DP0310202109014426M.tif', 'colorSeq': 1}, {'imgId': 'DP0310202109014415M.tif', 'colorSeq': 2}]}, {'colorName': 'Beige White', 'swatchImageId': 'DP0310202107032662S.tif', 'colorizedImageId': 'DP0310202107032650M.tif', 'colorSeqNum': 3, 'skuId': '79109170034', 'defaultSwatch': False, 'skuAltImages': [{'imgId': 'DP0310202109014395M.tif', 'colorSeq': 0}, {'imgId': 'DP0310202109014418M.tif', 'colorSeq': 1}, {'imgId': 'DP0310202109014406M.tif', 'colorSeq': 2}]}, {'colorName': 'Hunter Green', 'swatchImageId': 'DP0903202407222799S.tif', 'colorizedImageId': 'DP0903202407222391M.tif', 'colorSeqNum': 4, 'skuId': '79109170042', 'defaultSwatch': False, 'skuAltImages': [{'imgId': 'DP0903202407223613M.tif', 'colorSeq': 0}, {'imgId': 'DP0903202407223205M.tif', 'colorSeq': 1}, {'imgId': 'DP0903202407221985M.tif', 'colorSeq': 2}]}, {'colorName': 'Orange', 'swatchImageId': 'DP0903202407222900S.tif', 'colorizedImageId': 'DP0903202407222494M.tif', 'colorSeqNum': 5, 'skuId': '79109170059', 'defaultSwatch': False, 'skuAltImages': [{'imgId': 'DP0903202407223715M.tif', 'colorSeq': 0}, {'imgId': 'DP0903202407223307M.tif', 'colorSeq': 1}, {'imgId': 'DP0903202407222086M.tif', 'colorSeq': 2}]}, {'colorName': 'Pacific Blue', 'swatchImageId': 'DP0903202407223002S.tif', 'colorizedImageId': 'DP0903202407222596M.tif', 'colorSeqNum': 6, 'skuId': '79109170067', 'defaultSwatch': False, 'skuAltImages': [{'imgId': 'DP0903202407223817M.tif', 'colorSeq': 0}, {'imgId': 'DP0903202407223410M.tif', 'colorSeq': 1}, {'imgId': 'DP0903202407222188M.tif', 'colorSeq': 2}]}, {'colorName': 'Baby Blue White', 'swatchImageId': 'DP0903202407222697S.tif', 'colorizedImageId': 'DP0903202407222289M.tif', 'colorSeqNum': 7, 'skuId': '79109170075', 'defaultSwatch': False, 'skuAltImages': [{'imgId': 'DP0903202407223511M.tif', 'colorSeq': 0}, {'imgId': 'DP0903202407223104M.tif', 'colorSeq': 1}, {'imgId': 'DP0903202407221883M.tif', 'colorSeq': 2}]}]",/p/safavieh-elegant-patio-collection-patio-umbrella/ppr5008094037?pTmplType=regular&searchTerm=patio+and+outdoor+furniture&geoZip=55057,"[{'message': 'Online Only', 'icon': 'mouse'}, {'message': 'Available for Shipping', 'icon': 'check'}]",False,791,True,387.0,387.0,GIFTWRAP,False,False,2021-03-10T22:04:06,DP0310202107032654M.tif,DP0310202109014399M.tif,,,https://www.jcpenney.com/p/safavieh-elegant-patio-collection-patio-umbrella/ppr5008094037?pTmplType=regular&searchTerm=patio+and+outdoor+furniture&geoZip=55057,20251225,patio and outdoor furniture
Safavieh Milan Fringe Patio Collection Patio Umbrella,ppr5008094065,,,490.0,490.0,490.0,490.0,ORIGINAL,False,False,available online only,False,False,original,False,True,"['Features: Weather Resistant, Collapsible, Uv Protection', 'Shape: Rectangle', 'Measurements: 78.74 Depth/Inches', 'Weight (lb.): 21 Lb', 'Assembly: Assembly Required']",0.0,0.0,ORIGINAL,False,False,79109450059,USD,safavieh,"[{'colorName': 'Navy White', 'swatchImageId': 'DP0310202109020142S.tif', 'colorizedImageId': 'DP0310202109020134M.tif', 'colorSeqNum': 1, 'skuId': '79109450018', 'defaultSwatch': False, 'skuAltImages': [{'imgId': 'DP0310202109020172M.tif', 'colorSeq': 0}, {'imgId': 'DP0310202109020157M.tif', 'colorSeq': 1}, {'imgId': 'DP0310202109020164M.tif', 'colorSeq': 2}]}, {'colorName': 'White', 'swatchImageId': 'DP0310202109020146S.tif', 'colorizedImageId': 'DP0310202109020138M.tif', 'colorSeqNum': 2, 'skuId': '79109450026', 'defaultSwatch': False, 'skuAltImages': [{'imgId': 'DP0310202109020177M.tif', 'colorSeq': 0}, {'imgId': 'DP0310202109020161M.tif', 'colorSeq': 1}, {'imgId': 'DP0310202109020168M.tif', 'colorSeq': 2}]}, {'colorName': 'Grey', 'swatchImageId': 'DP0903202407274863S.tif', 'colorizedImageId': 'DP0903202407274252M.tif', 'colorSeqNum': 3, 'skuId': '79109450034', 'defaultSwatch': False, 'skuAltImages': [{'imgId': 'DP0903202407274557M.tif', 'colorSeq': 0}, {'imgId': 'DP0903202407273947M.tif', 'colorSeq': 1}, {'imgId': 'DP0903202407273642M.tif', 'colorSeq': 2}]}, {'colorName': 'Yellow', 'swatchImageId': 'DP0903202407275066S.tif', 'colorizedImageId': 'DP0903202407274456M.tif', 'colorSeqNum': 4, 'skuId': '79109450042', 'defaultSwatch': False, 'skuAltImages': [{'imgId': 'DP0903202407274761M.tif', 'colorSeq': 0}, {'imgId': 'DP0903202407274151M.tif', 'colorSeq': 1}, {'imgId': 'DP0903202407273845M.tif', 'colorSeq': 2}]}, {'colorName': 'Red', 'swatchImageId': 'DP0903202407274965S.tif', 'colorizedImageId': 'DP0903202407274354M.tif', 'colorSeqNum': 5, 'skuId': '79109450059', 'defaultSwatch': False, 'skuAltImages': [{'imgId': 'DP0903202407274659M.tif', 'colorSeq': 0}, {'imgId': 'DP0903202407274049M.tif', 'colorSeq': 1}, {'imgId': 'DP0903202407273743M.tif', 'colorSeq': 2}]}]",/p/safavieh-milan-fringe-patio-collection-patio-umbrella/ppr5008094065?pTmplType=regular&searchTerm=patio+and+outdoor+furniture&geoZip=55057,"[{'message': 'Online Only', 'icon': 'mouse'}, {'message': 'Available for Shipping', 'icon': 'check'}]",False,791,True,441.0,441.0,GIFTWRAP,False,False,2021-03-10T22:04:20,DP0310202109020134M.tif,DP0310202109020172M.tif,,,https://www.jcpenney.com/p/safavieh-milan-fringe-patio-collection-patio-umbrella/ppr5008094065?pTmplType=regular&searchTerm=patio+and+outdoor+furniture&geoZip=55057,20251225,patio and outdoor furniture
Vienna Patio Umbrella,ppr5008094052,,,500.0,500.0,500.0,500.0,ORIGINAL,False,False,available online only,False,False,original,False,True,"['Features: Collapsible, Uv Protection, Weather Resistant', 'Shape: Octagon', 'Measurements: 105.51 Height/Inches, 130 Depth/Inches, 130 Width/Inches', 'Diameter: 11 Ft', 'Weight (lb.): 16 Lb']",0.0,0.0,ORIGINAL,False,False,79109320026,USD,safavieh,"[{'colorName': 'Grey White', 'swatchImageId': 'DP0310202109015481S.tif', 'colorizedImageId': 'DP0310202109015470M.tif', 'colorSeqNum': 1, 'skuId': '79109320018', 'defaultSwatch': False, 'skuAltImages': [{'imgId': 'DP0310202109015503M.tif', 'colorSeq': 0}, {'imgId': 'DP0310202109015526M.tif', 'colorSeq': 1}, {'imgId': 'DP0310202109015514M.tif', 'colorSeq': 2}]}, {'colorName': 'Navy White', 'swatchImageId': 'DP0310202109015484S.tif', 'colorizedImageId': 'DP0310202109015474M.tif', 'colorSeqNum': 2, 'skuId': '79109320026', 'defaultSwatch': False, 'skuAltImages': [{'imgId': 'DP0310202109015507M.tif', 'colorSeq': 0}, {'imgId': 'DP0310202109015529M.tif', 'colorSeq': 1}, {'imgId': 'DP0310202109015518M.tif', 'colorSeq': 2}]}, {'colorName': 'Black White', 'swatchImageId': 'DP0310202109015477S.tif', 'colorizedImageId': 'DP0310202109015466M.tif', 'colorSeqNum': 3, 'skuId': '79109320034', 'defaultSwatch': False, 'skuAltImages': [{'imgId': 'DP0310202109015499M.tif', 'colorSeq': 0}, {'imgId': 'DP0310202109015522M.tif', 'colorSeq': 1}, {'imgId': 'DP0310202109015510M.tif', 'colorSeq': 2}]}, {'colorName': 'Beige White', 'swatchImageId': 'DP0903202407253425S.tif', 'colorizedImageId': 'DP0903202407253221M.tif', 'colorSeqNum': 4, 'skuId': '79109320042', 'defaultSwatch': False, 'skuAltImages': [{'imgId': 'DP0903202407253323M.tif', 'colorSeq': 0}, {'imgId': 'DP0903202407253119M.tif', 'colorSeq': 1}, {'imgId': 'DP0903202407253017M.tif', 'colorSeq': 2}]}]",/p/vienna-patio-umbrella/ppr5008094052?pTmplType=regular&searchTerm=patio+and+outdoor+furniture&geoZip=55057,"[{'message': 'Online Only', 'icon': 'mouse'}, {'message': 'Available for Shipping', 'icon': 'check'}]",False,791,True,450.0,450.0,GIFTWRAP,False,False,2021-03-10T22:04:17,DP0310202109015470M.tif,DP0310202109015503M.tif,,,https://www.jcpenney.com/p/vienna-patio-umbrella/ppr5008094052?pTmplType=regular&searchTerm=patio+and+outdoor+furniture&geoZip=55057,20251225,patio and outdoor furniture
Safavieh Nemery Patio Umbrella,ppr5008446000,,,540.0,540.0,540.0,540.0,ORIGINAL,False,False,available online only,False,False,original,False,True,"['Features: Uv Protection, Quick Ship, Weather Resistant', 'Shape: Octagon', 'Measurements: 130 Depth/Inches, 130 Width/Inches, 105.5 Height/Inches', 'Diameter: 11 Ft', 'Weight (lb.): 15.5 Lb']",0.0,0.0,ORIGINAL,False,False,79131120018,USD,safavieh,"[{'colorName': 'Natural', 'swatchImageId': 'DP0423202411140806S.tif', 'colorizedImageId': 'DP0423202411140704M.tif', 'colorSeqNum': 1, 'skuId': '79131120018', 'defaultSwatch': False, 'skuAltImages': [{'imgId': 'DP0423202411140907M.tif', 'colorSeq': 0}, {'imgId': 'DP0423202411140602M.tif', 'colorSeq': 1}, {'imgId': 'DP0423202411140501M.tif', 'colorSeq': 2}]}]",/p/safavieh-nemery-patio-umbrella/ppr5008446000?pTmplType=regular&searchTerm=patio+and+outdoor+furniture&geoZip=55057,"[{'message': 'Online Only', 'icon': 'mouse'}, {'message': 'Available for Shipping', 'icon': 'check'}]",False,791,True,486.0,486.0,GIFTWRAP,False,False,2024-04-23T22:04:32,DP0423202411140704M.tif,DP0423202411140907M.tif,,,https://www.jcpenney.com/p/safavieh-nemery-patio-umbrella/ppr5008446000?pTmplType=regular&searchTerm=patio+and+outdoor+furniture&geoZip=55057,20251225,patio and outdoor furniture
"Signature Design by Ashley® Sundown Treasure Outdoor End Table
",ppr5007986975,5.0,3.0,300.0,300.0,300.0,300.0,ORIGINAL,False,False,available online only,False,False,original,False,True,"['Included: 1 Table(s)', 'Features: Weather Resistant, 4 Legs, Waterproof', 'Shape: Rectangle', 'Tools Required: Screws (included), Allen Wrench (included)', 'Table Measurements: 18.88 Length/Inches, 18 Height/Inches, 15 Width/Inches']",0.0,0.0,ORIGINAL,False,False,79130430018,USD,signature design by ashley,"[{'colorName': 'Black', 'swatchImageId': 'DP0313202413042731S.tif', 'colorizedImageId': 'DP0313202413042423M.tif', 'colorSeqNum': 1, 'skuId': '79130430018', 'defaultSwatch': False, 'skuAltImages': [{'imgId': 'DP0313202413042526M.tif', 'colorSeq': 0}, {'imgId': 'DP0313202413042628M.tif', 'colorSeq': 1}, {'imgId': 'DP0313202413042320M.tif', 'colorSeq': 2}]}]",/p/signature-design-by-ashley-sundown-treasure-outdoor-end-table/ppr5007986975?pTmplType=regular&searchTerm=patio+and+outdoor+furniture&geoZip=55057,"[{'message': 'Online Only', 'icon': 'mouse'}, {'message': 'Available for Shipping', 'icon': 'check'}]",False,791,True,270.0,270.0,GIFTWRAP,False,False,2022-03-02T22:05:22,DP0313202413042423M.tif,DP0313202413042526M.tif,,"[{'name': 'Shop the Collection', 'priority': 1, 'urlParam': 'collection'}]",https://www.jcpenney.com/p/signature-design-by-ashley-sundown-treasure-outdoor-end-table/ppr5007986975?pTmplType=regular&searchTerm=patio+and+outdoor+furniture&geoZip=55057,20251225,patio and outdoor furniture
Safavieh Montclair 5-pc. Square Dining Set,ppr5008269850,,,2050.0,2050.0,2050.0,2050.0,ORIGINAL,False,False,available online only,False,False,original,False,True,"['# Pieces In Set: 5', 'Included: 4 Chair(s), 4 Seat Cushion(s), 1 Table(s)', 'Features: Water Resistant, Umbrella Hole, Quick Ship, Removable Cushions', 'Joinery: Nailed, Glued, Screwed', 'Seating Capacity: 4']",0.0,0.0,ORIGINAL,False,False,79115210018,USD,safavieh,"[{'colorName': 'Ash Grey Beige', 'swatchImageId': 'DP0726202207183088S.tif', 'colorizedImageId': 'DP0404202207062717M.tif', 'colorSeqNum': 1, 'skuId': '79115210026', 'defaultSwatch': False, 'skuAltImages': [{'imgId': 'DP0404202207062751M.tif', 'colorSeq': 0}, {'imgId': 'DP0404202207062725M.tif', 'colorSeq': 1}, {'imgId': 'DP0404202207062742M.tif', 'colorSeq': 2}]}, {'colorName': 'Natural Beige', 'swatchImageId': 'DP0404202207062739S.tif', 'colorizedImageId': 'DP0404202207062720M.tif', 'colorSeqNum': 2, 'skuId': '79115210018', 'defaultSwatch': False, 'skuAltImages': [{'imgId': 'DP0404202207062754M.tif', 'colorSeq': 0}, {'imgId': 'DP0404202207062729M.tif', 'colorSeq': 1}, {'imgId': 'DP0404202207062746M.tif', 'colorSeq': 2}]}, {'colorName': 'Dk Slate Grey', 'swatchImageId': 'DP0805202215023667S.tif', 'colorizedImageId': 'DP0726202207182986M.tif', 'colorSeqNum': 3, 'skuId': '79115210034', 'defaultSwatch': False, 'skuAltImages': [{'imgId': 'DP0726202207183190M.tif', 'colorSeq': 0}, {'imgId': 'DP0726202207183498M.tif', 'colorSeq': 1}, {'imgId': 'DP0726202207183396M.tif', 'colorSeq': 2}]}]",/p/safavieh-montclair-5-pc-square-dining-set/ppr5008269850?pTmplType=regular&searchTerm=patio+and+outdoor+furniture&geoZip=55057,"[{'message': 'Online Only', 'icon': 'mouse'}, {'message': 'Available for Shipping', 'icon': 'check'}]",False,791,True,1537.5,1537.5,RECLINER,False,False,2022-07-20T05:19:21,DP0404202207062717M.tif,DP0404202207062751M.tif,,,https://www.jcpenney.com/p/safavieh-montclair-5-pc-square-dining-set/ppr5008269850?pTmplType=regular&searchTerm=patio+and+outdoor+furniture&geoZip=55057,20251225,patio and outdoor furniture
Modesta 2-pc. Lounge Set,ppr5008429787,,,1450.0,1450.0,1450.0,1450.0,ORIGINAL,False,False,available online only,False,False,original,False,True,"['# Pieces In Set: 2', 'Included: 2 Chair(s)', 'Features: Weather Resistant, Easy Care, Adjustable', 'Manufacturer Warranty: 90 Days Limited', 'Seating Capacity: 2']",0.0,0.0,ORIGINAL,False,False,79129190018,USD,more brands,"[{'colorName': 'White', 'swatchImageId': 'DP1001202407203069S.tif', 'colorizedImageId': 'DP1001202407202764M.tif', 'colorSeqNum': 1, 'skuId': '79129190018', 'defaultSwatch': False, 'skuAltImages': [{'imgId': 'DP1001202407202865M.tif', 'colorSeq': 0}, {'imgId': 'DP1028202409201073M.tif', 'colorSeq': 1}, {'imgId': 'DP1001202407202561M.tif', 'colorSeq': 2}]}]",/p/modesta-2-pc-lounge-set/ppr5008429787?pTmplType=regular&searchTerm=patio+and+outdoor+furniture&geoZip=55057,"[{'message': 'Online Only', 'icon': 'mouse'}, {'message': 'Available for Shipping', 'icon': 'check'}]",False,791,True,1087.5,1087.5,RECLINER,False,False,2024-10-01T22:02:49,DP1001202407202764M.tif,DP1001202407202865M.tif,,,https://www.jcpenney.com/p/modesta-2-pc-lounge-set/ppr5008429787?pTmplType=regular&searchTerm=patio+and+outdoor+furniture&geoZip=55057,20251225,patio and outdoor furniture
Naila 2-pc. Bistro Set,ppr5008330070,,,1150.0,1150.0,1150.0,1150.0,ORIGINAL,False,False,available online only,False,False,original,False,True,"['# Pieces In Set: 2', 'Included: 2 Chair(s)', 'Features: Quick Ship, Indoor/Outdoor', 'Joinery: Nailed', 'Manufacturer Warranty: 30 Days']",0.0,0.0,ORIGINAL,False,False,79121470018,USD,more brands,"[{'colorName': 'Brown', 'swatchImageId': 'DP0207202307303223S.tif', 'colorizedImageId': 'DP0207202307302915M.tif', 'colorSeqNum': 1, 'skuId': '79121470018', 'defaultSwatch': False, 'skuAltImages': [{'imgId': 'DP0207202307303018M.tif', 'colorSeq': 0}, {'imgId': 'DP0207202307303120M.tif', 'colorSeq': 1}, {'imgId': 'DP0207202307302708M.tif', 'colorSeq': 2}]}]",/p/naila-2-pc-bistro-set/ppr5008330070?pTmplType=regular&searchTerm=patio+and+outdoor+furniture&geoZip=55057,"[{'message': 'Online Only', 'icon': 'mouse'}, {'message': 'Available for Shipping', 'icon': 'check'}]",False,791,True,862.5,862.5,RECLINER,False,False,2023-02-07T22:05:19,DP0207202307302915M.tif,DP0207202307303018M.tif,,,https://www.jcpenney.com/p/naila-2-pc-bistro-set/ppr5008330070?pTmplType=regular&searchTerm=patio+and+outdoor+furniture&geoZip=55057,20251225,patio and outdoor furniture
Safavieh Emely Patio Daybed,ppr5008445652,,,900.0,900.0,900.0,900.0,ORIGINAL,False,False,available online only,False,False,original,False,True,"['Included: 4 Seat Cushion(s), 1 Bench(es), 2 Seat Back Cushion(s)', 'Features: Cushioned, Quick Ship', 'Joinery: Screwed', 'Seating Capacity: 2', 'Tools Required: Allen Wrench (included), Screws (included)']",0.0,0.0,ORIGINAL,False,False,79130640018,USD,safavieh,"[{'colorName': 'Natural Beige', 'swatchImageId': 'DP0423202407104286S.tif', 'colorizedImageId': 'DP0423202407103572M.tif', 'colorSeqNum': 1, 'skuId': '79130640018', 'defaultSwatch': False, 'skuAltImages': [{'imgId': 'DP0423202407103776M.tif', 'colorSeq': 0}, {'imgId': 'DP0423202407103980M.tif', 'colorSeq': 1}, {'imgId': 'DP0423202407104696M.tif', 'colorSeq': 2}]}, {'colorName': 'Natural Light Grey', 'swatchImageId': 'DP0423202407104388S.tif', 'colorizedImageId': 'DP0423202407103674M.tif', 'colorSeqNum': 2, 'skuId': '79130640026', 'defaultSwatch': False, 'skuAltImages': [{'imgId': 'DP0423202407105002M.tif', 'colorSeq': 0}, {'imgId': 'DP0423202407103878M.tif', 'colorSeq': 1}, {'imgId': 'DP0423202407104082M.tif', 'colorSeq': 2}]}]",/p/safavieh-emely-patio-daybed/ppr5008445652?pTmplType=regular&searchTerm=patio+and+outdoor+furniture&geoZip=55057,"[{'message': 'Online Only', 'icon': 'mouse'}, {'message': 'Available for Shipping', 'icon': 'check'}]",False,791,True,675.0,675.0,RECLINER,False,False,2024-04-23T22:02:53,DP0423202407103572M.tif,DP0423202407103776M.tif,,,https://www.jcpenney.com/p/safavieh-emely-patio-daybed/ppr5008445652?pTmplType=regular&searchTerm=patio+and+outdoor+furniture&geoZip=55057,20251225,patio and outdoor furniture
Carlbach Outdoor Teak 3-Seater Sofa with Cushions,ppr5008451455,,,2800.0,2800.0,2800.0,2800.0,ORIGINAL,False,False,available online only,False,False,original,False,True,"['Included: 1 Sofa(s), 3 Seat Cushion(s), 3 Seat Back Cushion(s)', 'Features: Quick Ship, Upholstered', 'Joinery: Screwed', 'Manufacturer Warranty: 6 Month', 'Seating Capacity: 3']",0.0,0.0,ORIGINAL,True,False,79131620018,USD,more brands,"[{'colorName': 'Brown', 'swatchImageId': 'DP0513202415133765S.tif', 'colorizedImageId': 'DP0513202415133562M.tif', 'colorSeqNum': 1, 'skuId': '79131620018', 'defaultSwatch': False, 'skuAltImages': [{'imgId': 'DP0513202415133664M.tif', 'colorSeq': 0}, {'imgId': 'DP0513202415133358M.tif', 'colorSeq': 1}, {'imgId': 'DP0513202415133460M.tif', 'colorSeq': 2}]}]",/p/carlbach-outdoor-teak-3-seater-sofa-with-cushions/ppr5008451455?pTmplType=regular&searchTerm=patio+and+outdoor+furniture&geoZip=55057,"[{'message': 'Online Only', 'icon': 'mouse'}, {'message': 'Available for Shipping', 'icon': 'check'}]",False,791,True,2100.0,2100.0,RECLINER,False,False,2024-05-13T22:04:56,DP0513202415133562M.tif,DP0513202415133664M.tif,,,https://www.jcpenney.com/p/carlbach-outdoor-teak-3-seater-sofa-with-cushions/ppr5008451455?pTmplType=regular&searchTerm=patio+and+outdoor+furniture&geoZip=55057,20251225,patio and outdoor furniture
"Signature Design by Ashley® Coastline Bay Outdoor Loveseat with Cushions
",ppr5008438083,,,2680.0,2680.0,2680.0,2680.0,ORIGINAL,False,False,available online only,False,False,original,False,True,"['Included: 2 Throw Pillow(s), 1 Loveseat(s), 2 Seat Cushion(s), 2 Seat Back Cushion(s)', 'Features: Removable Cushions, Fade Resistant, Weather Resistant, Uv Protection, Rust Resistant, Cushioned, Stain Resistant', 'Seating Capacity: 2', 'Tools Required: Allen Wrench (included), Screws (included)', 'Measurements: 36 Height/Inches, 36 Depth/Inches, 71 Width/Inches']",0.0,0.0,ORIGINAL,True,False,79130280018,USD,signature design by ashley,"[{'colorName': 'Dk Brown', 'swatchImageId': 'DP0313202413024851S.tif', 'colorizedImageId': 'DP0321202407175285M.tif', 'colorSeqNum': 1, 'skuId': '79130280018', 'defaultSwatch': False, 'skuAltImages': [{'imgId': 'DP0321202407175388M.tif', 'colorSeq': 0}, {'imgId': 'DP0321202407175491M.tif', 'colorSeq': 2}, {'imgId': 'DP0321202407175182M.tif', 'colorSeq': 4}]}]",/p/signature-design-by-ashley-coastline-bay-outdoor-loveseat-with-cushions/ppr5008438083?pTmplType=regular&searchTerm=patio+and+outdoor+furniture&geoZip=55057,"[{'message': 'Online Only', 'icon': 'mouse'}, {'message': 'Available for Shipping', 'icon': 'check'}]",False,791,True,2010.0,2010.0,RECLINER,False,False,2024-03-13T22:04:53,DP0321202407175285M.tif,DP0321202407175388M.tif,,"[{'name': 'Shop the Collection', 'priority': 1, 'urlParam': 'collection'}]",https://www.jcpenney.com/p/signature-design-by-ashley-coastline-bay-outdoor-loveseat-with-cushions/ppr5008438083?pTmplType=regular&searchTerm=patio+and+outdoor+furniture&geoZip=55057,20251225,patio and outdoor furniture
4-pc. Dining Chair,ppr5008336761,,,670.0,670.0,670.0,670.0,ORIGINAL,False,False,available online only,False,False,original,False,True,"['# Pieces In Set: 4', 'Included: 2 Chair(s), 2 Seat Cushion(s)', 'Features: Quick Ship, Water Resistant, 4 Legs', 'Seating Capacity: 2', 'Tools Required: Screws (included), Allen Wrench (included)']",0.0,0.0,ORIGINAL,False,False,79122590018,USD,more brands,"[{'colorName': 'Blue', 'swatchImageId': 'DP0314202309312028S.tif', 'colorizedImageId': 'DP0314202309311613M.tif', 'colorSeqNum': 1, 'skuId': '79122590018', 'defaultSwatch': False, 'skuAltImages': [{'imgId': 'DP0314202309311717M.tif', 'colorSeq': 0}, {'imgId': 'DP0314202309311820M.tif', 'colorSeq': 1}, {'imgId': 'DP0314202309311406M.tif', 'colorSeq': 2}]}]",/p/4-pc-dining-chair/ppr5008336761?pTmplType=regular&searchTerm=patio+and+outdoor+furniture&geoZip=55057,"[{'message': 'Online Only', 'icon': 'mouse'}, {'message': 'Available for Shipping', 'icon': 'check'}]",False,791,True,603.0,603.0,GIFTWRAP,False,False,2023-03-14T22:10:11,DP0314202309311613M.tif,DP0314202309311717M.tif,,,https://www.jcpenney.com/p/4-pc-dining-chair/ppr5008336761?pTmplType=regular&searchTerm=patio+and+outdoor+furniture&geoZip=55057,20251225,patio and outdoor furniture
Wilson 2-pc. Dining Chair,ppr5008305710,,,720.0,720.0,720.0,720.0,ORIGINAL,False,False,available online only,False,False,original,False,True,"['# Pieces In Set: 2', 'Included: 2 Chair(s)', 'Features: Water Resistant', 'Manufacturer Warranty: 90 Days Limited', 'Seating Capacity: 2']",0.0,0.0,ORIGINAL,False,False,79121080018,USD,more brands,"[{'colorName': 'Teak', 'swatchImageId': 'DP1107202211434372S.tif', 'colorizedImageId': 'DP1107202211434060M.tif', 'colorSeqNum': 1, 'skuId': '79121080018', 'defaultSwatch': False, 'skuAltImages': [{'imgId': 'DP1107202211434163M.tif', 'colorSeq': 0}, {'imgId': 'DP1107202211433854M.tif', 'colorSeq': 1}, {'imgId': 'DP1107202211434266M.tif', 'colorSeq': 2}]}]",/p/wilson-2-pc-dining-chair/ppr5008305710?pTmplType=regular&searchTerm=patio+and+outdoor+furniture&geoZip=55057,"[{'message': 'Online Only', 'icon': 'mouse'}, {'message': 'Available for Shipping', 'icon': 'check'}]",False,791,True,648.0,648.0,GIFTWRAP,False,False,2022-11-08T07:10:45,DP1107202211434060M.tif,DP1107202211434163M.tif,,,https://www.jcpenney.com/p/wilson-2-pc-dining-chair/ppr5008305710?pTmplType=regular&searchTerm=patio+and+outdoor+furniture&geoZip=55057,20251225,patio and outdoor furniture
Kirkside 2-pc. Dining Chair,ppr5008234217,,,1400.0,1400.0,1400.0,1400.0,ORIGINAL,False,False,available online only,False,False,original,False,True,"['# Pieces In Set: 2', 'Included: 2 Chair(s)', 'Features: Waterproof, 4 Legs, Quick Ship, Outdoor, Weather Resistant', 'Joinery: Cam And Bolt Lock', 'Manufacturer Warranty: 1 Year']",0.0,0.0,ORIGINAL,False,False,79115600018,USD,more brands,"[{'colorName': 'Blue', 'swatchImageId': 'DP0418202209021231S.tif', 'colorizedImageId': 'DP0418202209021227M.tif', 'colorSeqNum': 1, 'skuId': '79115600018', 'defaultSwatch': False, 'skuAltImages': [{'imgId': 'DP0418202209021228M.tif', 'colorSeq': 0}, {'imgId': 'DP0418202209021230M.tif', 'colorSeq': 1}, {'imgId': 'DP0418202209021225M.tif', 'colorSeq': 2}]}]",/p/kirkside-2-pc-dining-chair/ppr5008234217?pTmplType=regular&searchTerm=patio+and+outdoor+furniture&geoZip=55057,"[{'message': 'Online Only', 'icon': 'mouse'}, {'message': 'Available for Shipping', 'icon': 'check'}]",False,791,True,1050.0,1050.0,RECLINER,False,False,2022-04-18T22:04:55,DP0418202209021227M.tif,DP0418202209021228M.tif,,,https://www.jcpenney.com/p/kirkside-2-pc-dining-chair/ppr5008234217?pTmplType=regular&searchTerm=patio+and+outdoor+furniture&geoZip=55057,20251225,patio and outdoor furniture
Round Patio Tilt Umbrella,ppr5007987641,4.7692,13.0,240.0,240.0,240.0,240.0,ORIGINAL,False,False,available online only,False,False,original,False,True,"['Features: Uv Protection', 'Assembly: Ready-To-Assemble', 'Base Material: 100% Steel', 'Finish: Painted', 'Care: Wipe Clean, Spot Clean']",0.0,0.0,ORIGINAL,False,False,79105820018,USD,more brands,"[{'colorName': 'Lime Green', 'swatchImageId': 'DP0316202107025355S.tif', 'colorizedImageId': 'DP0316202107025306M.tif', 'colorSeqNum': 2, 'skuId': '79105820018', 'defaultSwatch': False, 'skuAltImages': [{'imgId': 'DP0316202107025455M.tif', 'colorSeq': 0}, {'imgId': 'DP0316202107025405M.tif', 'colorSeq': 1}, {'imgId': 'DP0316202107025700M.tif', 'colorSeq': 2}]}, {'colorName': 'Wine Red', 'swatchImageId': 'DP0316202107025380S.tif', 'colorizedImageId': 'DP0316202107025331M.tif', 'colorSeqNum': 4, 'skuId': '79105820034', 'defaultSwatch': False, 'skuAltImages': [{'imgId': 'DP0316202107025481M.tif', 'colorSeq': 0}, {'imgId': 'DP0316202107025430M.tif', 'colorSeq': 1}, {'imgId': 'DP0316202107025725M.tif', 'colorSeq': 2}]}, {'colorName': 'Turquoise Blue', 'swatchImageId': 'DP0316202107025372S.tif', 'colorizedImageId': 'DP0316202107025322M.tif', 'colorSeqNum': 5, 'skuId': '79105820042', 'defaultSwatch': False, 'skuAltImages': [{'imgId': 'DP0316202107025473M.tif', 'colorSeq': 0}, {'imgId': 'DP0316202107025422M.tif', 'colorSeq': 1}, {'imgId': 'DP0316202107025717M.tif', 'colorSeq': 2}]}, {'colorName': 'Black', 'swatchImageId': 'DP0316202107025340S.tif', 'colorizedImageId': 'DP0316202107025290M.tif', 'colorSeqNum': 7, 'skuId': '79105820075', 'defaultSwatch': False, 'skuAltImages': [{'imgId': 'DP0316202107025438M.tif', 'colorSeq': 0}, {'imgId': 'DP0316202107025388M.tif', 'colorSeq': 1}, {'imgId': 'DP0316202107025684M.tif', 'colorSeq': 2}]}, {'colorName': 'Yellow', 'swatchImageId': 'DP0316202107025384S.tif', 'colorizedImageId': 'DP0316202107025335M.tif', 'colorSeqNum': 9, 'skuId': '79105820091', 'defaultSwatch': False, 'skuAltImages': [{'imgId': 'DP0316202107025484M.tif', 'colorSeq': 0}, {'imgId': 'DP0316202107025434M.tif', 'colorSeq': 1}, {'imgId': 'DP0316202107025729M.tif', 'colorSeq': 2}]}]",/p/round-patio-tilt-umbrella/ppr5007987641?pTmplType=regular&searchTerm=patio+and+outdoor+furniture&geoZip=55057&selectedSKUId=79105820018,"[{'message': 'Online Only', 'icon': 'mouse'}, {'message': 'Available for Shipping', 'icon': 'check'}]",False,791,True,216.0,216.0,GIFTWRAP,False,True,2020-09-08T15:03:33,DP0316202107025306M.tif,DP0316202107025455M.tif,,,https://www.jcpenney.com/p/round-patio-tilt-umbrella/ppr5007987641?pTmplType=regular&searchTerm=patio+and+outdoor+furniture&geoZip=55057&selectedSKUId=79105820018,20251225,patio and outdoor furniture
Safavieh Venice Patio Collection Patio Umbrella,ppr5008094042,,,410.0,410.0,410.0,410.0,ORIGINAL,False,False,available online only,False,False,original,False,True,"['Features: Uv Protection, Collapsible, Weather Resistant', 'Shape: Octagon', 'Measurements: 98.82 Height/Inches, 100.79 Width/Inches, 100.79 Depth/Inches', 'Diameter: 9 Ft', 'Weight (lb.): 12 Lb']",0.0,0.0,ORIGINAL,False,False,79109220083,USD,safavieh,"[{'colorName': 'White Black', 'swatchImageId': 'DP0310202109014901S.tif', 'colorizedImageId': 'DP0310202109014884M.tif', 'colorSeqNum': 1, 'skuId': '79109220059', 'defaultSwatch': False, 'skuAltImages': [{'imgId': 'DP0310202109014945M.tif', 'colorSeq': 0}, {'imgId': 'DP0310202109014938M.tif', 'colorSeq': 1}, {'imgId': 'DP0310202109014976M.tif', 'colorSeq': 2}]}, {'colorName': 'Navy White', 'swatchImageId': 'DP0310202109014891S.tif', 'colorizedImageId': 'DP0310202109014873M.tif', 'colorSeqNum': 2, 'skuId': '79109220018', 'defaultSwatch': False, 'skuAltImages': [{'imgId': 'DP0310202109014926M.tif', 'colorSeq': 0}, {'imgId': 'DP0310202109014949M.tif', 'colorSeq': 1}, {'imgId': 'DP0310202109014964M.tif', 'colorSeq': 2}]}, {'colorName': 'Taupe White', 'swatchImageId': 'DP0310202109014898S.tif', 'colorizedImageId': 'DP0310202109014880M.tif', 'colorSeqNum': 3, 'skuId': '79109220026', 'defaultSwatch': False, 'skuAltImages': [{'imgId': 'DP0310202109014934M.tif', 'colorSeq': 0}, {'imgId': 'DP0310202109014957M.tif', 'colorSeq': 1}, {'imgId': 'DP0310202109014972M.tif', 'colorSeq': 2}]}, {'colorName': 'Red White', 'swatchImageId': 'DP0310202109014894S.tif', 'colorizedImageId': 'DP0310202109014876M.tif', 'colorSeqNum': 4, 'skuId': '79109220034', 'defaultSwatch': False, 'skuAltImages': [{'imgId': 'DP0310202109014930M.tif', 'colorSeq': 0}, {'imgId': 'DP0310202109014953M.tif', 'colorSeq': 1}, {'imgId': 'DP0310202109014968M.tif', 'colorSeq': 2}]}, {'colorName': 'Yellow White', 'swatchImageId': 'DP0310202109014905S.tif', 'colorizedImageId': 'DP0310202109014887M.tif', 'colorSeqNum': 5, 'skuId': '79109220042', 'defaultSwatch': False, 'skuAltImages': [{'imgId': 'DP0310202109014942M.tif', 'colorSeq': 0}, {'imgId': 'DP0310202109014961M.tif', 'colorSeq': 1}, {'imgId': 'DP0310202109014980M.tif', 'colorSeq': 2}]}, {'colorName': 'Hunter Green', 'swatchImageId': 'DP0903202407232499S.tif', 'colorizedImageId': 'DP0903202407231887M.tif', 'colorSeqNum': 6, 'skuId': '79109220067', 'defaultSwatch': False, 'skuAltImages': [{'imgId': 'DP0903202413035447M.tif', 'colorSeq': 0}, {'imgId': 'DP0903202407231480M.tif', 'colorSeq': 1}, {'imgId': 'DP0903202407231174M.tif', 'colorSeq': 2}]}, {'colorName': 'Orange', 'swatchImageId': 'DP0903202407232602S.tif', 'colorizedImageId': 'DP0903202407231990M.tif', 'colorSeqNum': 7, 'skuId': '79109220075', 'defaultSwatch': False, 'skuAltImages': [{'imgId': 'DP0903202413035550M.tif', 'colorSeq': 0}, {'imgId': 'DP0903202407231582M.tif', 'colorSeq': 1}, {'imgId': 'DP0903202407231276M.tif', 'colorSeq': 2}]}, {'colorName': 'Pacific Blue', 'swatchImageId': 'DP0903202407232704S.tif', 'colorizedImageId': 'DP0903202407232092M.tif', 'colorSeqNum': 8, 'skuId': '79109220083', 'defaultSwatch': False, 'skuAltImages': [{'imgId': 'DP0903202407232295M.tif', 'colorSeq': 0}, {'imgId': 'DP0903202407231684M.tif', 'colorSeq': 1}, {'imgId': 'DP0903202407231378M.tif', 'colorSeq': 2}]}, {'colorName': 'Baby Blue White', 'swatchImageId': 'DP0903202407232397S.tif', 'colorizedImageId': 'DP0903202407231786M.tif', 'colorSeqNum': 9, 'skuId': '79109220091', 'defaultSwatch': False, 'skuAltImages': [{'imgId': 'DP0903202407232194M.tif', 'colorSeq': 0}, {'imgId': 'DP0903202413035346M.tif', 'colorSeq': 1}, {'imgId': 'DP0903202407231073M.tif', 'colorSeq': 2}]}]",/p/safavieh-venice-patio-collection-patio-umbrella/ppr5008094042?pTmplType=regular&searchTerm=patio+and+outdoor+furniture&geoZip=55057,"[{'message': 'Online Only', 'icon': 'mouse'}, {'message': 'Available for Shipping', 'icon': 'check'}]",False,791,True,369.0,369.0,GIFTWRAP,False,False,2021-03-10T22:04:13,DP0310202109014884M.tif,DP0310202109014945M.tif,,,https://www.jcpenney.com/p/safavieh-venice-patio-collection-patio-umbrella/ppr5008094042?pTmplType=regular&searchTerm=patio+and+outdoor+furniture&geoZip=55057,20251225,patio and outdoor furniture
Navan Adjustable 4-pc. Lounge Chair,ppr5008376384,,,3450.0,3450.0,3450.0,3450.0,ORIGINAL,False,False,available online only,False,False,original,False,True,"['# Pieces In Set: 4', 'Included: 4 Chair(s)', 'Features: Easy Clean, Adjustable, Water Resistant, 4 Legs', 'Manufacturer Warranty: 90 Days Limited', 'Seating Capacity: 4']",0.0,0.0,ORIGINAL,False,False,79127540018,USD,more brands,"[{'colorName': 'Black', 'swatchImageId': 'DP0706202307281653S.tif', 'colorizedImageId': 'DP0706202307281550M.tif', 'colorSeqNum': 1, 'skuId': '79127540018', 'defaultSwatch': False, 'skuAltImages': [{'imgId': 'DP0706202307281860M.tif', 'colorSeq': 0}, {'imgId': 'DP0706202307281963M.tif', 'colorSeq': 1}, {'imgId': 'DP0706202307282066M.tif', 'colorSeq': 2}]}]",/p/navan-adjustable-4-pc-lounge-chair/ppr5008376384?pTmplType=regular&searchTerm=patio+and+outdoor+furniture&geoZip=55057,"[{'message': 'Online Only', 'icon': 'mouse'}, {'message': 'Available for Shipping', 'icon': 'check'}]",False,791,True,2587.5,2587.5,RECLINER,False,False,2023-07-10T07:08:28,DP0706202307281550M.tif,DP0706202307281860M.tif,,,https://www.jcpenney.com/p/navan-adjustable-4-pc-lounge-chair/ppr5008376384?pTmplType=regular&searchTerm=patio+and+outdoor+furniture&geoZip=55057,20251225,patio and outdoor furniture
Cutter Egg Chair,ppr5008367156,,,730.0,730.0,730.0,730.0,ORIGINAL,False,False,available online only,False,False,original,False,True,"['Included: 1 Chair(s)', 'Features: Water Resistant, Weather Resistant, Removable Cushions, Quick Ship', 'Manufacturer Warranty: 90 Days Limited', 'Seating Capacity: 1', 'Tools Required: Screws (included), Allen Wrench (included)']",0.0,0.0,ORIGINAL,False,False,79125910018,USD,more brands,"[{'colorName': 'Tan Brown', 'swatchImageId': 'DP1023202515153934S.tif', 'colorizedImageId': 'DP1023202515153830M.tif', 'colorSeqNum': 1, 'skuId': '79125910018', 'defaultSwatch': False, 'skuAltImages': [{'imgId': 'DP1023202515154352M.tif', 'colorSeq': 0}, {'imgId': 'DP1023202515154247M.tif', 'colorSeq': 1}, {'imgId': 'DP1023202515154038M.tif', 'colorSeq': 2}]}]",/p/cutter-egg-chair/ppr5008367156?pTmplType=regular&searchTerm=patio+and+outdoor+furniture&geoZip=55057,"[{'message': 'Online Only', 'icon': 'mouse'}, {'message': 'Available for Shipping', 'icon': 'check'}]",False,791,True,657.0,657.0,GIFTWRAP,False,False,2025-11-17T13:22:35,DP1023202515153830M.tif,DP1023202515154352M.tif,"[{'name': 'NEW', 'priority': 1, 'urlParam': 'new'}]",,https://www.jcpenney.com/p/cutter-egg-chair/ppr5008367156?pTmplType=regular&searchTerm=patio+and+outdoor+furniture&geoZip=55057,20251225,patio and outdoor furniture
Salem Adjustable 2-pc. Lounge Chair,ppr5008328387,,,1260.0,1260.0,1260.0,1260.0,ORIGINAL,False,False,available online only,False,False,original,False,True,"['# Pieces In Set: 2', 'Included: 2 Chair(s)', 'Features: 4 Legs, Quick Ship, Adjustable', 'Manufacturer Warranty: 90 Days', 'Seating Capacity: 2']",0.0,0.0,ORIGINAL,False,False,79121310018,USD,more brands,"[{'colorName': 'Gray', 'swatchImageId': 'DP0204202307035461S.tif', 'colorizedImageId': 'DP0204202307035358M.tif', 'colorSeqNum': 1, 'skuId': '79121310018', 'defaultSwatch': False, 'skuAltImages': [{'imgId': 'DP0204202307035667M.tif', 'colorSeq': 0}, {'imgId': 'DP0204202307035770M.tif', 'colorSeq': 1}, {'imgId': 'DP0204202307035874M.tif', 'colorSeq': 2}]}]",/p/salem-adjustable-2-pc-lounge-chair/ppr5008328387?pTmplType=regular&searchTerm=patio+and+outdoor+furniture&geoZip=55057,"[{'message': 'Online Only', 'icon': 'mouse'}, {'message': 'Available for Shipping', 'icon': 'check'}]",False,791,True,945.0,945.0,RECLINER,False,False,2023-02-06T07:06:07,DP0204202307035358M.tif,DP0204202307035667M.tif,,,https://www.jcpenney.com/p/salem-adjustable-2-pc-lounge-chair/ppr5008328387?pTmplType=regular&searchTerm=patio+and+outdoor+furniture&geoZip=55057,20251225,patio and outdoor furniture
Kauai 2-pc. Lounge Chair,ppr5008328379,,,1180.0,1180.0,1180.0,1180.0,ORIGINAL,False,False,available online only,False,False,original,False,True,"['# Pieces In Set: 2', 'Included: 2 Chair(s)', 'Features: Quick Ship, 4 Legs', 'Manufacturer Warranty: 90 Days', 'Seating Capacity: 2']",0.0,0.0,ORIGINAL,False,False,79121240018,USD,more brands,"[{'colorName': 'Brown', 'swatchImageId': 'DP0204202307023525S.tif', 'colorizedImageId': 'DP0204202307023422M.tif', 'colorSeqNum': 1, 'skuId': '79121240018', 'defaultSwatch': False, 'skuAltImages': [{'imgId': 'DP0204202307023837M.tif', 'colorSeq': 0}, {'imgId': 'DP0204202307023940M.tif', 'colorSeq': 1}, {'imgId': 'DP0204202307024044M.tif', 'colorSeq': 2}]}]",/p/kauai-2-pc-lounge-chair/ppr5008328379?pTmplType=regular&searchTerm=patio+and+outdoor+furniture&geoZip=55057,"[{'message': 'Online Only', 'icon': 'mouse'}, {'message': 'Available for Shipping', 'icon': 'check'}]",False,791,True,885.0,885.0,RECLINER,False,False,2023-02-06T07:06:07,DP0204202307023422M.tif,DP0204202307023837M.tif,,,https://www.jcpenney.com/p/kauai-2-pc-lounge-chair/ppr5008328379?pTmplType=regular&searchTerm=patio+and+outdoor+furniture&geoZip=55057,20251225,patio and outdoor furniture
Safavieh Hadley Patio Collection Bench,ppr5008091375,,,510.0,510.0,510.0,510.0,ORIGINAL,False,False,available online only,False,False,original,False,True,"['Included: 1 Bench(es)', 'Features: Quick Ship, Water Resistant', 'Joinery: Screwed, Welded Joint', 'Seating Capacity: 2', 'Tools Required: Screws (included), Allen Wrench (included)']",0.0,0.0,ORIGINAL,False,False,79108730034,USD,safavieh,"[{'colorName': 'Antique White', 'swatchImageId': 'DP0302202115031610S.tif', 'colorizedImageId': 'DP0302202115031596M.tif', 'colorSeqNum': 1, 'skuId': '79108730018', 'defaultSwatch': False, 'skuAltImages': [{'imgId': 'DP0302202115031658M.tif', 'colorSeq': 0}, {'imgId': 'DP0302202115031643M.tif', 'colorSeq': 1}, {'imgId': 'DP0302202115031629M.tif', 'colorSeq': 2}]}, {'colorName': 'Rustic Brown', 'swatchImageId': 'DP0302202115031617S.tif', 'colorizedImageId': 'DP0302202115031600M.tif', 'colorSeqNum': 2, 'skuId': '79108730026', 'defaultSwatch': False, 'skuAltImages': [{'imgId': 'DP0302202115031681M.tif', 'colorSeq': 0}, {'imgId': 'DP0302202115031666M.tif', 'colorSeq': 1}, {'imgId': 'DP0302202115031648M.tif', 'colorSeq': 2}]}, {'colorName': 'Antique Blue', 'swatchImageId': 'DP0302202115031605S.tif', 'colorizedImageId': 'DP0302202115031592M.tif', 'colorSeqNum': 3, 'skuId': '79108730034', 'defaultSwatch': False, 'skuAltImages': [{'imgId': 'DP0302202115031675M.tif', 'colorSeq': 0}, {'imgId': 'DP0302202115031652M.tif', 'colorSeq': 1}, {'imgId': 'DP0302202115031638M.tif', 'colorSeq': 2}]}, {'colorName': 'Antique Green', 'swatchImageId': 'DP0903202407193500S.tif', 'colorizedImageId': 'DP0903202407193296M.tif', 'colorSeqNum': 4, 'skuId': '79108730042', 'defaultSwatch': False, 'skuAltImages': [{'imgId': 'DP0903202407193398M.tif', 'colorSeq': 0}, {'imgId': 'DP0903202407193704M.tif', 'colorSeq': 1}, {'imgId': 'DP0903202407193907M.tif', 'colorSeq': 2}]}]",/p/safavieh-hadley-patio-collection-bench/ppr5008091375?pTmplType=regular&searchTerm=patio+and+outdoor+furniture&geoZip=55057,"[{'message': 'Online Only', 'icon': 'mouse'}, {'message': 'Available for Shipping', 'icon': 'check'}]",False,791,True,459.0,459.0,GIFTWRAP,False,False,2021-03-02T22:04:31,DP0302202115031596M.tif,DP0302202115031658M.tif,,,https://www.jcpenney.com/p/safavieh-hadley-patio-collection-bench/ppr5008091375?pTmplType=regular&searchTerm=patio+and+outdoor+furniture&geoZip=55057,20251225,patio and outdoor furniture
Safavieh Mayer Patio Collection Bench,ppr5008091371,,,560.0,560.0,560.0,560.0,ORIGINAL,False,False,available online only,False,False,original,False,True,"['Included: 1 Bench(es)', 'Features: Quick Ship, Weather Resistant', 'Joinery: Nailed, Screwed, Glued', 'Seating Capacity: 2', 'Tools Required: Allen Wrench (included), Screws (included)']",0.0,0.0,ORIGINAL,False,False,79108700018,USD,safavieh,"[{'colorName': 'Black', 'swatchImageId': 'DP0302202115031408S.tif', 'colorizedImageId': 'DP0302202115031395M.tif', 'colorSeqNum': 1, 'skuId': '79108700018', 'defaultSwatch': False, 'skuAltImages': [{'imgId': 'DP0302202115031468M.tif', 'colorSeq': 0}, {'imgId': 'DP0302202115031450M.tif', 'colorSeq': 1}, {'imgId': 'DP0302202115031436M.tif', 'colorSeq': 2}]}, {'colorName': 'White', 'swatchImageId': 'DP0302202115031419S.tif', 'colorizedImageId': 'DP0302202115031404M.tif', 'colorSeqNum': 2, 'skuId': '79108700026', 'defaultSwatch': False, 'skuAltImages': [{'imgId': 'DP0302202115031478M.tif', 'colorSeq': 0}, {'imgId': 'DP0302202115031461M.tif', 'colorSeq': 1}, {'imgId': 'DP0302202115031444M.tif', 'colorSeq': 2}]}, {'colorName': 'Dark Slate Grey', 'swatchImageId': 'DP0302202115031414S.tif', 'colorizedImageId': 'DP0302202115031400M.tif', 'colorSeqNum': 3, 'skuId': '79108700034', 'defaultSwatch': False, 'skuAltImages': [{'imgId': 'DP0302202115031474M.tif', 'colorSeq': 0}, {'imgId': 'DP0302202115031456M.tif', 'colorSeq': 1}, {'imgId': 'DP0302202115031440M.tif', 'colorSeq': 2}]}]",/p/safavieh-mayer-patio-collection-bench/ppr5008091371?pTmplType=regular&searchTerm=patio+and+outdoor+furniture&geoZip=55057,"[{'message': 'Online Only', 'icon': 'mouse'}, {'message': 'Available for Shipping', 'icon': 'check'}]",False,791,True,504.0,504.0,GIFTWRAP,False,False,2021-03-02T22:04:30,DP0302202115031395M.tif,DP0302202115031468M.tif,,,https://www.jcpenney.com/p/safavieh-mayer-patio-collection-bench/ppr5008091371?pTmplType=regular&searchTerm=patio+and+outdoor+furniture&geoZip=55057,20251225,patio and outdoor furniture
Safavieh Branco Patio Collection Bench,ppr5008091374,,,520.0,520.0,520.0,520.0,ORIGINAL,False,False,available online only,False,False,original,False,True,"['Included: 1 Bench(es)', 'Features: Quick Ship, Water Resistant', 'Joinery: Nailed, Screwed, Glued', 'Seating Capacity: 2', 'Tools Required: Screws (included), Phillips Screwdriver (not Included), Allen Wrench (included)']",0.0,0.0,ORIGINAL,False,False,79108720018,USD,safavieh,"[{'colorName': 'Beach House Blue', 'swatchImageId': 'DP0302202115031535S.tif', 'colorizedImageId': 'DP0302202115031526M.tif', 'colorSeqNum': 1, 'skuId': '79108720018', 'defaultSwatch': False, 'skuAltImages': [{'imgId': 'DP0302202115031579M.tif', 'colorSeq': 0}, {'imgId': 'DP0302202115031560M.tif', 'colorSeq': 1}, {'imgId': 'DP0302202115031551M.tif', 'colorSeq': 2}]}, {'colorName': 'Dark Slate Grey', 'swatchImageId': 'DP0302202115031540S.tif', 'colorizedImageId': 'DP0302202115031530M.tif', 'colorSeqNum': 2, 'skuId': '79108720026', 'defaultSwatch': False, 'skuAltImages': [{'imgId': 'DP0302202115031588M.tif', 'colorSeq': 0}, {'imgId': 'DP0302202115031583M.tif', 'colorSeq': 1}, {'imgId': 'DP0302202115031571M.tif', 'colorSeq': 2}]}]",/p/safavieh-branco-patio-collection-bench/ppr5008091374?pTmplType=regular&searchTerm=patio+and+outdoor+furniture&geoZip=55057,"[{'message': 'Online Only', 'icon': 'mouse'}, {'message': 'Available for Shipping', 'icon': 'check'}]",False,791,True,468.0,468.0,GIFTWRAP,False,False,2021-03-02T22:04:31,DP0302202115031526M.tif,DP0302202115031579M.tif,,,https://www.jcpenney.com/p/safavieh-branco-patio-collection-bench/ppr5008091374?pTmplType=regular&searchTerm=patio+and+outdoor+furniture&geoZip=55057,20251225,patio and outdoor furniture
Safavieh Brentwood Patio Collection Bench,ppr5008091365,,,990.0,990.0,990.0,990.0,ORIGINAL,False,False,available online only,False,False,original,False,True,"['Included: 1 Bench(es)', 'Features: Weather Resistant, Quick Ship', 'Joinery: Screwed, Nailed, Glued', 'Seating Capacity: 2', 'Tools Required: Screws (included), Allen Wrench (included)']",0.0,0.0,ORIGINAL,False,False,79108640026,USD,safavieh,"[{'colorName': 'Natural', 'swatchImageId': 'DP0104202511003490S.tif', 'colorizedImageId': 'DP0903202407191365M.tif', 'colorSeqNum': 1, 'skuId': '79108640034', 'defaultSwatch': False, 'skuAltImages': [{'imgId': 'DP0903202407191466M.tif', 'colorSeq': 0}, {'imgId': 'DP0903202407191162M.tif', 'colorSeq': 1}, {'imgId': 'DP0903202407191568M.tif', 'colorSeq': 2}]}, {'colorName': 'Oriental Blue', 'swatchImageId': 'DP0302202115031192S.tif', 'colorizedImageId': 'DP0302202115031184M.tif', 'colorSeqNum': 2, 'skuId': '79108640026', 'defaultSwatch': False, 'skuAltImages': [{'imgId': 'DP0302202115031223M.tif', 'colorSeq': 0}, {'imgId': 'DP0302202115031215M.tif', 'colorSeq': 1}, {'imgId': 'DP0302202115031207M.tif', 'colorSeq': 2}]}]",/p/safavieh-brentwood-patio-collection-bench/ppr5008091365?pTmplType=regular&searchTerm=patio+and+outdoor+furniture&geoZip=55057,"[{'message': 'Online Only', 'icon': 'mouse'}, {'message': 'Available for Shipping', 'icon': 'check'}]",False,791,True,742.5,742.5,RECLINER,False,False,2021-10-02T17:03:40,DP0903202407191365M.tif,DP0903202407191466M.tif,,,https://www.jcpenney.com/p/safavieh-brentwood-patio-collection-bench/ppr5008091365?pTmplType=regular&searchTerm=patio+and+outdoor+furniture&geoZip=55057,20251225,patio and outdoor furniture
Mozaic Company Sunbrella Cast Silver Deep Seating Pillow and Cushion Set,ppr5008341985,,,209.99,219.99,350.0,367.0,SALE,False,False,available online only,False,False,original,False,True,"['# Pieces In Set: 2', 'Features: Stain Resistant, Weather Resistant, Water Resistant', 'Use: Outdoor', 'Back Cushion Measurements: 25 Depth/Inches, 5 Height/Inches, 25 Width/Inches', 'Seat Cushion Measurements: 5 Height/Inches, 25 Depth/Inches, 25 Width/Inches']",0.0,0.0,SALE,False,False,62730090018,USD,more brands,"[{'colorName': 'Cast Silver', 'swatchImageId': 'DP0110202307192189S.tif', 'colorizedImageId': 'DP0110202307192086M.tif', 'colorSeqNum': 1, 'skuId': '62730080018', 'defaultSwatch': False, 'skuAltImages': [{'imgId': 'DP0110202307192497M.tif', 'colorSeq': 0}, {'imgId': 'DP0110202307192395M.tif', 'colorSeq': 1}, {'imgId': 'DP0110202307192292M.tif', 'colorSeq': 2}]}, {'colorName': 'Silver', 'swatchImageId': 'DP0110202307192909S.tif', 'colorizedImageId': 'DP0110202307192807M.tif', 'colorSeqNum': 2, 'skuId': '62730090018', 'defaultSwatch': False, 'skuAltImages': [{'imgId': 'DP0110202307193220M.tif', 'colorSeq': 0}, {'imgId': 'DP0110202307193116M.tif', 'colorSeq': 1}, {'imgId': 'DP0110202307193012M.tif', 'colorSeq': 2}]}]",/p/mozaic-company-sunbrella-cast-silver-deep-seating-pillow-and-cushion-set/ppr5008341985?pTmplType=regular&searchTerm=patio+and+outdoor+furniture&geoZip=55057,"[{'message': 'Online Only', 'icon': 'mouse'}, {'message': 'Available for Shipping', 'icon': 'check'}]",False,627,True,197.99,188.99,YULETIDE,False,False,2023-03-09T10:19:19,DP0110202307192086M.tif,DP0110202307192497M.tif,,,https://www.jcpenney.com/p/mozaic-company-sunbrella-cast-silver-deep-seating-pillow-and-cushion-set/ppr5008341985?pTmplType=regular&searchTerm=patio+and+outdoor+furniture&geoZip=55057,20251225,patio and outdoor furniture
Delfina 2-pc. Bar Stool,ppr5008330504,,,600.0,600.0,600.0,600.0,ORIGINAL,False,False,available online only,False,False,original,False,True,"['# Pieces In Set: 2', 'Included: 2 Stool(s)', 'Features: Weather Resistant, Quick Ship', 'Manufacturer Warranty: 90 Days Limited', 'Seating Capacity: 2']",0.0,0.0,ORIGINAL,False,False,79121700018,USD,more brands,"[{'colorName': 'Brown', 'swatchImageId': 'DP0215202309152315S.tif', 'colorizedImageId': 'DP0215202309152212M.tif', 'colorSeqNum': 1, 'skuId': '79121700018', 'defaultSwatch': False, 'skuAltImages': [{'imgId': 'DP0215202309152623M.tif', 'colorSeq': 0}, {'imgId': 'DP0215202309152727M.tif', 'colorSeq': 1}, {'imgId': 'DP0215202309152830M.tif', 'colorSeq': 2}]}]",/p/delfina-2-pc-bar-stool/ppr5008330504?pTmplType=regular&searchTerm=patio+and+outdoor+furniture&geoZip=55057,"[{'message': 'Online Only', 'icon': 'mouse'}, {'message': 'Available for Shipping', 'icon': 'check'}]",False,791,True,540.0,540.0,GIFTWRAP,False,False,2023-02-15T22:06:02,DP0215202309152212M.tif,DP0215202309152623M.tif,,,https://www.jcpenney.com/p/delfina-2-pc-bar-stool/ppr5008330504?pTmplType=regular&searchTerm=patio+and+outdoor+furniture&geoZip=55057,20251225,patio and outdoor furniture
Aston Sofa,ppr5008431415,,,1350.0,1350.0,1350.0,1350.0,ORIGINAL,False,False,available online only,False,False,original,False,True,"['Included: 3 Seat Back Cushion(s), 1 Seat Cushion(s), 1 Sofa(s)', 'Features: Water Resistant, Removable Cushions, Uv Protection', 'Manufacturer Warranty: 90 Days Limited', 'Seating Capacity: 3', 'Tools Required: Allen Wrench (included)']",0.0,0.0,ORIGINAL,False,False,79129920018,USD,more brands,"[{'colorName': 'Gray', 'swatchImageId': 'DP0212202407452099S.tif', 'colorizedImageId': 'DP0221202407153719M.tif', 'colorSeqNum': 1, 'skuId': '79129920018', 'defaultSwatch': False, 'skuAltImages': [{'imgId': 'DP0221202407153822M.tif', 'colorSeq': 0}, {'imgId': 'DP0221202407153512M.tif', 'colorSeq': 2}, {'imgId': 'DP0212202407451996M.tif', 'colorSeq': 4}]}]",/p/aston-sofa/ppr5008431415?pTmplType=regular&searchTerm=patio+and+outdoor+furniture&geoZip=55057,"[{'message': 'Online Only', 'icon': 'mouse'}, {'message': 'Available for Shipping', 'icon': 'check'}]",False,791,True,1012.5,1012.5,RECLINER,False,False,2024-02-12T22:05:48,DP0221202407153719M.tif,DP0221202407153822M.tif,,,https://www.jcpenney.com/p/aston-sofa/ppr5008431415?pTmplType=regular&searchTerm=patio+and+outdoor+furniture&geoZip=55057,20251225,patio and outdoor furniture
Safavieh Curby Collection Concrete Side Table,ppr5008094548,,,370.0,370.0,370.0,370.0,ORIGINAL,False,False,available online only,False,False,original,False,True,"['Included: 1 Table(s)', 'Features: Water Resistant, Quick Ship', 'Shape: Square', 'Maximum Weight Limit: 50 Lbs', 'Table Measurements: 17.7 Height/Inches, 13.7 Length/Inches, 13.7 Width/Inches']",0.0,0.0,ORIGINAL,False,False,79109660018,USD,safavieh,"[{'colorName': 'Dark Grey', 'swatchImageId': 'DP0311202113015708S.tif', 'colorizedImageId': 'DP0311202113015696M.tif', 'colorSeqNum': 1, 'skuId': '79109660018', 'defaultSwatch': False, 'skuAltImages': [{'imgId': 'DP0311202113015743M.tif', 'colorSeq': 0}, {'imgId': 'DP0311202113015750M.tif', 'colorSeq': 1}, {'imgId': 'DP0311202113015731M.tif', 'colorSeq': 2}]}, {'colorName': 'Ivory', 'swatchImageId': 'DP0311202113015712S.tif', 'colorizedImageId': 'DP0311202113015700M.tif', 'colorSeqNum': 2, 'skuId': '79109660026', 'defaultSwatch': False, 'skuAltImages': [{'imgId': 'DP0311202113015747M.tif', 'colorSeq': 0}, {'imgId': 'DP0322202115005033M.tif', 'colorSeq': 1}, {'imgId': 'DP0311202113015735M.tif', 'colorSeq': 3}]}, {'colorName': 'Black', 'swatchImageId': 'DP0311202113015704S.tif', 'colorizedImageId': 'DP0311202113015692M.tif', 'colorSeqNum': 3, 'skuId': '79109660034', 'defaultSwatch': False, 'skuAltImages': [{'imgId': 'DP0311202113015739M.tif', 'colorSeq': 0}, {'imgId': 'DP0311202113015727M.tif', 'colorSeq': 2}, {'imgId': 'DP0311202113015716M.tif', 'colorSeq': 3}]}]",/p/safavieh-curby-collection-concrete-side-table/ppr5008094548?pTmplType=regular&searchTerm=patio+and+outdoor+furniture&geoZip=55057,"[{'message': 'Online Only', 'icon': 'mouse'}, {'message': 'Available for Shipping', 'icon': 'check'}]",False,791,True,333.0,333.0,GIFTWRAP,False,False,2021-03-11T22:03:08,DP0311202113015696M.tif,DP0311202113015743M.tif,,,https://www.jcpenney.com/p/safavieh-curby-collection-concrete-side-table/ppr5008094548?pTmplType=regular&searchTerm=patio+and+outdoor+furniture&geoZip=55057,20251225,patio and outdoor furniture
Safavieh Zuri Weather Resistant Cement Side Table,ppr5008216466,,,440.0,440.0,440.0,440.0,ORIGINAL,False,False,available online only,False,False,original,False,True,"['Included: 1 Table(s)', 'Features: Weather Resistant, Quick Ship', 'Shape: Round', 'Maximum Weight Limit: 175 Lbs', 'Table Measurements: 17.7 Height/Inches, 15.7 Width/Inches, 15.7 Length/Inches']",0.0,0.0,ORIGINAL,False,False,79114980018,USD,safavieh,"[{'colorName': 'Dark Grey', 'swatchImageId': 'DP0209202207035290S.tif', 'colorizedImageId': 'DP0209202207035262M.tif', 'colorSeqNum': 1, 'skuId': '79114980018', 'defaultSwatch': False, 'skuAltImages': [{'imgId': 'DP0209202207035276M.tif', 'colorSeq': 0}, {'imgId': 'DP0209202207035247M.tif', 'colorSeq': 1}, {'imgId': 'DP0209202207035305M.tif', 'colorSeq': 2}]}, {'colorName': 'Black', 'swatchImageId': 'DP0209202207035283S.tif', 'colorizedImageId': 'DP0209202207035255M.tif', 'colorSeqNum': 2, 'skuId': '79114980026', 'defaultSwatch': False, 'skuAltImages': [{'imgId': 'DP0209202207035269M.tif', 'colorSeq': 0}, {'imgId': 'DP0209202207035238M.tif', 'colorSeq': 1}, {'imgId': 'DP0209202207035298M.tif', 'colorSeq': 2}]}]",/p/safavieh-zuri-weather-resistant-cement-side-table/ppr5008216466?pTmplType=regular&searchTerm=patio+and+outdoor+furniture&geoZip=55057,"[{'message': 'Online Only', 'icon': 'mouse'}, {'message': 'Available for Shipping', 'icon': 'check'}]",False,791,True,396.0,396.0,GIFTWRAP,False,False,2022-02-09T22:03:19,DP0209202207035262M.tif,DP0209202207035276M.tif,,,https://www.jcpenney.com/p/safavieh-zuri-weather-resistant-cement-side-table/ppr5008216466?pTmplType=regular&searchTerm=patio+and+outdoor+furniture&geoZip=55057,20251225,patio and outdoor furniture
Lola Side Table,ppr5008367086,,,240.0,240.0,240.0,240.0,ORIGINAL,False,False,available online only,False,False,original,False,True,"['Included: 1 Table(s)', 'Features: Easy Clean, Easy Care', 'Manufacturer Warranty: 90 Days Limited', 'Shape: Circle', 'Tools Required: Screws (included), Allen Wrench (included)']",0.0,0.0,ORIGINAL,False,False,79125580018,USD,more brands,"[{'colorName': 'Bronze', 'swatchImageId': 'DP1023202515141270S.tif', 'colorizedImageId': 'DP1023202515141165M.tif', 'colorSeqNum': 1, 'skuId': '79125580018', 'defaultSwatch': False, 'skuAltImages': [{'imgId': 'DP1023202515141685M.tif', 'colorSeq': 0}, {'imgId': 'DP1023202515141582M.tif', 'colorSeq': 1}, {'imgId': 'DP1023202515141374M.tif', 'colorSeq': 2}]}]",/p/lola-side-table/ppr5008367086?pTmplType=regular&searchTerm=patio+and+outdoor+furniture&geoZip=55057,"[{'message': 'Online Only', 'icon': 'mouse'}, {'message': 'Available for Shipping', 'icon': 'check'}]",False,791,True,216.0,216.0,GIFTWRAP,False,False,2025-10-23T22:05:43,DP1023202515141165M.tif,DP1023202515141685M.tif,"[{'name': 'NEW', 'priority': 1, 'urlParam': 'new'}]",,https://www.jcpenney.com/p/lola-side-table/ppr5008367086?pTmplType=regular&searchTerm=patio+and+outdoor+furniture&geoZip=55057,20251225,patio and outdoor furniture
Lassen Iron Side Table,ppr5008367081,,,200.0,200.0,200.0,200.0,ORIGINAL,False,False,available online only,False,False,original,False,True,"['Included: 1 Table(s)', 'Features: Easy Care, Easy Clean', 'Manufacturer Warranty: 90 Days Limited', 'Shape: Round', 'Tools Required: Allen Wrench (included), Screws (included)']",0.0,0.0,ORIGINAL,False,False,79125530018,USD,more brands,"[{'colorName': 'Matte Black', 'swatchImageId': 'DP1023202515135499S.tif', 'colorizedImageId': 'DP1023202515135395M.tif', 'colorSeqNum': 1, 'skuId': '79125530018', 'defaultSwatch': False, 'skuAltImages': [{'imgId': 'DP1023202515140021M.tif', 'colorSeq': 0}, {'imgId': 'DP1023202515135916M.tif', 'colorSeq': 1}, {'imgId': 'DP1023202515135707M.tif', 'colorSeq': 2}]}]",/p/lassen-iron-side-table/ppr5008367081?pTmplType=regular&searchTerm=patio+and+outdoor+furniture&geoZip=55057,"[{'message': 'Online Only', 'icon': 'mouse'}, {'message': 'Available for Shipping', 'icon': 'check'}]",False,791,True,180.0,180.0,GIFTWRAP,False,False,2025-10-23T22:05:42,DP1023202515135395M.tif,DP1023202515140021M.tif,"[{'name': 'NEW', 'priority': 1, 'urlParam': 'new'}]",,https://www.jcpenney.com/p/lassen-iron-side-table/ppr5008367081?pTmplType=regular&searchTerm=patio+and+outdoor+furniture&geoZip=55057,20251225,patio and outdoor furniture
Cayman Side Table,ppr5008348071,,,1220.0,1220.0,1220.0,1220.0,ORIGINAL,False,False,available online only,False,False,original,False,True,"['Included: 1 Table(s)', 'Features: 4 Legs, Quick Ship', 'Seating Capacity: 4', 'Tools Required: Allen Wrench (included), Screws (included)', 'Maximum Weight Limit: 300 Lbs']",0.0,0.0,ORIGINAL,False,False,79123250018,USD,more brands,"[{'colorName': 'Black', 'swatchImageId': 'DP0329202307124693S.tif', 'colorizedImageId': 'DP0329202307124486M.tif', 'colorSeqNum': 1, 'skuId': '79123250018', 'defaultSwatch': False, 'skuAltImages': [{'imgId': 'DP0329202307124590M.tif', 'colorSeq': 0}, {'imgId': 'DP0329202307124900M.tif', 'colorSeq': 1}, {'imgId': 'DP0329202307124797M.tif', 'colorSeq': 2}]}]",/p/cayman-side-table/ppr5008348071?pTmplType=regular&searchTerm=patio+and+outdoor+furniture&geoZip=55057,"[{'message': 'Online Only', 'icon': 'mouse'}, {'message': 'Available for Shipping', 'icon': 'check'}]",False,791,True,915.0,915.0,RECLINER,False,False,2023-03-29T22:03:20,DP0329202307124486M.tif,DP0329202307124590M.tif,,,https://www.jcpenney.com/p/cayman-side-table/ppr5008348071?pTmplType=regular&searchTerm=patio+and+outdoor+furniture&geoZip=55057,20251225,patio and outdoor furniture
Safavieh Kavita Weather Resistant Cement Side Table,ppr5008216498,,,400.0,400.0,400.0,400.0,ORIGINAL,False,False,available online only,False,False,original,False,True,"['Included: 1 Table(s)', 'Features: Weather Resistant, Quick Ship', 'Shape: Round', 'Maximum Weight Limit: 45 Lbs', 'Table Measurements: 13.78 Length/Inches, 13.78 Width/Inches, 18.11 Height/Inches']",0.0,0.0,ORIGINAL,False,False,79115100018,USD,safavieh,"[{'colorName': 'Dark Grey', 'swatchImageId': 'DP0209202207040078S.tif', 'colorizedImageId': 'DP0209202207040063M.tif', 'colorSeqNum': 1, 'skuId': '79115100018', 'defaultSwatch': False, 'skuAltImages': [{'imgId': 'DP0209202207040084M.tif', 'colorSeq': 0}, {'imgId': 'DP0209202207040071M.tif', 'colorSeq': 1}, {'imgId': 'DP0209202207040056M.tif', 'colorSeq': 2}]}]",/p/safavieh-kavita-weather-resistant-cement-side-table/ppr5008216498?pTmplType=regular&searchTerm=patio+and+outdoor+furniture&geoZip=55057,"[{'message': 'Online Only', 'icon': 'mouse'}, {'message': 'Available for Shipping', 'icon': 'check'}]",False,791,True,360.0,360.0,GIFTWRAP,False,False,2022-02-09T22:03:22,DP0209202207040063M.tif,DP0209202207040084M.tif,,,https://www.jcpenney.com/p/safavieh-kavita-weather-resistant-cement-side-table/ppr5008216498?pTmplType=regular&searchTerm=patio+and+outdoor+furniture&geoZip=55057,20251225,patio and outdoor furniture
Safavieh Torre Outdoor And Room Collection Weather Resistant Cement Side Table,ppr5008216093,,,330.0,330.0,330.0,330.0,ORIGINAL,False,False,available online only,False,False,original,False,True,"['Included: 1 Table(s)', 'Features: Weather Resistant, Quick Ship', 'Shape: Round', 'Maximum Weight Limit: 150 Lbs', 'Table Measurements: 17.3 Height/Inches, 12.2 Length/Inches, 12.2 Width/Inches']",0.0,0.0,ORIGINAL,False,False,79114910018,USD,safavieh,"[{'colorName': 'Black', 'swatchImageId': 'DP0209202207034812S.tif', 'colorizedImageId': 'DP0209202207034805M.tif', 'colorSeqNum': 1, 'skuId': '79114910018', 'defaultSwatch': False, 'skuAltImages': [{'imgId': 'DP0209202207034827M.tif', 'colorSeq': 0}, {'imgId': 'DP0209202207034798M.tif', 'colorSeq': 1}, {'imgId': 'DP0209202207034820M.tif', 'colorSeq': 2}]}]",/p/safavieh-torre-outdoor-and-room-collection-weather-resistant-cement-side-table/ppr5008216093?pTmplType=regular&searchTerm=patio+and+outdoor+furniture&geoZip=55057,"[{'message': 'Online Only', 'icon': 'mouse'}, {'message': 'Available for Shipping', 'icon': 'check'}]",False,791,True,297.0,297.0,GIFTWRAP,False,False,2022-03-23T07:11:40,DP0209202207034805M.tif,DP0209202207034827M.tif,,,https://www.jcpenney.com/p/safavieh-torre-outdoor-and-room-collection-weather-resistant-cement-side-table/ppr5008216093?pTmplType=regular&searchTerm=patio+and+outdoor+furniture&geoZip=55057,20251225,patio and outdoor furniture
Safavieh Delartin Patio Collection Weather Resistant Concrete Coffee Table,ppr5008094590,,,710.0,710.0,710.0,710.0,ORIGINAL,False,False,available online only,False,False,original,False,True,"['Included: 1 Table(s)', 'Features: Quick Ship, Weather Resistant', 'Joinery: Screwed', 'Shape: Square', 'Tools Required: Allen Wrench (included), Screws (included)']",0.0,0.0,ORIGINAL,False,False,79109860018,USD,safavieh,"[{'colorName': 'Dark Grey Natural', 'swatchImageId': 'DP0311202113020475S.tif', 'colorizedImageId': 'DP0311202113020472M.tif', 'colorSeqNum': 1, 'skuId': '79109860018', 'defaultSwatch': False, 'skuAltImages': [{'imgId': 'DP0311202113020483M.tif', 'colorSeq': 0}, {'imgId': 'DP0311202113020487M.tif', 'colorSeq': 1}, {'imgId': 'DP0311202113020493M.tif', 'colorSeq': 2}]}]",/p/safavieh-delartin-patio-collection-weather-resistant-concrete-coffee-table/ppr5008094590?pTmplType=regular&searchTerm=patio+and+outdoor+furniture&geoZip=55057,"[{'message': 'Online Only', 'icon': 'mouse'}, {'message': 'Available for Shipping', 'icon': 'check'}]",False,791,True,639.0,639.0,GIFTWRAP,False,False,2021-03-11T22:03:12,DP0311202113020472M.tif,DP0311202113020483M.tif,,,https://www.jcpenney.com/p/safavieh-delartin-patio-collection-weather-resistant-concrete-coffee-table/ppr5008094590?pTmplType=regular&searchTerm=patio+and+outdoor+furniture&geoZip=55057,20251225,patio and outdoor furniture
Marcio Patio Collection Weather Resistant Concrete Side Table,ppr5008094589,,,510.0,510.0,510.0,510.0,ORIGINAL,False,False,available online only,False,False,original,False,True,"['Included: 1 Table(s)', 'Features: Quick Ship, Weather Resistant', 'Joinery: Screwed', 'Shape: Square', 'Tools Required: Screws (included), Allen Wrench (included)']",0.0,0.0,ORIGINAL,False,False,79109850018,USD,more brands,"[{'colorName': 'Dark Grey Natural', 'swatchImageId': 'DP0311202113020452S.tif', 'colorizedImageId': 'DP0311202113020448M.tif', 'colorSeqNum': 1, 'skuId': '79109850018', 'defaultSwatch': False, 'skuAltImages': [{'imgId': 'DP0311202113020460M.tif', 'colorSeq': 0}, {'imgId': 'DP0311202113020464M.tif', 'colorSeq': 1}, {'imgId': 'DP0311202113020468M.tif', 'colorSeq': 2}]}]",/p/marcio-patio-collection-weather-resistant-concrete-side-table/ppr5008094589?pTmplType=regular&searchTerm=patio+and+outdoor+furniture&geoZip=55057,"[{'message': 'Online Only', 'icon': 'mouse'}, {'message': 'Available for Shipping', 'icon': 'check'}]",False,791,True,459.0,459.0,GIFTWRAP,False,False,2021-03-11T22:03:12,DP0311202113020448M.tif,DP0311202113020460M.tif,,,https://www.jcpenney.com/p/marcio-patio-collection-weather-resistant-concrete-side-table/ppr5008094589?pTmplType=regular&searchTerm=patio+and+outdoor+furniture&geoZip=55057,20251225,patio and outdoor furniture
Patio Umbrella,ppr5008255106,,,470.0,470.0,470.0,470.0,ORIGINAL,False,False,available online only,False,False,original,False,True,"['Features: Quick Ship, Rust Resistant', 'Manufacturer Warranty: 1 Year', 'Shape: Octagon', 'Measurements: 95 Height/Inches, 126 Width/Inches, 115 Depth/Inches', 'Diameter: 10 Ft']",0.0,0.0,ORIGINAL,False,False,79119920034,USD,more brands,"[{'colorName': 'Orange', 'swatchImageId': 'DP0614202207173677S.tif', 'colorizedImageId': 'DP0614202207173061M.tif', 'colorSeqNum': 1, 'skuId': '79119920018', 'defaultSwatch': False, 'skuAltImages': [{'imgId': 'DP0614202207182611M.tif', 'colorSeq': 0}, {'imgId': 'DP0614202207181994M.tif', 'colorSeq': 1}, {'imgId': 'DP0614202207181377M.tif', 'colorSeq': 2}]}, {'colorName': 'Light Yellow', 'swatchImageId': 'DP0615202207332544S.tif', 'colorizedImageId': 'DP0615202207332441M.tif', 'colorSeqNum': 2, 'skuId': '79119920026', 'defaultSwatch': False, 'skuAltImages': [{'imgId': 'DP0615202207333369M.tif', 'colorSeq': 0}, {'imgId': 'DP0615202207333266M.tif', 'colorSeq': 1}, {'imgId': 'DP0615202207333163M.tif', 'colorSeq': 2}]}, {'colorName': 'Light Green', 'swatchImageId': 'DP0614202207173470S.tif', 'colorizedImageId': 'DP0614202207172854M.tif', 'colorSeqNum': 3, 'skuId': '79119920034', 'defaultSwatch': False, 'skuAltImages': [{'imgId': 'DP0614202207182405M.tif', 'colorSeq': 0}, {'imgId': 'DP0614202207181788M.tif', 'colorSeq': 1}, {'imgId': 'DP0614202207181172M.tif', 'colorSeq': 2}]}]",/p/patio-umbrella/ppr5008255106?pTmplType=regular&searchTerm=patio+and+outdoor+furniture&geoZip=55057,"[{'message': 'Online Only', 'icon': 'mouse'}, {'message': 'Available for Shipping', 'icon': 'check'}]",False,791,True,423.0,423.0,GIFTWRAP,False,False,2022-06-15T17:11:49,DP0614202207173061M.tif,DP0614202207182611M.tif,,,https://www.jcpenney.com/p/patio-umbrella/ppr5008255106?pTmplType=regular&searchTerm=patio+and+outdoor+furniture&geoZip=55057,20251225,patio and outdoor furniture
Safavieh Elegant Patio Collection Patio Umbrella,ppr5008094055,,,520.0,520.0,520.0,520.0,ORIGINAL,False,False,available online only,False,False,original,False,True,"['Features: Uv Protection, Collapsible, Weather Resistant', 'Shape: Octagon', 'Measurements: 101.18 Depth/Inches, 99.61 Height/Inches, 101.18 Width/Inches', 'Diameter: 9 Ft', 'Weight (lb.): 16 Lb']",0.0,0.0,ORIGINAL,False,False,79109350034,USD,safavieh,"[{'colorName': 'Navy White', 'swatchImageId': 'DP0310202109015620S.tif', 'colorizedImageId': 'DP0310202109015608M.tif', 'colorSeqNum': 1, 'skuId': '79109350018', 'defaultSwatch': False, 'skuAltImages': [{'imgId': 'DP0310202109015643M.tif', 'colorSeq': 0}, {'imgId': 'DP0310202109015666M.tif', 'colorSeq': 1}, {'imgId': 'DP0310202109015655M.tif', 'colorSeq': 2}]}, {'colorName': 'Beige White', 'swatchImageId': 'DP0310202109015616S.tif', 'colorizedImageId': 'DP0310202109015604M.tif', 'colorSeqNum': 2, 'skuId': '79109350026', 'defaultSwatch': False, 'skuAltImages': [{'imgId': 'DP0310202109015639M.tif', 'colorSeq': 0}, {'imgId': 'DP0310202109015663M.tif', 'colorSeq': 1}, {'imgId': 'DP0310202109015651M.tif', 'colorSeq': 2}]}, {'colorName': 'White Black', 'swatchImageId': 'DP0310202109015623S.tif', 'colorizedImageId': 'DP0310202109015612M.tif', 'colorSeqNum': 3, 'skuId': '79109350034', 'defaultSwatch': False, 'skuAltImages': [{'imgId': 'DP0310202109015648M.tif', 'colorSeq': 0}, {'imgId': 'DP0310202109015670M.tif', 'colorSeq': 1}, {'imgId': 'DP0310202109015659M.tif', 'colorSeq': 2}]}, {'colorName': 'Red', 'swatchImageId': 'DP0903202407253933S.tif', 'colorizedImageId': 'DP0903202407253730M.tif', 'colorSeqNum': 4, 'skuId': '79109350042', 'defaultSwatch': False, 'skuAltImages': [{'imgId': 'DP0903202407253831M.tif', 'colorSeq': 0}, {'imgId': 'DP0903202407253628M.tif', 'colorSeq': 1}, {'imgId': 'DP0903202407253527M.tif', 'colorSeq': 2}]}]",/p/safavieh-elegant-patio-collection-patio-umbrella/ppr5008094055?pTmplType=regular&searchTerm=patio+and+outdoor+furniture&geoZip=55057,"[{'message': 'Online Only', 'icon': 'mouse'}, {'message': 'Available for Shipping', 'icon': 'check'}]",False,791,True,468.0,468.0,GIFTWRAP,False,False,2021-03-10T22:04:17,DP0310202109015608M.tif,DP0310202109015643M.tif,,,https://www.jcpenney.com/p/safavieh-elegant-patio-collection-patio-umbrella/ppr5008094055?pTmplType=regular&searchTerm=patio+and+outdoor+furniture&geoZip=55057,20251225,patio and outdoor furniture
Safavieh Velop Patio Umbrella,ppr5008446004,,,340.0,340.0,340.0,340.0,ORIGINAL,False,False,available online only,False,False,original,False,True,"['Features: Quick Ship', 'Shape: Round', 'Measurements: 90 Depth/Inches', 'Diameter: 7 1/2 Ft', 'Weight (lb.): 12.5 Lb']",0.0,0.0,ORIGINAL,False,False,79131160026,USD,safavieh,"[{'colorName': 'Grey', 'swatchImageId': 'DP0423202411145497S.tif', 'colorizedImageId': 'DP0423202411145088M.tif', 'colorSeqNum': 2, 'skuId': '79131160026', 'defaultSwatch': False, 'skuAltImages': [{'imgId': 'DP0423202411145904M.tif', 'colorSeq': 0}, {'imgId': 'DP0423202411144681M.tif', 'colorSeq': 1}]}, {'colorName': 'Navy', 'swatchImageId': 'DP0423202411145599S.tif', 'colorizedImageId': 'DP0423202411145190M.tif', 'colorSeqNum': 3, 'skuId': '79131160034', 'defaultSwatch': False, 'skuAltImages': [{'imgId': 'DP0423202411150006M.tif', 'colorSeq': 0}, {'imgId': 'DP0423202411144782M.tif', 'colorSeq': 1}]}, {'colorName': 'Red', 'swatchImageId': 'DP0423202411145701S.tif', 'colorizedImageId': 'DP0423202411145292M.tif', 'colorSeqNum': 4, 'skuId': '79131160042', 'defaultSwatch': False, 'skuAltImages': [{'imgId': 'DP0423202411150107M.tif', 'colorSeq': 0}, {'imgId': 'DP0423202411144884M.tif', 'colorSeq': 1}]}]",/p/safavieh-velop-patio-umbrella/ppr5008446004?pTmplType=regular&searchTerm=patio+and+outdoor+furniture&geoZip=55057&selectedSKUId=79131160026,"[{'message': 'Online Only', 'icon': 'mouse'}, {'message': 'Available for Shipping', 'icon': 'check'}]",False,791,True,306.0,306.0,GIFTWRAP,False,True,2024-04-23T22:04:33,DP0423202411145088M.tif,DP0423202411145904M.tif,,,https://www.jcpenney.com/p/safavieh-velop-patio-umbrella/ppr5008446004?pTmplType=regular&searchTerm=patio+and+outdoor+furniture&geoZip=55057&selectedSKUId=79131160026,20251225,patio and outdoor furniture
Sunnydaze Collection Patio Umbrella,ppr5008095853,,,250.0,250.0,250.0,250.0,ORIGINAL,False,False,available online only,False,False,original,False,True,"['Features: Tiltable, Vented, Solar Powered, Quick Ship, Water Repellent', 'Manufacturer Warranty: 1 Year', 'Shape: Octagon', 'Measurements: 108 Width/Inches, 96 Height/Inches, 108 Length/Inches', 'Diameter: 9 Ft']",0.0,0.0,ORIGINAL,False,False,79111060026,USD,more brands,"[{'colorName': 'Cream', 'swatchImageId': 'DP1011202515015328S.tif', 'colorizedImageId': 'DP1011202515015119M.tif', 'colorSeqNum': 1, 'skuId': '79111060018', 'defaultSwatch': False, 'skuAltImages': [{'imgId': 'DP1011202515015747M.tif', 'colorSeq': 0}, {'imgId': 'DP1011202515014911M.tif', 'colorSeq': 1}, {'imgId': 'DP1011202515015956M.tif', 'colorSeq': 11}]}, {'colorName': 'Dark Blue', 'swatchImageId': 'DP1011202515015433S.tif', 'colorizedImageId': 'DP1011202515015224M.tif', 'colorSeqNum': 2, 'skuId': '79111060026', 'defaultSwatch': False, 'skuAltImages': [{'imgId': 'DP1011202515015852M.tif', 'colorSeq': 0}, {'imgId': 'DP1011202515015015M.tif', 'colorSeq': 1}, {'imgId': 'DP1011202515020061M.tif', 'colorSeq': 11}]}]",/p/sunnydaze-collection-patio-umbrella/ppr5008095853?pTmplType=regular&searchTerm=patio+and+outdoor+furniture&geoZip=55057,"[{'message': 'Online Only', 'icon': 'mouse'}, {'message': 'Available for Shipping', 'icon': 'check'}]",False,791,True,,,,False,False,2021-03-19T22:03:02,DP1011202515015119M.tif,DP1011202515015747M.tif,,,https://www.jcpenney.com/p/sunnydaze-collection-patio-umbrella/ppr5008095853?pTmplType=regular&searchTerm=patio+and+outdoor+furniture&geoZip=55057,20251225,patio and outdoor furniture
Safavieh Venice Patio Collection Patio Umbrella,ppr5008094074,,,400.0,400.0,400.0,400.0,ORIGINAL,False,False,available online only,False,False,original,False,True,"['Features: Uv Protection, Collapsible, Weather Resistant', 'Shape: Square', 'Measurements: 103.54 Height/Inches, 90 Depth/Inches, 90 Width/Inches', 'Weight (lb.): 13 Lb', 'Assembly: Assembly Required']",0.0,0.0,ORIGINAL,False,False,79109540026,USD,safavieh,"[{'colorName': 'Navy White', 'swatchImageId': 'DP0310202109020613S.tif', 'colorizedImageId': 'DP0310202109020605M.tif', 'colorSeqNum': 1, 'skuId': '79109540018', 'defaultSwatch': False, 'skuAltImages': [{'imgId': 'DP0310202109020632M.tif', 'colorSeq': 0}, {'imgId': 'DP0310202109020642M.tif', 'colorSeq': 1}, {'imgId': 'DP0310202109020635M.tif', 'colorSeq': 2}]}, {'colorName': 'White Black', 'swatchImageId': 'DP0310202109020617S.tif', 'colorizedImageId': 'DP0310202109020609M.tif', 'colorSeqNum': 2, 'skuId': '79109540026', 'defaultSwatch': False, 'skuAltImages': [{'imgId': 'DP0310202109020646M.tif', 'colorSeq': 0}, {'imgId': 'DP0310202109020639M.tif', 'colorSeq': 1}, {'imgId': 'DP0310202109020628M.tif', 'colorSeq': 2}]}]",/p/safavieh-venice-patio-collection-patio-umbrella/ppr5008094074?pTmplType=regular&searchTerm=patio+and+outdoor+furniture&geoZip=55057,"[{'message': 'Online Only', 'icon': 'mouse'}, {'message': 'Available for Shipping', 'icon': 'check'}]",False,791,True,360.0,360.0,GIFTWRAP,False,False,2021-03-10T22:04:23,DP0310202109020605M.tif,DP0310202109020632M.tif,,,https://www.jcpenney.com/p/safavieh-venice-patio-collection-patio-umbrella/ppr5008094074?pTmplType=regular&searchTerm=patio+and+outdoor+furniture&geoZip=55057,20251225,patio and outdoor furniture
Safavieh Elsa Patio Collection Patio Umbrella,ppr5008094053,,,510.0,510.0,510.0,510.0,ORIGINAL,False,False,available online only,False,False,original,False,True,"['Features: Collapsible, Uv Protection, Weather Resistant', 'Shape: Octagon', 'Measurements: 99.61 Height/Inches, 101.18 Width/Inches, 101.18 Depth/Inches', 'Diameter: 9 Ft', 'Weight (lb.): 16 Lb']",0.0,0.0,ORIGINAL,False,False,79109330018,USD,safavieh,"[{'colorName': 'Black White', 'swatchImageId': 'DP0310202109015541S.tif', 'colorizedImageId': 'DP0310202109015533M.tif', 'colorSeqNum': 1, 'skuId': '79109330018', 'defaultSwatch': False, 'skuAltImages': [{'imgId': 'DP0310202109015555M.tif', 'colorSeq': 0}, {'imgId': 'DP0310202109015570M.tif', 'colorSeq': 1}, {'imgId': 'DP0310202109015563M.tif', 'colorSeq': 2}]}, {'colorName': 'Navy White', 'swatchImageId': 'DP0310202109015544S.tif', 'colorizedImageId': 'DP0310202109015537M.tif', 'colorSeqNum': 2, 'skuId': '79109330026', 'defaultSwatch': False, 'skuAltImages': [{'imgId': 'DP0310202109015559M.tif', 'colorSeq': 0}, {'imgId': 'DP0310202109015574M.tif', 'colorSeq': 1}, {'imgId': 'DP0310202109015566M.tif', 'colorSeq': 2}]}]",/p/safavieh-elsa-patio-collection-patio-umbrella/ppr5008094053?pTmplType=regular&searchTerm=patio+and+outdoor+furniture&geoZip=55057,"[{'message': 'Online Only', 'icon': 'mouse'}, {'message': 'Available for Shipping', 'icon': 'check'}]",False,791,True,459.0,459.0,GIFTWRAP,False,False,2021-03-10T22:04:17,DP0310202109015533M.tif,DP0310202109015555M.tif,,,https://www.jcpenney.com/p/safavieh-elsa-patio-collection-patio-umbrella/ppr5008094053?pTmplType=regular&searchTerm=patio+and+outdoor+furniture&geoZip=55057,20251225,patio and outdoor furniture
Milan Outdoor Patio Umbrella,ppr5008212538,,,420.0,420.0,420.0,420.0,ORIGINAL,False,False,available online only,False,False,original,False,True,"['Features: Uv Protection, Collapsible, Quick Ship, Weather Resistant', 'Shape: Square', 'Measurements: 103.54 Height/Inches, 90 Depth/Inches, 90 Length/Inches', 'Weight (lb.): 13 Lb', 'Assembly: Assembly Required']",0.0,0.0,ORIGINAL,False,False,79114490018,USD,safavieh,"[{'colorName': 'Navy White', 'swatchImageId': 'DP0127202211022214S.tif', 'colorizedImageId': 'DP0127202211022205M.tif', 'colorSeqNum': 1, 'skuId': '79114490018', 'defaultSwatch': False, 'skuAltImages': [{'imgId': 'DP0127202211022219M.tif', 'colorSeq': 0}, {'imgId': 'DP0127202211022200M.tif', 'colorSeq': 1}, {'imgId': 'DP0127202211022210M.tif', 'colorSeq': 2}]}]",/p/milan-outdoor-patio-umbrella/ppr5008212538?pTmplType=regular&searchTerm=patio+and+outdoor+furniture&geoZip=55057,"[{'message': 'Online Only', 'icon': 'mouse'}, {'message': 'Available for Shipping', 'icon': 'check'}]",False,791,True,378.0,378.0,GIFTWRAP,False,False,2022-01-27T22:04:20,DP0127202211022205M.tif,DP0127202211022219M.tif,,,https://www.jcpenney.com/p/milan-outdoor-patio-umbrella/ppr5008212538?pTmplType=regular&searchTerm=patio+and+outdoor+furniture&geoZip=55057,20251225,patio and outdoor furniture
Signature Design by Ashley® Visola Patio Loveseat,ppr5008244954,5.0,5.0,2200.0,2200.0,2200.0,2200.0,ORIGINAL,False,False,available online only,False,False,original,False,True,"['Included: 1 Seat Cushion(s), 1 Loveseat(s), 2 Throw Pillow(s)', 'Features: Water Resistant, Upholstered', 'Joinery: Butt Joint, Screwed', 'Manufacturer Warranty: 1 Year Parts Limited', 'Seating Capacity: 2']",0.0,0.0,ORIGINAL,False,False,79118270018,USD,signature design by ashley,"[{'colorName': 'Gray', 'swatchImageId': 'DP0614202211165607S.tif', 'colorizedImageId': 'DP0614202211165400M.tif', 'colorSeqNum': 1, 'skuId': '79118270018', 'defaultSwatch': False, 'skuAltImages': [{'imgId': 'DP0614202211165504M.tif', 'colorSeq': 0}, {'imgId': 'DP0614202211165193M.tif', 'colorSeq': 1}, {'imgId': 'DP0614202211165296M.tif', 'colorSeq': 2}]}]",/p/signature-design-by-ashley-visola-patio-loveseat/ppr5008244954?pTmplType=regular&searchTerm=patio+and+outdoor+furniture&geoZip=55057,"[{'message': 'Online Only', 'icon': 'mouse'}, {'message': 'Available for Shipping', 'icon': 'check'}]",False,791,True,1650.0,1650.0,RECLINER,False,False,2022-06-14T22:05:59,DP0614202211165400M.tif,DP0614202211165504M.tif,,,https://www.jcpenney.com/p/signature-design-by-ashley-visola-patio-loveseat/ppr5008244954?pTmplType=regular&searchTerm=patio+and+outdoor+furniture&geoZip=55057,20251225,patio and outdoor furniture
Patio Umbrella Base,ppr5008244805,4.0,9.0,160.0,160.0,160.0,160.0,ORIGINAL,False,False,available online only,False,False,original,False,True,"['Features: Quick Ship, Weather Resistant', 'Manufacturer Warranty: 1 Year', 'Shape: Round', 'Measurements: 16 Width/Inches, 16 Length/Inches, 12.5 Height/Inches', 'Weight (lb.): 17 Lb']",0.0,0.0,ORIGINAL,False,False,79118130018,USD,more brands,"[{'colorName': 'Green', 'swatchImageId': 'DP0505202207023817S.tif', 'colorizedImageId': 'DP0505202207023816M.tif', 'colorSeqNum': 1, 'skuId': '79118130018', 'defaultSwatch': False, 'skuAltImages': [{'imgId': 'DP0505202207023824M.tif', 'colorSeq': 0}, {'imgId': 'DP0505202207023822M.tif', 'colorSeq': 1}, {'imgId': 'DP0505202207023820M.tif', 'colorSeq': 2}]}]",/p/patio-umbrella-base/ppr5008244805?pTmplType=regular&searchTerm=patio+and+outdoor+furniture&geoZip=55057,"[{'message': 'Online Only', 'icon': 'mouse'}, {'message': 'Available for Shipping', 'icon': 'check'}]",False,791,True,144.0,144.0,GIFTWRAP,False,False,2022-05-24T15:05:00,DP0505202207023816M.tif,DP0505202207023824M.tif,,,https://www.jcpenney.com/p/patio-umbrella-base/ppr5008244805?pTmplType=regular&searchTerm=patio+and+outdoor+furniture&geoZip=55057,20251225,patio and outdoor furniture
Sunnydaze Collection Patio Umbrella Base,ppr5008095861,4.0,9.0,170.0,170.0,170.0,170.0,ORIGINAL,False,False,available online only,False,False,original,False,True,"['Features: Quick Ship, Weather Resistant', 'Manufacturer Warranty: 1 Year', 'Shape: Round', 'Measurements: 17 Length/Inches, 12 Height/Inches, 17 Width/Inches', 'Weight (lb.): 24 Lb']",0.0,0.0,ORIGINAL,False,False,79111140018,USD,more brands,"[{'colorName': 'Green', 'swatchImageId': 'DP0210202213025739S.tif', 'colorizedImageId': 'DP0210202213025728M.tif', 'colorSeqNum': 1, 'skuId': '79111140018', 'defaultSwatch': False, 'skuAltImages': [{'imgId': 'DP0210202213025733M.tif', 'colorSeq': 0}, {'imgId': 'DP0210202213025757M.tif', 'colorSeq': 1}, {'imgId': 'DP0210202213025753M.tif', 'colorSeq': 2}]}]",/p/sunnydaze-collection-patio-umbrella-base/ppr5008095861?pTmplType=regular&searchTerm=patio+and+outdoor+furniture&geoZip=55057,"[{'message': 'Online Only', 'icon': 'mouse'}, {'message': 'Available for Shipping', 'icon': 'check'}]",False,791,True,,,,False,False,2021-03-18T22:02:46,DP0210202213025728M.tif,DP0210202213025733M.tif,,,https://www.jcpenney.com/p/sunnydaze-collection-patio-umbrella-base/ppr5008095861?pTmplType=regular&searchTerm=patio+and+outdoor+furniture&geoZip=55057,20251225,patio and outdoor furniture
"Glitzhome 18.5"" MGO Black Textured Patio Garden Stool",ppr5008341120,,,134.99,134.99,225.0,225.0,SALE,False,False,available online only,False,False,original,False,True,"['Manufacturer Warranty: 1 Year', 'Measurements: 15.75 Width/Inches, 15.75 Depth/Inches, 18.5 Height/Inches', 'Dining Height: Standard Height', 'Maximum Weight Limit: 220 Lbs', 'Weight (lb.): 18 Lb']",0.0,0.0,SALE,False,False,62770180026,USD,glitzhome,"[{'colorName': 'Black', 'swatchImageId': 'DP0315202307161892S.tif', 'colorizedImageId': 'DP0315202307161789M.tif', 'colorSeqNum': 1, 'skuId': '62770180026', 'defaultSwatch': False, 'skuAltImages': [{'imgId': 'DP0315202307162308M.tif', 'colorSeq': 0}, {'imgId': 'DP0315202307162203M.tif', 'colorSeq': 1}, {'imgId': 'DP0315202307162099M.tif', 'colorSeq': 2}]}]",/p/glitzhome-185-mgo-black-textured-patio-garden-stool/ppr5008341120?pTmplType=regular&searchTerm=patio+and+outdoor+furniture&geoZip=55057,"[{'message': 'Online Only', 'icon': 'mouse'}, {'message': 'Available for Shipping', 'icon': 'check'}]",False,627,True,121.49,121.49,YULETIDE,False,False,2023-03-15T22:03:17,DP0315202307161789M.tif,DP0315202307162308M.tif,,,https://www.jcpenney.com/p/glitzhome-185-mgo-black-textured-patio-garden-stool/ppr5008341120?pTmplType=regular&searchTerm=patio+and+outdoor+furniture&geoZip=55057,20251225,patio and outdoor furniture
Sunnydaze Patio Collection Adirondack Chair,ppr5008094718,5.0,4.0,300.0,300.0,300.0,300.0,ORIGINAL,False,False,available online only,False,False,original,False,True,"['Included: 1 Chair(s)', 'Features: Reclining, Weather Resistant, Quick Ship', 'Joinery: Screwed', 'Manufacturer Warranty: 1 Year', 'Seating Capacity: 1']",0.0,0.0,ORIGINAL,False,False,79109900026,USD,more brands,"[{'colorName': 'Gray', 'swatchImageId': 'DP0318202107030209S.tif', 'colorizedImageId': 'DP0318202107030184M.tif', 'colorSeqNum': 1, 'skuId': '79109900026', 'defaultSwatch': False, 'skuAltImages': [{'imgId': 'DP0318202107030274M.tif', 'colorSeq': 0}, {'imgId': 'DP0318202107030298M.tif', 'colorSeq': 1}, {'imgId': 'DP0318202107030259M.tif', 'colorSeq': 2}]}]",/p/sunnydaze-patio-collection-adirondack-chair/ppr5008094718?pTmplType=regular&searchTerm=patio+and+outdoor+furniture&geoZip=55057,"[{'message': 'Online Only', 'icon': 'mouse'}, {'message': 'Available for Shipping', 'icon': 'check'}]",False,791,True,,,,False,False,2021-03-19T11:05:27,DP0318202107030184M.tif,DP0318202107030274M.tif,"[{'name': 'Few Left', 'priority': 1, 'urlParam': 'fewleft'}]",,https://www.jcpenney.com/p/sunnydaze-patio-collection-adirondack-chair/ppr5008094718?pTmplType=regular&searchTerm=patio+and+outdoor+furniture&geoZip=55057,20251225,patio and outdoor furniture
Safavieh Jovanna Bench,ppr5008350956,,,690.0,690.0,690.0,690.0,ORIGINAL,False,False,available online only,False,False,original,False,True,"['Included: 1 Bench(es)', 'Features: Outdoor', 'Joinery: Screwed', 'Seating Capacity: 2', 'Tools Required: Screws (included)']",0.0,0.0,ORIGINAL,False,False,79123510026,USD,safavieh,"[{'colorName': 'White Oak', 'swatchImageId': 'DP0426202307202212S.tif', 'colorizedImageId': 'DP0426202307201903M.tif', 'colorSeqNum': 2, 'skuId': '79123510026', 'defaultSwatch': False, 'skuAltImages': [{'imgId': 'DP0426202307202830M.tif', 'colorSeq': 0}, {'imgId': 'DP0426202307201285M.tif', 'colorSeq': 1}, {'imgId': 'DP0426202307201593M.tif', 'colorSeq': 2}]}, {'colorName': 'Whte Drk Slate Gry', 'swatchImageId': 'DP0426202307202315S.tif', 'colorizedImageId': 'DP0426202307202005M.tif', 'colorSeqNum': 3, 'skuId': '79123510034', 'defaultSwatch': False, 'skuAltImages': [{'imgId': 'DP0426202307202933M.tif', 'colorSeq': 0}, {'imgId': 'DP0426202307201388M.tif', 'colorSeq': 1}, {'imgId': 'DP0426202307203036M.tif', 'colorSeq': 2}]}]",/p/safavieh-jovanna-bench/ppr5008350956?pTmplType=regular&searchTerm=patio+and+outdoor+furniture&geoZip=55057&selectedSKUId=79123510026,"[{'message': 'Online Only', 'icon': 'mouse'}, {'message': 'Available for Shipping', 'icon': 'check'}]",False,791,True,621.0,621.0,GIFTWRAP,False,True,2023-04-26T22:04:03,DP0426202307201903M.tif,DP0426202307202830M.tif,,,https://www.jcpenney.com/p/safavieh-jovanna-bench/ppr5008350956?pTmplType=regular&searchTerm=patio+and+outdoor+furniture&geoZip=55057&selectedSKUId=79123510026,20251225,patio and outdoor furniture
"Signature Design by Ashley® Coastline Bay Outdoor Ottoman with Cushion
",ppr5008438084,,,650.0,650.0,650.0,650.0,ORIGINAL,False,False,available online only,False,False,original,False,True,"['Included: 1 Seat Cushion(s), 1 Ottoman(s)', 'Features: Uv Protection, Stain Resistant, Removable Cushions, Cushioned, 4 Legs, Weather Resistant, Rust Resistant, Fade Resistant, Backless', 'Seating Capacity: 1', 'Measurements: 19.5 Height/Inches, 28.5 Depth/Inches, 28.5 Width/Inches', 'Seat Height: 19 In']",0.0,0.0,ORIGINAL,False,False,79130290018,USD,signature design by ashley,"[{'colorName': 'Dk Brown', 'swatchImageId': 'DP0313202413025370S.tif', 'colorizedImageId': 'DP0321202407175595M.tif', 'colorSeqNum': 1, 'skuId': '79130290018', 'defaultSwatch': False, 'skuAltImages': [{'imgId': 'DP0321202407175697M.tif', 'colorSeq': 0}, {'imgId': 'DP0321202407175800M.tif', 'colorSeq': 2}, {'imgId': 'DP0313202413024954M.tif', 'colorSeq': 4}]}]",/p/signature-design-by-ashley-coastline-bay-outdoor-ottoman-with-cushion/ppr5008438084?pTmplType=regular&searchTerm=patio+and+outdoor+furniture&geoZip=55057,"[{'message': 'Online Only', 'icon': 'mouse'}, {'message': 'Available for Shipping', 'icon': 'check'}]",False,791,True,585.0,585.0,GIFTWRAP,False,False,2024-03-13T22:04:53,DP0321202407175595M.tif,DP0321202407175697M.tif,,,https://www.jcpenney.com/p/signature-design-by-ashley-coastline-bay-outdoor-ottoman-with-cushion/ppr5008438084?pTmplType=regular&searchTerm=patio+and+outdoor+furniture&geoZip=55057,20251225,patio and outdoor furniture
Sunnydaze Bench,ppr5008249453,,,600.0,600.0,600.0,600.0,ORIGINAL,False,False,available online only,False,False,original,False,True,"['Included: 1 Bench(es)', 'Features: Quick Ship', 'Manufacturer Warranty: 1 Year', 'Seating Capacity: 2', 'Tools Required: Allen Wrench (included)']",0.0,0.0,ORIGINAL,False,False,79117390018,USD,more brands,"[{'colorName': 'Brown', 'swatchImageId': 'DP0505202207023399S.tif', 'colorizedImageId': 'DP0505202207023397M.tif', 'colorSeqNum': 1, 'skuId': '79117390018', 'defaultSwatch': False, 'skuAltImages': [{'imgId': 'DP0505202207023405M.tif', 'colorSeq': 0}, {'imgId': 'DP0505202207023403M.tif', 'colorSeq': 1}, {'imgId': 'DP0505202207023402M.tif', 'colorSeq': 2}]}]",/p/sunnydaze-bench/ppr5008249453?pTmplType=regular&searchTerm=patio+and+outdoor+furniture&geoZip=55057,"[{'message': 'Online Only', 'icon': 'mouse'}, {'message': 'Available for Shipping', 'icon': 'check'}]",False,791,True,540.0,540.0,GIFTWRAP,False,False,2022-09-14T21:04:42,DP0505202207023397M.tif,DP0505202207023405M.tif,"[{'name': 'Few Left', 'priority': 1, 'urlParam': 'fewleft'}]",,https://www.jcpenney.com/p/sunnydaze-bench/ppr5008249453?pTmplType=regular&searchTerm=patio+and+outdoor+furniture&geoZip=55057,20251225,patio and outdoor furniture
Porterville Acacia Wood Patio Bench,ppr5008214546,1.0,1.0,520.0,520.0,520.0,520.0,ORIGINAL,False,False,available online only,False,False,original,False,True,"['Included: 1 Bench(es)', 'Features: Weather Resistant, Quick Ship', 'Joinery: Screwed, Glued, Nailed', 'Seating Capacity: 2', 'Tools Required: Allen Wrench (included), Screws (included)']",0.0,0.0,ORIGINAL,False,False,79114630018,USD,safavieh,"[{'colorName': 'Natural', 'swatchImageId': 'DP0204202207021015S.tif', 'colorizedImageId': 'DP0204202207021007M.tif', 'colorSeqNum': 1, 'skuId': '79114630018', 'defaultSwatch': False, 'skuAltImages': [{'imgId': 'DP0204202207021011M.tif', 'colorSeq': 0}, {'imgId': 'DP0204202207020998M.tif', 'colorSeq': 1}, {'imgId': 'DP0204202207021003M.tif', 'colorSeq': 2}]}]",/p/porterville-acacia-wood-patio-bench/ppr5008214546?pTmplType=regular&searchTerm=patio+and+outdoor+furniture&geoZip=55057,"[{'message': 'Online Only', 'icon': 'mouse'}, {'message': 'Available for Shipping', 'icon': 'check'}]",False,791,True,468.0,468.0,GIFTWRAP,False,False,2022-02-04T22:02:43,DP0204202207021007M.tif,DP0204202207021011M.tif,,,https://www.jcpenney.com/p/porterville-acacia-wood-patio-bench/ppr5008214546?pTmplType=regular&searchTerm=patio+and+outdoor+furniture&geoZip=55057,20251225,patio and outdoor furniture
Safavieh Palmdale Collection Lounge Chair,ppr5008088347,,,610.0,610.0,610.0,610.0,ORIGINAL,False,False,available online only,False,False,original,False,True,"['Included: 1 Seat Back Cushion(s), 1 Seat Cushion(s), 1 Chair(s)', 'Features: Folding, Weather Resistant, Quick Ship', 'Joinery: Glued, Screwed', 'Seating Capacity: 1', 'Tools Required: Allen Wrench (included)']",0.0,0.0,ORIGINAL,False,False,79101320042,USD,safavieh,"[{'colorName': 'Beige White', 'swatchImageId': 'DP0224202107044273S.tif', 'colorizedImageId': 'DP0224202107044258M.tif', 'colorSeqNum': 1, 'skuId': '79101320059', 'defaultSwatch': False, 'skuAltImages': [{'imgId': 'DP0224202107044331M.tif', 'colorSeq': 0}, {'imgId': 'DP0224202107044317M.tif', 'colorSeq': 1}, {'imgId': 'DP0224202107044302M.tif', 'colorSeq': 2}]}, {'colorName': 'Natural Navy', 'swatchImageId': 'DP0224202107044284S.tif', 'colorizedImageId': 'DP0224202107044269M.tif', 'colorSeqNum': 2, 'skuId': '79101320026', 'defaultSwatch': False, 'skuAltImages': [{'imgId': 'DP0224202107044343M.tif', 'colorSeq': 0}, {'imgId': 'DP0224202107044328M.tif', 'colorSeq': 1}, {'imgId': 'DP0224202107044313M.tif', 'colorSeq': 2}]}, {'colorName': 'Natural Beige', 'swatchImageId': 'DP0224202107044280S.tif', 'colorizedImageId': 'DP0224202107044266M.tif', 'colorSeqNum': 3, 'skuId': '79101320034', 'defaultSwatch': False, 'skuAltImages': [{'imgId': 'DP0224202107044339M.tif', 'colorSeq': 0}, {'imgId': 'DP0224202107044324M.tif', 'colorSeq': 1}, {'imgId': 'DP0224202107044309M.tif', 'colorSeq': 2}]}, {'colorName': 'Grey Beige', 'swatchImageId': 'DP0224202107044276S.tif', 'colorizedImageId': 'DP0224202107044262M.tif', 'colorSeqNum': 4, 'skuId': '79101320042', 'defaultSwatch': False, 'skuAltImages': [{'imgId': 'DP0224202107044335M.tif', 'colorSeq': 0}, {'imgId': 'DP0224202107044320M.tif', 'colorSeq': 1}, {'imgId': 'DP0224202107044306M.tif', 'colorSeq': 2}]}, {'colorName': 'Grey Navy', 'swatchImageId': 'DP0903202407111643S.tif', 'colorizedImageId': 'DP0903202407110829M.tif', 'colorSeqNum': 5, 'skuId': '79101320075', 'defaultSwatch': False, 'skuAltImages': [{'imgId': 'DP0903202407111032M.tif', 'colorSeq': 0}, {'imgId': 'DP0903202407111236M.tif', 'colorSeq': 1}, {'imgId': 'DP0903202407110423M.tif', 'colorSeq': 2}]}, {'colorName': 'Gray Beige Navy', 'swatchImageId': 'DP0903202407111542S.tif', 'colorizedImageId': 'DP0903202407110727M.tif', 'colorSeqNum': 6, 'skuId': '79101320083', 'defaultSwatch': False, 'skuAltImages': [{'imgId': 'DP0903202407110931M.tif', 'colorSeq': 0}, {'imgId': 'DP0903202407111134M.tif', 'colorSeq': 1}, {'imgId': 'DP0903202407110321M.tif', 'colorSeq': 2}]}]",/p/safavieh-palmdale-collection-lounge-chair/ppr5008088347?pTmplType=regular&searchTerm=patio+and+outdoor+furniture&geoZip=55057,"[{'message': 'Online Only', 'icon': 'mouse'}, {'message': 'Available for Shipping', 'icon': 'check'}]",False,791,True,549.0,549.0,GIFTWRAP,False,False,2021-02-24T22:04:45,DP0224202107044258M.tif,DP0224202107044331M.tif,,,https://www.jcpenney.com/p/safavieh-palmdale-collection-lounge-chair/ppr5008088347?pTmplType=regular&searchTerm=patio+and+outdoor+furniture&geoZip=55057,20251225,patio and outdoor furniture
Safavieh Newport 3-pc. Lounge Chair,ppr5008357166,,,800.0,800.0,800.0,800.0,ORIGINAL,False,False,available online only,False,False,original,False,True,"['# Pieces In Set: 3', 'Included: 1 Seat Cushion(s), 1 Chair(s), 1 Seat Back Cushion(s)', 'Features: Cushioned, Wheeled', 'Joinery: Screwed', 'Seating Capacity: 1']",0.0,0.0,ORIGINAL,False,False,79123940018,USD,safavieh,"[{'colorName': 'Natural Beige', 'swatchImageId': 'DP0508202309203192S.tif', 'colorizedImageId': 'DP0508202309202470M.tif', 'colorSeqNum': 1, 'skuId': '79123940018', 'defaultSwatch': False, 'skuAltImages': [{'imgId': 'DP0508202309203707M.tif', 'colorSeq': 0}, {'imgId': 'DP0508202309202779M.tif', 'colorSeq': 1}, {'imgId': 'DP0508202309202985M.tif', 'colorSeq': 2}]}, {'colorName': 'Natural Navy', 'swatchImageId': 'DP0508202309203295S.tif', 'colorizedImageId': 'DP0508202309202573M.tif', 'colorSeqNum': 2, 'skuId': '79123940026', 'defaultSwatch': False, 'skuAltImages': [{'imgId': 'DP0508202309202676M.tif', 'colorSeq': 0}, {'imgId': 'DP0508202309202882M.tif', 'colorSeq': 1}, {'imgId': 'DP0508202309203604M.tif', 'colorSeq': 2}]}]",/p/safavieh-newport-3-pc-lounge-chair/ppr5008357166?pTmplType=regular&searchTerm=patio+and+outdoor+furniture&geoZip=55057,"[{'message': 'Online Only', 'icon': 'mouse'}, {'message': 'Available for Shipping', 'icon': 'check'}]",False,791,True,600.0,600.0,RECLINER,False,False,2023-05-09T00:11:30,DP0508202309202470M.tif,DP0508202309203707M.tif,,,https://www.jcpenney.com/p/safavieh-newport-3-pc-lounge-chair/ppr5008357166?pTmplType=regular&searchTerm=patio+and+outdoor+furniture&geoZip=55057,20251225,patio and outdoor furniture
Perla Adjustable Lounge Chair,ppr5008376385,,,1530.0,1530.0,1530.0,1530.0,ORIGINAL,False,False,available online only,False,False,original,False,True,"['Included: 1 Chair(s)', 'Features: Water Resistant, Adjustable, Easy Clean, 4 Legs', 'Manufacturer Warranty: 90 Days Limited', 'Seating Capacity: 2', 'Tools Required: Screws (included), Allen Wrench (included)']",0.0,0.0,ORIGINAL,False,False,79127550018,USD,more brands,"[{'colorName': 'Blue', 'swatchImageId': 'DP0706202307282686S.tif', 'colorizedImageId': 'DP0706202307282582M.tif', 'colorSeqNum': 1, 'skuId': '79127550018', 'defaultSwatch': False, 'skuAltImages': [{'imgId': 'DP0706202307282892M.tif', 'colorSeq': 0}, {'imgId': 'DP0706202307282995M.tif', 'colorSeq': 1}, {'imgId': 'DP0706202307283100M.tif', 'colorSeq': 2}]}]",/p/perla-adjustable-lounge-chair/ppr5008376385?pTmplType=regular&searchTerm=patio+and+outdoor+furniture&geoZip=55057,"[{'message': 'Online Only', 'icon': 'mouse'}, {'message': 'Available for Shipping', 'icon': 'check'}]",False,791,True,1147.5,1147.5,RECLINER,False,False,2023-07-10T07:08:27,DP0706202307282582M.tif,DP0706202307282892M.tif,,,https://www.jcpenney.com/p/perla-adjustable-lounge-chair/ppr5008376385?pTmplType=regular&searchTerm=patio+and+outdoor+furniture&geoZip=55057,20251225,patio and outdoor furniture
Solano Club Chair,ppr5008330501,,,540.0,540.0,540.0,540.0,ORIGINAL,False,False,available online only,False,False,original,False,True,"['Included: 1 Chair(s)', 'Features: Water Resistant, Quick Ship', 'Manufacturer Warranty: 90 Days Limited', 'Seating Capacity: 1', 'Tools Required: Allen Wrench (included), Screws (included)']",0.0,0.0,ORIGINAL,False,False,79121670018,USD,more brands,"[{'colorName': 'White  Teak', 'swatchImageId': 'DP0215202309145121S.tif', 'colorizedImageId': 'DP0215202309145018M.tif', 'colorSeqNum': 1, 'skuId': '79121670018', 'defaultSwatch': False, 'skuAltImages': [{'imgId': 'DP0215202309145326M.tif', 'colorSeq': 0}, {'imgId': 'DP0215202309145429M.tif', 'colorSeq': 1}, {'imgId': 'DP0215202309145533M.tif', 'colorSeq': 2}]}]",/p/solano-club-chair/ppr5008330501?pTmplType=regular&searchTerm=patio+and+outdoor+furniture&geoZip=55057,"[{'message': 'Online Only', 'icon': 'mouse'}, {'message': 'Available for Shipping', 'icon': 'check'}]",False,791,True,486.0,486.0,GIFTWRAP,False,False,2023-02-15T22:06:01,DP0215202309145018M.tif,DP0215202309145326M.tif,,,https://www.jcpenney.com/p/solano-club-chair/ppr5008330501?pTmplType=regular&searchTerm=patio+and+outdoor+furniture&geoZip=55057,20251225,patio and outdoor furniture
Salton Adjustable 2-pc. Lounge Chair,ppr5008328392,,,1150.0,1150.0,1150.0,1150.0,ORIGINAL,False,False,available online only,False,False,original,False,True,"['# Pieces In Set: 2', 'Included: 2 Chair(s)', 'Features: Quick Ship, 4 Legs, Adjustable', 'Manufacturer Warranty: 90 Days', 'Seating Capacity: 2']",0.0,0.0,ORIGINAL,False,False,79121340018,USD,more brands,"[{'colorName': 'Dark Gray', 'swatchImageId': 'DP0206202307273453S.tif', 'colorizedImageId': 'DP0206202307273350M.tif', 'colorSeqNum': 1, 'skuId': '79121340018', 'defaultSwatch': False, 'skuAltImages': [{'imgId': 'DP0204202307042241M.tif', 'colorSeq': 0}, {'imgId': 'DP0204202307041932M.tif', 'colorSeq': 1}, {'imgId': 'DP0204202307042343M.tif', 'colorSeq': 2}]}]",/p/salton-adjustable-2-pc-lounge-chair/ppr5008328392?pTmplType=regular&searchTerm=patio+and+outdoor+furniture&geoZip=55057,"[{'message': 'Online Only', 'icon': 'mouse'}, {'message': 'Available for Shipping', 'icon': 'check'}]",False,791,True,862.5,862.5,RECLINER,False,False,2023-02-06T07:06:07,DP0206202307273350M.tif,DP0204202307042241M.tif,,,https://www.jcpenney.com/p/salton-adjustable-2-pc-lounge-chair/ppr5008328392?pTmplType=regular&searchTerm=patio+and+outdoor+furniture&geoZip=55057,20251225,patio and outdoor furniture
Salem Adjustable 4-pc. Lounge Chair,ppr5008328380,,,2505.0,2505.0,2505.0,2505.0,ORIGINAL,False,False,available online only,False,False,original,False,True,"['# Pieces In Set: 4', 'Included: 4 Chair(s)', 'Features: 4 Legs, Quick Ship, Adjustable', 'Manufacturer Warranty: 90 Days', 'Seating Capacity: 4']",0.0,0.0,ORIGINAL,False,False,79121250018,USD,more brands,"[{'colorName': 'Gray', 'swatchImageId': 'DP0204202307024457S.tif', 'colorizedImageId': 'DP0204202307024353M.tif', 'colorSeqNum': 1, 'skuId': '79121250018', 'defaultSwatch': False, 'skuAltImages': [{'imgId': 'DP0204202307024766M.tif', 'colorSeq': 0}, {'imgId': 'DP0204202307024869M.tif', 'colorSeq': 1}, {'imgId': 'DP0204202307024972M.tif', 'colorSeq': 2}]}]",/p/salem-adjustable-4-pc-lounge-chair/ppr5008328380?pTmplType=regular&searchTerm=patio+and+outdoor+furniture&geoZip=55057,"[{'message': 'Online Only', 'icon': 'mouse'}, {'message': 'Available for Shipping', 'icon': 'check'}]",False,791,True,1878.75,1878.75,RECLINER,False,False,2023-02-06T07:06:07,DP0204202307024353M.tif,DP0204202307024766M.tif,,,https://www.jcpenney.com/p/salem-adjustable-4-pc-lounge-chair/ppr5008328380?pTmplType=regular&searchTerm=patio+and+outdoor+furniture&geoZip=55057,20251225,patio and outdoor furniture
4 Pack Armchair,ppr5008255066,5.0,1.0,1280.0,1280.0,1280.0,1280.0,ORIGINAL,False,False,available online only,False,False,original,False,True,"['# Pieces In Set: 4-Pack', 'Features: Portable', 'Manufacturer Warranty: 1 Year', 'Seating Capacity: 4', 'Measurements: 26 Depth/Inches, 36.5 Height/Inches, 21 Width/Inches']",0.0,0.0,ORIGINAL,False,False,79119430018,USD,more brands,"[{'colorName': 'Brown', 'swatchImageId': 'DP1031202507203298S.tif', 'colorizedImageId': 'DP1016202511151145M.tif', 'colorSeqNum': 1, 'skuId': '79119430018', 'defaultSwatch': False, 'skuAltImages': [{'imgId': 'DP1016202511151457M.tif', 'colorSeq': 0}, {'imgId': 'DP1016202511151353M.tif', 'colorSeq': 1}, {'imgId': 'DP1016202511151042M.tif', 'colorSeq': 2}]}]",/p/4-pack-armchair/ppr5008255066?pTmplType=regular&searchTerm=patio+and+outdoor+furniture&geoZip=55057,"[{'message': 'Online Only', 'icon': 'mouse'}, {'message': 'Available for Shipping', 'icon': 'check'}]",False,791,True,960.0,960.0,RECLINER,False,False,2022-06-09T22:06:47,DP1016202511151145M.tif,DP1016202511151457M.tif,,,https://www.jcpenney.com/p/4-pack-armchair/ppr5008255066?pTmplType=regular&searchTerm=patio+and+outdoor+furniture&geoZip=55057,20251225,patio and outdoor furniture
Safavieh Kaelan 2-pc.,ppr5008236694,,,760.0,760.0,760.0,760.0,ORIGINAL,False,False,available online only,False,False,original,False,True,"['# Pieces In Set: 2', 'Included: 2 Chair(s)', 'Features: Quick Ship, Water Resistant', 'Joinery: Screwed, Welded Joint', 'Seating Capacity: 2']",0.0,0.0,ORIGINAL,False,False,79116180018,USD,safavieh,"[{'colorName': 'Black Brown', 'swatchImageId': 'DP0413202209024220S.tif', 'colorizedImageId': 'DP0413202209024219M.tif', 'colorSeqNum': 1, 'skuId': '79116180018', 'defaultSwatch': False, 'skuAltImages': [{'imgId': 'DP0413202209024230M.tif', 'colorSeq': 0}, {'imgId': 'DP0413202209024224M.tif', 'colorSeq': 1}, {'imgId': 'DP0413202209024227M.tif', 'colorSeq': 2}]}]",/p/safavieh-kaelan-2-pc/ppr5008236694?pTmplType=regular&searchTerm=patio+and+outdoor+furniture&geoZip=55057,"[{'message': 'Online Only', 'icon': 'mouse'}, {'message': 'Available for Shipping', 'icon': 'check'}]",False,791,True,570.0,570.0,RECLINER,False,False,2023-01-24T13:05:40,DP0413202209024219M.tif,DP0413202209024230M.tif,,,https://www.jcpenney.com/p/safavieh-kaelan-2-pc/ppr5008236694?pTmplType=regular&searchTerm=patio+and+outdoor+furniture&geoZip=55057,20251225,patio and outdoor furniture
Sunnydaze® Oliver 48-Inch Hanging Egg Chair,ppr5008102455,1.0,1.0,1000.0,1000.0,1000.0,1000.0,ORIGINAL,False,False,available online only,False,False,original,False,True,"['Included: 1 Chair(s), 1 Seat Back Cushion(s), 1 Seat Cushion(s)', 'Features: Quick Ship, Weather Resistant, Water Resistant', 'Joinery: Welded Joint', 'Manufacturer Warranty: 1 Year', 'Seating Capacity: 1']",0.0,0.0,ORIGINAL,False,False,79111940018,USD,more brands,"[{'colorName': 'Black', 'swatchImageId': 'DP0406202107021251S.tif', 'colorizedImageId': 'DP0406202107021245M.tif', 'colorSeqNum': 1, 'skuId': '79111940018', 'defaultSwatch': False, 'skuAltImages': [{'imgId': 'DP0406202107021302M.tif', 'colorSeq': 0}, {'imgId': 'DP0406202107021296M.tif', 'colorSeq': 1}, {'imgId': 'DP0406202107021290M.tif', 'colorSeq': 2}]}]",/p/sunnydaze-oliver-48-inch-hanging-egg-chair/ppr5008102455?pTmplType=regular&searchTerm=patio+and+outdoor+furniture&geoZip=55057,"[{'message': 'Online Only', 'icon': 'mouse'}, {'message': 'Available for Shipping', 'icon': 'check'}]",False,791,True,,,,False,False,2021-04-13T21:02:35,DP0406202107021245M.tif,DP0406202107021302M.tif,,,https://www.jcpenney.com/p/sunnydaze-oliver-48-inch-hanging-egg-chair/ppr5008102455?pTmplType=regular&searchTerm=patio+and+outdoor+furniture&geoZip=55057,20251225,patio and outdoor furniture
Sedona Loveseat,ppr5008431397,,,1235.0,1235.0,1235.0,1235.0,ORIGINAL,False,False,available online only,False,False,original,False,True,"['Included: 1 Loveseat(s), 2 Seat Back Cushion(s), 1 Seat Cushion(s)', 'Features: Removable Cushions, Quick Ship, Water Resistant', 'Manufacturer Warranty: 90 Days Limited', 'Seating Capacity: 2', 'Tools Required: Allen Wrench (included), Screws (included)']",0.0,0.0,ORIGINAL,False,False,79129750018,USD,more brands,"[{'colorName': 'White', 'swatchImageId': 'DP0212202407425893S.tif', 'colorizedImageId': 'DP0221202407150634M.tif', 'colorSeqNum': 1, 'skuId': '79129750018', 'defaultSwatch': False, 'skuAltImages': [{'imgId': 'DP0221202407150738M.tif', 'colorSeq': 0}, {'imgId': 'DP0221202407150428M.tif', 'colorSeq': 2}, {'imgId': 'DP0212202407425791M.tif', 'colorSeq': 4}]}]",/p/sedona-loveseat/ppr5008431397?pTmplType=regular&searchTerm=patio+and+outdoor+furniture&geoZip=55057,"[{'message': 'Online Only', 'icon': 'mouse'}, {'message': 'Available for Shipping', 'icon': 'check'}]",False,791,True,926.25,926.25,RECLINER,False,False,2024-02-12T22:05:43,DP0221202407150634M.tif,DP0221202407150738M.tif,,,https://www.jcpenney.com/p/sedona-loveseat/ppr5008431397?pTmplType=regular&searchTerm=patio+and+outdoor+furniture&geoZip=55057,20251225,patio and outdoor furniture
Linum Home Textiles Chaise Lounge Cover Chair Protector,ppr5008609722,,,95.99,95.99,138.0,138.0,SALE,False,False,available online only,False,False,original,False,True,"['Features: Washable', 'Measurements: 102 Length/Inches, 32 Width/Inches', 'Base Material: 100% Cotton', 'Fiber Content: 100% Cotton', 'Care: Do Not Bleach, Tumble Dry, Machine Wash']",0.0,0.0,SALE,False,False,70908620026,USD,more brands,"[{'colorName': 'Aqua', 'swatchImageId': 'DP0924202509040662S.tif', 'colorizedImageId': 'DP0924202509040248M.tif', 'colorSeqNum': 2, 'skuId': '70908620026', 'defaultSwatch': False, 'skuAltImages': [{'imgId': 'DP0924202509035935M.tif', 'colorSeq': 0}, {'imgId': 'DP0924202509035621M.tif', 'colorSeq': 1}]}, {'colorName': 'White', 'swatchImageId': 'DP0924202509040870S.tif', 'colorizedImageId': 'DP0924202509040454M.tif', 'colorSeqNum': 3, 'skuId': '70908620034', 'defaultSwatch': False, 'skuAltImages': [{'imgId': 'DP0924202509040144M.tif', 'colorSeq': 0}, {'imgId': 'DP0924202509035830M.tif', 'colorSeq': 1}]}]",/p/linum-home-textiles-chaise-lounge-cover-chair-protector/ppr5008609722?pTmplType=regular&searchTerm=patio+and+outdoor+furniture&geoZip=55057&selectedSKUId=70908620026,"[{'message': 'Online Only', 'icon': 'mouse'}, {'message': 'Available for Shipping', 'icon': 'check'}]",False,709,True,67.19,67.19,YULETIDE,False,True,2025-09-24T22:03:13,DP0924202509040248M.tif,DP0924202509035935M.tif,,,https://www.jcpenney.com/p/linum-home-textiles-chaise-lounge-cover-chair-protector/ppr5008609722?pTmplType=regular&searchTerm=patio+and+outdoor+furniture&geoZip=55057&selectedSKUId=70908620026,20251225,patio and outdoor furniture
Safavieh Dryad Dining Chair,ppr5008445661,,,500.0,500.0,500.0,500.0,ORIGINAL,False,False,available online only,False,False,original,False,True,"['Included: 1 Chair(s), 1 Seat Back Cushion(s), 1 Seat Cushion(s)', 'Features: Quick Ship, Cushioned', 'Joinery: Screwed', 'Seating Capacity: 1', 'Tools Required: Screws (included), Allen Wrench (included)']",0.0,0.0,ORIGINAL,False,False,79130730018,USD,safavieh,"[{'colorName': 'Natural Light Gray', 'swatchImageId': 'DP0423202409115844S.tif', 'colorizedImageId': 'DP0423202409115437M.tif', 'colorSeqNum': 1, 'skuId': '79130730018', 'defaultSwatch': False, 'skuAltImages': [{'imgId': 'DP0423202409115538M.tif', 'colorSeq': 0}, {'imgId': 'DP0423202409115640M.tif', 'colorSeq': 1}, {'imgId': 'DP0423202409115946M.tif', 'colorSeq': 2}]}]",/p/safavieh-dryad-dining-chair/ppr5008445661?pTmplType=regular&searchTerm=patio+and+outdoor+furniture&geoZip=55057,"[{'message': 'Online Only', 'icon': 'mouse'}, {'message': 'Available for Shipping', 'icon': 'check'}]",False,791,True,450.0,450.0,GIFTWRAP,False,False,2024-04-23T22:03:49,DP0423202409115437M.tif,DP0423202409115538M.tif,,,https://www.jcpenney.com/p/safavieh-dryad-dining-chair/ppr5008445661?pTmplType=regular&searchTerm=patio+and+outdoor+furniture&geoZip=55057,20251225,patio and outdoor furniture
4-pc. Dining Chair,ppr5008336763,,,585.0,585.0,585.0,585.0,ORIGINAL,False,False,available online only,False,False,original,False,True,"['# Pieces In Set: 4', 'Included: 2 Chair(s), 2 Seat Cushion(s)', 'Features: 4 Legs, Water Resistant, Uv Protection, Quick Ship', 'Seating Capacity: 2', 'Tools Required: Screws (included), Allen Wrench (included)']",0.0,0.0,ORIGINAL,False,False,79122610018,USD,more brands,"[{'colorName': 'Gray', 'swatchImageId': 'DP0314202309314330S.tif', 'colorizedImageId': 'DP0314202309313900M.tif', 'colorSeqNum': 1, 'skuId': '79122610018', 'defaultSwatch': False, 'skuAltImages': [{'imgId': 'DP0314202309314005M.tif', 'colorSeq': 0}, {'imgId': 'DP0314202309314109M.tif', 'colorSeq': 1}, {'imgId': 'DP0314202309313691M.tif', 'colorSeq': 2}]}]",/p/4-pc-dining-chair/ppr5008336763?pTmplType=regular&searchTerm=patio+and+outdoor+furniture&geoZip=55057,"[{'message': 'Online Only', 'icon': 'mouse'}, {'message': 'Available for Shipping', 'icon': 'check'}]",False,791,True,526.5,526.5,GIFTWRAP,False,False,2023-03-14T22:10:11,DP0314202309313900M.tif,DP0314202309314005M.tif,,,https://www.jcpenney.com/p/4-pc-dining-chair/ppr5008336763?pTmplType=regular&searchTerm=patio+and+outdoor+furniture&geoZip=55057,20251225,patio and outdoor furniture
2-pc. Dining Chair,ppr5008336755,,,855.0,855.0,855.0,855.0,ORIGINAL,False,False,available online only,False,False,original,False,True,"['# Pieces In Set: 2', 'Included: 2 Seat Cushion(s), 2 Chair(s)', 'Features: Quick Ship, 4 Legs, Water Resistant', 'Seating Capacity: 2', 'Tools Required: Screws (included), Allen Wrench (included)']",0.0,0.0,ORIGINAL,False,False,79122530018,USD,more brands,"[{'colorName': 'Brown', 'swatchImageId': 'DP0314202309302005S.tif', 'colorizedImageId': 'DP0314202309301900M.tif', 'colorSeqNum': 1, 'skuId': '79122530018', 'defaultSwatch': False, 'skuAltImages': [{'imgId': 'DP0314202309302211M.tif', 'colorSeq': 0}, {'imgId': 'DP0314202309302108M.tif', 'colorSeq': 1}, {'imgId': 'DP0314202309301796M.tif', 'colorSeq': 2}]}]",/p/2-pc-dining-chair/ppr5008336755?pTmplType=regular&searchTerm=patio+and+outdoor+furniture&geoZip=55057,"[{'message': 'Online Only', 'icon': 'mouse'}, {'message': 'Available for Shipping', 'icon': 'check'}]",False,791,True,641.25,641.25,RECLINER,False,False,2023-03-14T22:10:09,DP0314202309301900M.tif,DP0314202309302211M.tif,,,https://www.jcpenney.com/p/2-pc-dining-chair/ppr5008336755?pTmplType=regular&searchTerm=patio+and+outdoor+furniture&geoZip=55057,20251225,patio and outdoor furniture
2 Pair Dining Chair,ppr5008240317,5.0,1.0,1200.0,1200.0,1200.0,1200.0,ORIGINAL,False,False,available online only,False,False,original,False,True,"['# Pieces In Set: 2 Pair', 'Features: Quick Ship', 'Manufacturer Warranty: 1 Year', 'Seating Capacity: 1', 'Measurements: 34 Height/Inches, 19.75 Depth/Inches, 15.75 Width/Inches']",0.0,0.0,ORIGINAL,False,False,79116850018,USD,more brands,"[{'colorName': 'Brown', 'swatchImageId': 'DP1031202507202674S.tif', 'colorizedImageId': 'DP1016202511142485M.tif', 'colorSeqNum': 1, 'skuId': '79116850018', 'defaultSwatch': False, 'skuAltImages': [{'imgId': 'DP1016202511142588M.tif', 'colorSeq': 0}, {'imgId': 'DP0420202213010643M.tif', 'colorSeq': 1}, {'imgId': 'DP1016202511143002M.tif', 'colorSeq': 2}]}]",/p/2-pair-dining-chair/ppr5008240317?pTmplType=regular&searchTerm=patio+and+outdoor+furniture&geoZip=55057,"[{'message': 'Online Only', 'icon': 'mouse'}, {'message': 'Available for Shipping', 'icon': 'check'}]",False,791,True,900.0,900.0,RECLINER,False,False,2022-07-20T13:03:47,DP1016202511142485M.tif,DP1016202511142588M.tif,,,https://www.jcpenney.com/p/2-pair-dining-chair/ppr5008240317?pTmplType=regular&searchTerm=patio+and+outdoor+furniture&geoZip=55057,20251225,patio and outdoor furniture
Patio Umbrella,ppr5008255097,4.75,8.0,430.0,430.0,430.0,430.0,ORIGINAL,False,False,available online only,False,False,original,False,True,"['Features: Solar Powered, Quick Ship', 'Manufacturer Warranty: 1 Year', 'Shape: Octagon', 'Measurements: 96 Height/Inches, 108 Width/Inches, 108 Depth/Inches', 'Diameter: 9 Ft']",0.0,0.0,ORIGINAL,False,False,79119830018,USD,more brands,"[{'colorName': 'Grey', 'swatchImageId': 'DP1028202507134983S.tif', 'colorizedImageId': 'DP1028202507134773M.tif', 'colorSeqNum': 1, 'skuId': '79119830018', 'defaultSwatch': False, 'skuAltImages': [{'imgId': 'DP1028202507135295M.tif', 'colorSeq': 0}, {'imgId': 'DP1028202507135190M.tif', 'colorSeq': 1}, {'imgId': 'DP1028202507134670M.tif', 'colorSeq': 2}]}]",/p/patio-umbrella/ppr5008255097?pTmplType=regular&searchTerm=patio+and+outdoor+furniture&geoZip=55057,"[{'message': 'Online Only', 'icon': 'mouse'}, {'message': 'Available for Shipping', 'icon': 'check'}]",False,791,True,387.0,387.0,GIFTWRAP,False,False,2022-07-07T13:05:55,DP1028202507134773M.tif,DP1028202507135295M.tif,,,https://www.jcpenney.com/p/patio-umbrella/ppr5008255097?pTmplType=regular&searchTerm=patio+and+outdoor+furniture&geoZip=55057,20251225,patio and outdoor furniture
Mozaic Company Sunbrella Spectrum Indigo Seat Cushion Bristol (Set of 2),ppr5008321165,,,93.99,108.99,158.0,183.0,SALE,False,False,available online only,False,False,original,False,True,"['# Pieces In Set: 2', 'Features: Stain Resistant, Water Resistant, Weather Resistant', 'Finishing Feature: Knife-Edge', 'Use: Outdoor', 'Seat Cushion Measurements: 19 Depth/Inches, 2.5 Height/Inches, 19 Width/Inches']",0.0,0.0,SALE,False,False,62731010018,USD,more brands,"[{'colorName': 'Spectrum Digo', 'swatchImageId': 'DP0609202307143737S.tif', 'colorizedImageId': 'DP0609202307143633M.tif', 'colorSeqNum': 1, 'skuId': '62731010018', 'defaultSwatch': False, 'skuAltImages': [{'imgId': 'DP0110202307271878M.tif', 'colorSeq': 0}, {'imgId': 'DP0110202307271776M.tif', 'colorSeq': 1}, {'imgId': 'DP0110202307271673M.tif', 'colorSeq': 2}]}]",/p/mozaic-company-sunbrella-spectrum-indigo-seat-cushion-bristol-set-of-2/ppr5008321165?pTmplType=regular&searchTerm=patio+and+outdoor+furniture&geoZip=55057,"[{'message': 'Online Only', 'icon': 'mouse'}, {'message': 'Available for Shipping', 'icon': 'check'}]",False,627,True,98.09,84.59,YULETIDE,False,False,2023-01-27T15:03:58,DP0609202307143633M.tif,DP0110202307271878M.tif,,,https://www.jcpenney.com/p/mozaic-company-sunbrella-spectrum-indigo-seat-cushion-bristol-set-of-2/ppr5008321165?pTmplType=regular&searchTerm=patio+and+outdoor+furniture&geoZip=55057,20251225,patio and outdoor furniture
Safavieh Zimmerman Collection Patio Umbrella,ppr5008094045,,,460.0,460.0,460.0,460.0,ORIGINAL,False,False,available online only,False,False,original,False,True,"['Features: Collapsible', 'Shape: Octagon', 'Measurements: 130 Depth/Inches', 'Diameter: 11 Ft', 'Weight (lb.): 16 Lb']",0.0,0.0,ORIGINAL,False,False,79109250109,USD,safavieh,"[{'colorName': 'Navy White', 'swatchImageId': 'DP0310202109015112S.tif', 'colorizedImageId': 'DP0310202109015101M.tif', 'colorSeqNum': 1, 'skuId': '79109250018', 'defaultSwatch': False, 'skuAltImages': [{'imgId': 'DP0310202109015134M.tif', 'colorSeq': 0}, {'imgId': 'DP0310202109015158M.tif', 'colorSeq': 1}, {'imgId': 'DP0310202109015146M.tif', 'colorSeq': 2}]}, {'colorName': 'Beige White', 'swatchImageId': 'DP0310202109015108S.tif', 'colorizedImageId': 'DP0310202109015097M.tif', 'colorSeqNum': 2, 'skuId': '79109250026', 'defaultSwatch': False, 'skuAltImages': [{'imgId': 'DP0310202109015130M.tif', 'colorSeq': 0}, {'imgId': 'DP0310202109015154M.tif', 'colorSeq': 1}, {'imgId': 'DP0310202109015142M.tif', 'colorSeq': 2}]}, {'colorName': 'White', 'swatchImageId': 'DP0310202109015115S.tif', 'colorizedImageId': 'DP0310202109015104M.tif', 'colorSeqNum': 3, 'skuId': '79109250034', 'defaultSwatch': False, 'skuAltImages': [{'imgId': 'DP0310202109015138M.tif', 'colorSeq': 0}, {'imgId': 'DP0310202109015161M.tif', 'colorSeq': 1}, {'imgId': 'DP0310202109015150M.tif', 'colorSeq': 2}]}, {'colorName': 'Dark Green', 'swatchImageId': 'DP0903202407242200S.tif', 'colorizedImageId': 'DP0903202407240775M.tif', 'colorSeqNum': 4, 'skuId': '79109250042', 'defaultSwatch': False, 'skuAltImages': [{'imgId': 'DP0903202407241487M.tif', 'colorSeq': 0}, {'imgId': 'DP0903202407240064M.tif', 'colorSeq': 1}, {'imgId': 'DP0903202407235351M.tif', 'colorSeq': 2}]}, {'colorName': 'Baby Blue White', 'swatchImageId': 'DP0903202407241996S.tif', 'colorizedImageId': 'DP0903202407240572M.tif', 'colorSeqNum': 5, 'skuId': '79109250059', 'defaultSwatch': False, 'skuAltImages': [{'imgId': 'DP0903202407241284M.tif', 'colorSeq': 0}, {'imgId': 'DP0903202407235860M.tif', 'colorSeq': 1}, {'imgId': 'DP0903202407235147M.tif', 'colorSeq': 2}]}, {'colorName': 'Grey', 'swatchImageId': 'DP0903202407242302S.tif', 'colorizedImageId': 'DP0903202407240876M.tif', 'colorSeqNum': 6, 'skuId': '79109250067', 'defaultSwatch': False, 'skuAltImages': [{'imgId': 'DP0903202407241588M.tif', 'colorSeq': 0}, {'imgId': 'DP0903202407240165M.tif', 'colorSeq': 1}, {'imgId': 'DP0903202407235452M.tif', 'colorSeq': 2}]}, {'colorName': 'Yellow', 'swatchImageId': 'DP0903202407242608S.tif', 'colorizedImageId': 'DP0903202407241182M.tif', 'colorSeqNum': 7, 'skuId': '79109250075', 'defaultSwatch': False, 'skuAltImages': [{'imgId': 'DP0903202407241894M.tif', 'colorSeq': 0}, {'imgId': 'DP0903202407240470M.tif', 'colorSeq': 1}, {'imgId': 'DP0903202407235758M.tif', 'colorSeq': 2}]}, {'colorName': 'Orange', 'swatchImageId': 'DP0903202407242404S.tif', 'colorizedImageId': 'DP0903202407240979M.tif', 'colorSeqNum': 8, 'skuId': '79109250083', 'defaultSwatch': False, 'skuAltImages': [{'imgId': 'DP0903202407241690M.tif', 'colorSeq': 0}, {'imgId': 'DP0903202407240267M.tif', 'colorSeq': 1}, {'imgId': 'DP0903202407235554M.tif', 'colorSeq': 2}]}, {'colorName': 'Black', 'swatchImageId': 'DP0903202407242097S.tif', 'colorizedImageId': 'DP0903202407240673M.tif', 'colorSeqNum': 9, 'skuId': '79109250091', 'defaultSwatch': False, 'skuAltImages': [{'imgId': 'DP0903202407241385M.tif', 'colorSeq': 0}, {'imgId': 'DP0903202407235962M.tif', 'colorSeq': 1}, {'imgId': 'DP0903202407235249M.tif', 'colorSeq': 2}]}, {'colorName': 'Red', 'swatchImageId': 'DP0903202407242505S.tif', 'colorizedImageId': 'DP0903202407241081M.tif', 'colorSeqNum': 10, 'skuId': '79109250109', 'defaultSwatch': False, 'skuAltImages': [{'imgId': 'DP0903202407241792M.tif', 'colorSeq': 0}, {'imgId': 'DP0903202407240369M.tif', 'colorSeq': 1}, {'imgId': 'DP0903202407235655M.tif', 'colorSeq': 2}]}]",/p/safavieh-zimmerman-collection-patio-umbrella/ppr5008094045?pTmplType=regular&searchTerm=patio+and+outdoor+furniture&geoZip=55057,"[{'message': 'Online Only', 'icon': 'mouse'}, {'message': 'Available for Shipping', 'icon': 'check'}]",False,791,True,414.0,414.0,GIFTWRAP,False,False,2021-03-10T22:04:14,DP0310202109015101M.tif,DP0310202109015134M.tif,,,https://www.jcpenney.com/p/safavieh-zimmerman-collection-patio-umbrella/ppr5008094045?pTmplType=regular&searchTerm=patio+and+outdoor+furniture&geoZip=55057,20251225,patio and outdoor furniture
Safavieh Athens Patio Collection Patio Umbrella,ppr5008094064,,,530.0,530.0,530.0,530.0,ORIGINAL,False,False,available online only,False,False,original,False,True,"['Features: Weather Resistant, Uv Protection, Collapsible', 'Shape: Rectangle', 'Measurements: 106.31 Height/Inches, 78.74 Depth/Inches, 118.11 Width/Inches', 'Weight (lb.): 21 Lb', 'Assembly: Assembly Required']",0.0,0.0,ORIGINAL,False,False,79109440042,USD,safavieh,"[{'colorName': 'Navy White', 'swatchImageId': 'DP0310202109020115S.tif', 'colorizedImageId': 'DP0310202109020111M.tif', 'colorSeqNum': 1, 'skuId': '79109440018', 'defaultSwatch': False, 'skuAltImages': [{'imgId': 'DP0310202109020122M.tif', 'colorSeq': 0}, {'imgId': 'DP0310202109020130M.tif', 'colorSeq': 1}, {'imgId': 'DP0310202109020126M.tif', 'colorSeq': 2}]}, {'colorName': 'Beige', 'swatchImageId': 'DP0903202407273437S.tif', 'colorizedImageId': 'DP0903202407272828M.tif', 'colorSeqNum': 2, 'skuId': '79109440026', 'defaultSwatch': False, 'skuAltImages': [{'imgId': 'DP0903202407273132M.tif', 'colorSeq': 0}, {'imgId': 'DP0903202407272522M.tif', 'colorSeq': 1}, {'imgId': 'DP0903202407272216M.tif', 'colorSeq': 2}]}, {'colorName': 'Baby Blue White', 'swatchImageId': 'DP0903202407273336S.tif', 'colorizedImageId': 'DP0903202407272726M.tif', 'colorSeqNum': 3, 'skuId': '79109440034', 'defaultSwatch': False, 'skuAltImages': [{'imgId': 'DP0903202407273031M.tif', 'colorSeq': 0}, {'imgId': 'DP0903202407272420M.tif', 'colorSeq': 1}, {'imgId': 'DP0903202407272114M.tif', 'colorSeq': 2}]}, {'colorName': 'Red', 'swatchImageId': 'DP0903202407273540S.tif', 'colorizedImageId': 'DP0903202407272929M.tif', 'colorSeqNum': 4, 'skuId': '79109440042', 'defaultSwatch': False, 'skuAltImages': [{'imgId': 'DP0903202407273234M.tif', 'colorSeq': 0}, {'imgId': 'DP0903202407272623M.tif', 'colorSeq': 1}, {'imgId': 'DP0903202407272319M.tif', 'colorSeq': 2}]}]",/p/safavieh-athens-patio-collection-patio-umbrella/ppr5008094064?pTmplType=regular&searchTerm=patio+and+outdoor+furniture&geoZip=55057,"[{'message': 'Online Only', 'icon': 'mouse'}, {'message': 'Available for Shipping', 'icon': 'check'}]",False,791,True,477.0,477.0,GIFTWRAP,False,False,2021-03-10T22:04:20,DP0310202109020111M.tif,DP0310202109020122M.tif,,,https://www.jcpenney.com/p/safavieh-athens-patio-collection-patio-umbrella/ppr5008094064?pTmplType=regular&searchTerm=patio+and+outdoor+furniture&geoZip=55057,20251225,patio and outdoor furniture
Sydney Outdoor Patio Umbrella,ppr5008212539,,,220.0,220.0,220.0,220.0,ORIGINAL,False,False,available online only,False,False,original,False,True,"['Features: Weather Resistant, Collapsible, Uv Protection, Quick Ship', 'Shape: Octagon', 'Measurements: 87.79 Height/Inches, 73.62 Length/Inches, 73.62 Depth/Inches', 'Diameter: 6 1/2 Ft', 'Weight (lb.): 5 Lb']",0.0,0.0,ORIGINAL,False,False,79114500018,USD,safavieh,"[{'colorName': 'White Navy', 'swatchImageId': 'DP0127202211022264S.tif', 'colorizedImageId': 'DP0127202211022246M.tif', 'colorSeqNum': 1, 'skuId': '79114500018', 'defaultSwatch': False, 'skuAltImages': [{'imgId': 'DP0127202211022237M.tif', 'colorSeq': 0}, {'imgId': 'DP0127202211022255M.tif', 'colorSeq': 1}, {'imgId': 'DP0127202211022228M.tif', 'colorSeq': 2}]}, {'colorName': 'White Light Blue', 'swatchImageId': 'DP0127202211022259S.tif', 'colorizedImageId': 'DP0127202211022241M.tif', 'colorSeqNum': 2, 'skuId': '79114500026', 'defaultSwatch': False, 'skuAltImages': [{'imgId': 'DP0127202211022232M.tif', 'colorSeq': 0}, {'imgId': 'DP0127202211022250M.tif', 'colorSeq': 1}, {'imgId': 'DP0127202211022223M.tif', 'colorSeq': 2}]}, {'colorName': 'White Black Polka', 'swatchImageId': 'DP0904202407065114S.tif', 'colorizedImageId': 'DP0904202407064911M.tif', 'colorSeqNum': 3, 'skuId': '79114500034', 'defaultSwatch': False, 'skuAltImages': [{'imgId': 'DP0904202407065013M.tif', 'colorSeq': 0}, {'imgId': 'DP0904202407064809M.tif', 'colorSeq': 1}]}]",/p/sydney-outdoor-patio-umbrella/ppr5008212539?pTmplType=regular&searchTerm=patio+and+outdoor+furniture&geoZip=55057,"[{'message': 'Online Only', 'icon': 'mouse'}, {'message': 'Available for Shipping', 'icon': 'check'}]",False,791,True,198.0,198.0,GIFTWRAP,False,False,2022-01-27T22:04:21,DP0127202211022246M.tif,DP0127202211022237M.tif,,,https://www.jcpenney.com/p/sydney-outdoor-patio-umbrella/ppr5008212539?pTmplType=regular&searchTerm=patio+and+outdoor+furniture&geoZip=55057,20251225,patio and outdoor furniture
Safavieh City Fashion Patio Collection Patio Umbrella,ppr5008094036,,,400.0,400.0,400.0,400.0,ORIGINAL,False,False,available online only,False,False,original,False,True,"['Features: Uv Protection, Weather Resistant, Collapsible', 'Shape: Octagon', 'Measurements: 100.79 Depth/Inches, 100.79 Width/Inches, 98.82 Height/Inches', 'Diameter: 9 Ft', 'Weight (lb.): 13 Lb']",0.0,0.0,ORIGINAL,False,False,79109160026,USD,safavieh,"[{'colorName': 'Beige Navy', 'swatchImageId': 'DP0310202107032632S.tif', 'colorizedImageId': 'DP0310202107032628M.tif', 'colorSeqNum': 1, 'skuId': '79109160018', 'defaultSwatch': False, 'skuAltImages': [{'imgId': 'DP0310202107032639M.tif', 'colorSeq': 0}, {'imgId': 'DP0310202107032647M.tif', 'colorSeq': 1}, {'imgId': 'DP0310202107032643M.tif', 'colorSeq': 2}]}, {'colorName': 'Navy Ivory', 'swatchImageId': 'DP0903202407221578S.tif', 'colorizedImageId': 'DP0903202407221477M.tif', 'colorSeqNum': 2, 'skuId': '79109160026', 'defaultSwatch': False, 'skuAltImages': [{'imgId': 'DP0903202407221782M.tif', 'colorSeq': 0}, {'imgId': 'DP0903202407221680M.tif', 'colorSeq': 1}, {'imgId': 'DP0903202407221375M.tif', 'colorSeq': 2}]}]",/p/safavieh-city-fashion-patio-collection-patio-umbrella/ppr5008094036?pTmplType=regular&searchTerm=patio+and+outdoor+furniture&geoZip=55057,"[{'message': 'Online Only', 'icon': 'mouse'}, {'message': 'Available for Shipping', 'icon': 'check'}]",False,791,True,360.0,360.0,GIFTWRAP,False,False,2021-03-10T22:04:06,DP0310202107032628M.tif,DP0310202107032639M.tif,,,https://www.jcpenney.com/p/safavieh-city-fashion-patio-collection-patio-umbrella/ppr5008094036?pTmplType=regular&searchTerm=patio+and+outdoor+furniture&geoZip=55057,20251225,patio and outdoor furniture
Sunnydaze Collection Patio Umbrella,ppr5008095854,5.0,5.0,330.0,330.0,330.0,330.0,ORIGINAL,False,False,available online only,False,False,original,False,True,"['Features: Vented, Quick Ship, Solar Powered, Water Repellent, Tiltable', 'Manufacturer Warranty: 1 Year', 'Shape: Octagon', 'Measurements: 98 Height/Inches, 126 Width/Inches, 115 Length/Inches', 'Diameter: 10 Ft']",0.0,0.0,ORIGINAL,False,False,79111070026,USD,more brands,"[{'colorName': 'Dark Orange', 'swatchImageId': 'DP1016202507155369S.tif', 'colorizedImageId': 'DP1016202507155162M.tif', 'colorSeqNum': 1, 'skuId': '79111070026', 'defaultSwatch': False, 'skuAltImages': [{'imgId': 'DP1016202507155991M.tif', 'colorSeq': 0}, {'imgId': 'DP1016202507155679M.tif', 'colorSeq': 1}, {'imgId': 'DP1016202507154955M.tif', 'colorSeq': 2}]}, {'colorName': 'Off White', 'swatchImageId': 'DP1016202507155472S.tif', 'colorizedImageId': 'DP1016202507155266M.tif', 'colorSeqNum': 2, 'skuId': '79111070018', 'defaultSwatch': False, 'skuAltImages': [{'imgId': 'DP1016202507155887M.tif', 'colorSeq': 0}, {'imgId': 'DP1016202507155783M.tif', 'colorSeq': 1}, {'imgId': 'DP1016202507155059M.tif', 'colorSeq': 2}]}]",/p/sunnydaze-collection-patio-umbrella/ppr5008095854?pTmplType=regular&searchTerm=patio+and+outdoor+furniture&geoZip=55057,"[{'message': 'Online Only', 'icon': 'mouse'}, {'message': 'Available for Shipping', 'icon': 'check'}]",False,791,True,,,,False,False,2021-03-19T22:03:03,DP1016202507155162M.tif,DP1016202507155991M.tif,,,https://www.jcpenney.com/p/sunnydaze-collection-patio-umbrella/ppr5008095854?pTmplType=regular&searchTerm=patio+and+outdoor+furniture&geoZip=55057,20251225,patio and outdoor furniture
Carlbach Outdoor Teak 2-Seater Loveseat with Cushions,ppr5008451452,,,2200.0,2200.0,2200.0,2200.0,ORIGINAL,False,False,available online only,False,False,original,False,True,"['Included: 1 Loveseat(s), 2 Seat Cushion(s), 2 Seat Back Cushion(s)', 'Features: Quick Ship, Upholstered', 'Joinery: Screwed', 'Manufacturer Warranty: 6 Month', 'Seating Capacity: 2']",0.0,0.0,ORIGINAL,True,False,79131610018,USD,more brands,"[{'colorName': 'Brown', 'swatchImageId': 'DP0513202415133155S.tif', 'colorizedImageId': 'DP0513202415132951M.tif', 'colorSeqNum': 1, 'skuId': '79131610018', 'defaultSwatch': False, 'skuAltImages': [{'imgId': 'DP0513202415133053M.tif', 'colorSeq': 0}, {'imgId': 'DP0513202415132748M.tif', 'colorSeq': 1}, {'imgId': 'DP0513202415132850M.tif', 'colorSeq': 2}]}]",/p/carlbach-outdoor-teak-2-seater-loveseat-with-cushions/ppr5008451452?pTmplType=regular&searchTerm=patio+and+outdoor+furniture&geoZip=55057,"[{'message': 'Online Only', 'icon': 'mouse'}, {'message': 'Available for Shipping', 'icon': 'check'}]",False,791,True,1650.0,1650.0,RECLINER,False,False,2024-05-13T22:04:56,DP0513202415132951M.tif,DP0513202415133053M.tif,,,https://www.jcpenney.com/p/carlbach-outdoor-teak-2-seater-loveseat-with-cushions/ppr5008451452?pTmplType=regular&searchTerm=patio+and+outdoor+furniture&geoZip=55057,20251225,patio and outdoor furniture
Grenada 8-pc. Conversation Set,ppr5008431270,,,3890.0,3890.0,3890.0,3890.0,ORIGINAL,False,False,available online only,False,False,original,False,True,"['# Pieces In Set: 8', 'Included: 6 Chair(s)', 'Features: Quick Ship', 'Manufacturer Warranty: 90 Days Limited', 'Seating Capacity: 8']",0.0,0.0,ORIGINAL,False,False,79129500018,USD,more brands,"[{'colorName': 'Cream', 'swatchImageId': 'DP0209202413043740S.tif', 'colorizedImageId': 'DP0220202407101945M.tif', 'colorSeqNum': 1, 'skuId': '79129500018', 'defaultSwatch': False, 'skuAltImages': [{'imgId': 'DP0209202413043432M.tif', 'colorSeq': 0}, {'imgId': 'DP0220202407102047M.tif', 'colorSeq': 1}, {'imgId': 'DP0220202407101842M.tif', 'colorSeq': 2}]}]",/p/grenada-8-pc-conversation-set/ppr5008431270?pTmplType=regular&searchTerm=patio+and+outdoor+furniture&geoZip=55057,"[{'message': 'Online Only', 'icon': 'mouse'}, {'message': 'Available for Shipping', 'icon': 'check'}]",False,791,True,2917.5,2917.5,RECLINER,False,False,2024-02-09T22:03:24,DP0220202407101945M.tif,DP0209202413043432M.tif,,,https://www.jcpenney.com/p/grenada-8-pc-conversation-set/ppr5008431270?pTmplType=regular&searchTerm=patio+and+outdoor+furniture&geoZip=55057,20251225,patio and outdoor furniture
Cordoba 4-pc. Conversation Set,ppr5008336602,,,1570.0,1570.0,1570.0,1570.0,ORIGINAL,False,False,available online only,False,False,original,False,True,"['# Pieces In Set: 4', 'Included: 2 Chair(s), 1 Table(s), 1 Loveseat(s)', 'Features: 4 Legs, Upholstered, Quick Ship', 'Seating Capacity: 4', 'Shape: Rectangle']",0.0,0.0,ORIGINAL,False,False,79122060018,USD,more brands,"[{'colorName': 'Brown', 'swatchImageId': 'DP0314202309223285S.tif', 'colorizedImageId': 'DP0314202309222868M.tif', 'colorSeqNum': 1, 'skuId': '79122060018', 'defaultSwatch': False, 'skuAltImages': [{'imgId': 'DP0314202309222973M.tif', 'colorSeq': 0}, {'imgId': 'DP0314202309223078M.tif', 'colorSeq': 1}, {'imgId': 'DP0314202309222661M.tif', 'colorSeq': 2}]}]",/p/cordoba-4-pc-conversation-set/ppr5008336602?pTmplType=regular&searchTerm=patio+and+outdoor+furniture&geoZip=55057,"[{'message': 'Online Only', 'icon': 'mouse'}, {'message': 'Available for Shipping', 'icon': 'check'}]",False,791,True,1177.5,1177.5,RECLINER,False,False,2023-03-14T22:09:57,DP0314202309222868M.tif,DP0314202309222973M.tif,"[{'name': 'Few Left', 'priority': 1, 'urlParam': 'fewleft'}]",,https://www.jcpenney.com/p/cordoba-4-pc-conversation-set/ppr5008336602?pTmplType=regular&searchTerm=patio+and+outdoor+furniture&geoZip=55057,20251225,patio and outdoor furniture
Creekside Patio Collection Adriondack Chair,ppr5008103975,5.0,6.0,338.0,338.0,338.0,338.0,ORIGINAL,False,False,available online only,False,False,original,False,True,"['Included: 1 Chair(s)', 'Features: Quick Ship, Deep Seat, High Back Design, Weather Resistant', 'Joinery: Screwed, Butt Joint', 'Manufacturer Warranty: 6 Month', 'Seating Capacity: 1']",0.0,0.0,ORIGINAL,False,False,79113020034,USD,more brands,"[{'colorName': 'Red', 'swatchImageId': 'DP0409202111032392S.tif', 'colorizedImageId': 'DP0414202113005256M.tif', 'colorSeqNum': 1, 'skuId': '79113020026', 'defaultSwatch': False, 'skuAltImages': [{'imgId': 'DP0414202113005283M.tif', 'colorSeq': 0}, {'imgId': 'DP0414202113005309M.tif', 'colorSeq': 1}, {'imgId': 'DP0414202113005211M.tif', 'colorSeq': 2}]}, {'colorName': 'Blue', 'swatchImageId': 'DP0409202111032378S.tif', 'colorizedImageId': 'DP0414202113005243M.tif', 'colorSeqNum': 2, 'skuId': '79113020018', 'defaultSwatch': False, 'skuAltImages': [{'imgId': 'DP0414202113005269M.tif', 'colorSeq': 0}, {'imgId': 'DP0414202113005296M.tif', 'colorSeq': 1}, {'imgId': 'DP0414202113005198M.tif', 'colorSeq': 2}]}, {'colorName': 'Acorn', 'swatchImageId': 'DP0519202109011690S.tif', 'colorizedImageId': 'DP0519202109011686M.tif', 'colorSeqNum': 3, 'skuId': '79113020034', 'defaultSwatch': False, 'skuAltImages': [{'imgId': 'DP0519202109011697M.tif', 'colorSeq': 0}, {'imgId': 'DP0519202109011694M.tif', 'colorSeq': 1}, {'imgId': 'DP0519202109011701M.tif', 'colorSeq': 2}]}, {'colorName': 'White', 'swatchImageId': 'DP0409202111032398S.tif', 'colorizedImageId': 'DP0414202113005262M.tif', 'colorSeqNum': 4, 'skuId': '79113020042', 'defaultSwatch': False, 'skuAltImages': [{'imgId': 'DP0414202113005289M.tif', 'colorSeq': 0}, {'imgId': 'DP0414202113005316M.tif', 'colorSeq': 1}, {'imgId': 'DP0414202113005217M.tif', 'colorSeq': 2}]}]",/p/creekside-patio-collection-adriondack-chair/ppr5008103975?pTmplType=regular&searchTerm=patio+and+outdoor+furniture&geoZip=55057,"[{'message': 'Online Only', 'icon': 'mouse'}, {'message': 'Available for Shipping', 'icon': 'check'}]",False,791,True,304.2,304.2,GIFTWRAP,False,False,2021-04-14T22:03:54,DP0414202113005256M.tif,DP0414202113005283M.tif,,,https://www.jcpenney.com/p/creekside-patio-collection-adriondack-chair/ppr5008103975?pTmplType=regular&searchTerm=patio+and+outdoor+furniture&geoZip=55057,20251225,patio and outdoor furniture
Safavieh Abner Patio Collection Bench,ppr5008091381,,,570.0,570.0,570.0,570.0,ORIGINAL,False,False,available online only,False,False,original,False,True,"['Included: 1 Bench(es)', 'Features: Quick Ship, Weather Resistant', 'Joinery: Screwed, Welded Joint', 'Seating Capacity: 2', 'Tools Required: Screws (included), Allen Wrench (included)']",0.0,0.0,ORIGINAL,False,False,79108780042,USD,safavieh,"[{'colorName': 'Antique White', 'swatchImageId': 'DP0302202115031959S.tif', 'colorizedImageId': 'DP0302202115031939M.tif', 'colorSeqNum': 1, 'skuId': '79108780018', 'defaultSwatch': False, 'skuAltImages': [{'imgId': 'DP0302202115032011M.tif', 'colorSeq': 0}, {'imgId': 'DP0302202115031997M.tif', 'colorSeq': 1}, {'imgId': 'DP0302202115031983M.tif', 'colorSeq': 2}]}, {'colorName': 'Rustic Brown', 'swatchImageId': 'DP0302202115031963S.tif', 'colorizedImageId': 'DP0302202115031945M.tif', 'colorSeqNum': 2, 'skuId': '79108780026', 'defaultSwatch': False, 'skuAltImages': [{'imgId': 'DP0302202115032017M.tif', 'colorSeq': 0}, {'imgId': 'DP0302202115032002M.tif', 'colorSeq': 1}, {'imgId': 'DP0302202115031987M.tif', 'colorSeq': 2}]}, {'colorName': 'Antique Blue', 'swatchImageId': 'DP0302202115031952S.tif', 'colorizedImageId': 'DP0302202115031930M.tif', 'colorSeqNum': 3, 'skuId': '79108780034', 'defaultSwatch': False, 'skuAltImages': [{'imgId': 'DP0302202115032006M.tif', 'colorSeq': 0}, {'imgId': 'DP0302202115031992M.tif', 'colorSeq': 1}, {'imgId': 'DP0302202115031980M.tif', 'colorSeq': 2}]}, {'colorName': 'Antique Green', 'swatchImageId': 'DP0903202407201164S.tif', 'colorizedImageId': 'DP0903202407200961M.tif', 'colorSeqNum': 4, 'skuId': '79108780042', 'defaultSwatch': False, 'skuAltImages': [{'imgId': 'DP0903202407201469M.tif', 'colorSeq': 0}, {'imgId': 'DP0903202407201063M.tif', 'colorSeq': 1}, {'imgId': 'DP0903202407201672M.tif', 'colorSeq': 2}]}]",/p/safavieh-abner-patio-collection-bench/ppr5008091381?pTmplType=regular&searchTerm=patio+and+outdoor+furniture&geoZip=55057,"[{'message': 'Online Only', 'icon': 'mouse'}, {'message': 'Available for Shipping', 'icon': 'check'}]",False,791,True,513.0,513.0,GIFTWRAP,False,False,2021-03-02T22:04:32,DP0302202115031939M.tif,DP0302202115032011M.tif,,,https://www.jcpenney.com/p/safavieh-abner-patio-collection-bench/ppr5008091381?pTmplType=regular&searchTerm=patio+and+outdoor+furniture&geoZip=55057,20251225,patio and outdoor furniture
Safavieh Finnick Bench,ppr5008350960,,,930.0,930.0,930.0,930.0,ORIGINAL,False,False,available online only,False,False,original,False,True,"['Included: 1 Bench(es)', 'Features: Outdoor', 'Joinery: Screwed', 'Seating Capacity: 3', 'Tools Required: Screws (included)']",0.0,0.0,ORIGINAL,False,False,79123550018,USD,safavieh,"[{'colorName': 'Beige', 'swatchImageId': 'DP0426202307214352S.tif', 'colorizedImageId': 'DP0426202307213733M.tif', 'colorSeqNum': 1, 'skuId': '79123550018', 'defaultSwatch': False, 'skuAltImages': [{'imgId': 'DP0426202307215384M.tif', 'colorSeq': 0}, {'imgId': 'DP0426202307215694M.tif', 'colorSeq': 1}, {'imgId': 'DP0426202307220003M.tif', 'colorSeq': 2}]}, {'colorName': 'Grey Beige', 'swatchImageId': 'DP0426202307214456S.tif', 'colorizedImageId': 'DP0426202307213837M.tif', 'colorSeqNum': 2, 'skuId': '79123550026', 'defaultSwatch': False, 'skuAltImages': [{'imgId': 'DP0426202307215488M.tif', 'colorSeq': 0}, {'imgId': 'DP0426202307215797M.tif', 'colorSeq': 1}, {'imgId': 'DP0426202307220106M.tif', 'colorSeq': 2}]}, {'colorName': 'Natural Light Grey', 'swatchImageId': 'DP0426202307214559S.tif', 'colorizedImageId': 'DP0426202307213940M.tif', 'colorSeqNum': 3, 'skuId': '79123550034', 'defaultSwatch': False, 'skuAltImages': [{'imgId': 'DP0426202307215591M.tif', 'colorSeq': 0}, {'imgId': 'DP0426202307215900M.tif', 'colorSeq': 1}, {'imgId': 'DP0426202307220209M.tif', 'colorSeq': 2}]}]",/p/safavieh-finnick-bench/ppr5008350960?pTmplType=regular&searchTerm=patio+and+outdoor+furniture&geoZip=55057,"[{'message': 'Online Only', 'icon': 'mouse'}, {'message': 'Available for Shipping', 'icon': 'check'}]",False,791,True,697.5,697.5,RECLINER,False,False,2023-04-26T22:04:04,DP0426202307213733M.tif,DP0426202307215384M.tif,,,https://www.jcpenney.com/p/safavieh-finnick-bench/ppr5008350960?pTmplType=regular&searchTerm=patio+and+outdoor+furniture&geoZip=55057,20251225,patio and outdoor furniture
Safavieh Ally Collection Bench,ppr5008091385,,,1100.0,1100.0,1100.0,1100.0,ORIGINAL,False,False,available online only,False,False,original,False,True,"['Included: 1 Bench(es)', 'Features: Quick Ship, Weather Resistant', 'Joinery: Screwed, Welded Joint', 'Seating Capacity: 2', 'Tools Required: Screws (included), Allen Wrench (included)']",0.0,0.0,ORIGINAL,False,False,79108800034,USD,safavieh,"[{'colorName': 'Rustic Brown', 'swatchImageId': 'DP0302202115032134S.tif', 'colorizedImageId': 'DP0302202115032123M.tif', 'colorSeqNum': 1, 'skuId': '79108800018', 'defaultSwatch': False, 'skuAltImages': [{'imgId': 'DP0302202115032172M.tif', 'colorSeq': 0}, {'imgId': 'DP0302202115032162M.tif', 'colorSeq': 1}, {'imgId': 'DP0302202115032152M.tif', 'colorSeq': 2}]}, {'colorName': 'Antique White', 'swatchImageId': 'DP0302202115032129S.tif', 'colorizedImageId': 'DP0302202115032119M.tif', 'colorSeqNum': 2, 'skuId': '79108800026', 'defaultSwatch': False, 'skuAltImages': [{'imgId': 'DP0302202115032169M.tif', 'colorSeq': 0}, {'imgId': 'DP0302202115032156M.tif', 'colorSeq': 1}, {'imgId': 'DP0302202115032148M.tif', 'colorSeq': 2}]}, {'colorName': 'Antique Green', 'swatchImageId': 'DP0903202407202995S.tif', 'colorizedImageId': 'DP0903202407202894M.tif', 'colorSeqNum': 3, 'skuId': '79108800034', 'defaultSwatch': False, 'skuAltImages': [{'imgId': 'DP0903202407203504M.tif', 'colorSeq': 0}, {'imgId': 'DP0903202407202690M.tif', 'colorSeq': 1}, {'imgId': 'DP0903202407203301M.tif', 'colorSeq': 2}]}]",/p/safavieh-ally-collection-bench/ppr5008091385?pTmplType=regular&searchTerm=patio+and+outdoor+furniture&geoZip=55057,"[{'message': 'Online Only', 'icon': 'mouse'}, {'message': 'Available for Shipping', 'icon': 'check'}]",False,791,True,825.0,825.0,RECLINER,False,False,2021-03-02T22:04:33,DP0302202115032123M.tif,DP0302202115032172M.tif,,,https://www.jcpenney.com/p/safavieh-ally-collection-bench/ppr5008091385?pTmplType=regular&searchTerm=patio+and+outdoor+furniture&geoZip=55057,20251225,patio and outdoor furniture
Safavieh Indaka Collection Bench,ppr5008091389,,,890.0,890.0,890.0,890.0,ORIGINAL,False,False,available online only,False,False,original,False,True,"['Included: 1 Bench(es)', 'Features: Weather Resistant, Quick Ship', 'Joinery: Glued, Screwed, Nailed', 'Seating Capacity: 2', 'Tools Required: Phillips Screwdriver (not Included), Allen Wrench (included), Screws (included)']",0.0,0.0,ORIGINAL,False,False,79108820034,USD,safavieh,"[{'colorName': 'Natural', 'swatchImageId': 'DP0903202407205132S.tif', 'colorizedImageId': 'DP0903202407204827M.tif', 'colorSeqNum': 1, 'skuId': '79108820026', 'defaultSwatch': False, 'skuAltImages': [{'imgId': 'DP0903202407205437M.tif', 'colorSeq': 0}, {'imgId': 'DP0903202407205539M.tif', 'colorSeq': 1}, {'imgId': 'DP0903202407204623M.tif', 'colorSeq': 2}]}, {'colorName': 'Dark Slate Gray', 'swatchImageId': 'DP0903202407205031S.tif', 'colorizedImageId': 'DP0903202407204725M.tif', 'colorSeqNum': 3, 'skuId': '79108820034', 'defaultSwatch': False, 'skuAltImages': [{'imgId': 'DP0903202407205335M.tif', 'colorSeq': 0}, {'imgId': 'DP0903202407204928M.tif', 'colorSeq': 1}, {'imgId': 'DP0903202407204520M.tif', 'colorSeq': 2}]}]",/p/safavieh-indaka-collection-bench/ppr5008091389?pTmplType=regular&searchTerm=patio+and+outdoor+furniture&geoZip=55057,"[{'message': 'Online Only', 'icon': 'mouse'}, {'message': 'Available for Shipping', 'icon': 'check'}]",False,791,True,667.5,667.5,RECLINER,False,False,2021-03-02T22:04:34,DP0903202407204827M.tif,DP0903202407205437M.tif,,,https://www.jcpenney.com/p/safavieh-indaka-collection-bench/ppr5008091389?pTmplType=regular&searchTerm=patio+and+outdoor+furniture&geoZip=55057,20251225,patio and outdoor furniture
Safavieh Moorpark Patio Collection Bench,ppr5008091370,,,520.0,520.0,520.0,520.0,ORIGINAL,False,False,available online only,False,False,original,False,True,"['Included: 1 Bench(es)', 'Features: Weather Resistant, Quick Ship', 'Joinery: Glued, Screwed, Nailed', 'Seating Capacity: 2', 'Tools Required: Allen Wrench (included), Screws (included), Phillips Screwdriver (not Included)']",0.0,0.0,ORIGINAL,False,False,79108690018,USD,safavieh,"[{'colorName': 'Ash Grey', 'swatchImageId': 'DP0302202115031374S.tif', 'colorizedImageId': 'DP0302202115031370M.tif', 'colorSeqNum': 1, 'skuId': '79108690018', 'defaultSwatch': False, 'skuAltImages': [{'imgId': 'DP0302202115031390M.tif', 'colorSeq': 0}, {'imgId': 'DP0302202115031386M.tif', 'colorSeq': 1}, {'imgId': 'DP0302202115031382M.tif', 'colorSeq': 2}]}]",/p/safavieh-moorpark-patio-collection-bench/ppr5008091370?pTmplType=regular&searchTerm=patio+and+outdoor+furniture&geoZip=55057,"[{'message': 'Online Only', 'icon': 'mouse'}, {'message': 'Available for Shipping', 'icon': 'check'}]",False,791,True,468.0,468.0,GIFTWRAP,False,False,2022-05-18T17:12:53,DP0302202115031370M.tif,DP0302202115031390M.tif,,,https://www.jcpenney.com/p/safavieh-moorpark-patio-collection-bench/ppr5008091370?pTmplType=regular&searchTerm=patio+and+outdoor+furniture&geoZip=55057,20251225,patio and outdoor furniture
Riverview Outdoor And Collection Lounge Chair,ppr5008187229,4.8,5.0,423.0,423.0,423.0,423.0,ORIGINAL,False,False,available online only,False,False,original,False,True,"['Features: Quick Ship, Indoor/Outdoor', 'Joinery: Screwed, Butt Joint', 'Manufacturer Warranty: 1 Year', 'Seating Capacity: 1', 'Tools Required: Allen Wrench (included), Screws (included)']",0.0,0.0,ORIGINAL,False,False,79114270018,USD,more brands,"[{'colorName': 'Gray', 'swatchImageId': 'DP1130202107014613S.tif', 'colorizedImageId': 'DP1130202107014588M.tif', 'colorSeqNum': 1, 'skuId': '79114270018', 'defaultSwatch': False, 'skuAltImages': [{'imgId': 'DP1130202107014623M.tif', 'colorSeq': 0}, {'imgId': 'DP1130202107014596M.tif', 'colorSeq': 1}, {'imgId': 'DP1130202107014605M.tif', 'colorSeq': 2}]}, {'colorName': 'Brown Oil', 'swatchImageId': 'DP1130202107014609S.tif', 'colorizedImageId': 'DP1130202107014581M.tif', 'colorSeqNum': 2, 'skuId': '79114270026', 'defaultSwatch': False, 'skuAltImages': [{'imgId': 'DP1130202107014617M.tif', 'colorSeq': 0}, {'imgId': 'DP1130202107014592M.tif', 'colorSeq': 1}, {'imgId': 'DP1130202107014600M.tif', 'colorSeq': 2}]}]",/p/riverview-outdoor-and-collection-lounge-chair/ppr5008187229?pTmplType=regular&searchTerm=patio+and+outdoor+furniture&geoZip=55057,"[{'message': 'Online Only', 'icon': 'mouse'}, {'message': 'Available for Shipping', 'icon': 'check'}]",False,791,True,380.7,380.7,GIFTWRAP,False,False,2022-01-13T21:03:35,DP1130202107014588M.tif,DP1130202107014623M.tif,,,https://www.jcpenney.com/p/riverview-outdoor-and-collection-lounge-chair/ppr5008187229?pTmplType=regular&searchTerm=patio+and+outdoor+furniture&geoZip=55057,20251225,patio and outdoor furniture
Safavieh Medrano Rocking Chair,ppr5008445656,,,410.0,410.0,410.0,410.0,ORIGINAL,False,False,available online only,False,False,original,False,True,"['Included: 1 Chair(s)', 'Features: Quick Ship', 'Joinery: Screwed', 'Seating Capacity: 1', 'Tools Required: Allen Wrench (included), Screws (included)']",0.0,0.0,ORIGINAL,False,False,79130680059,USD,safavieh,"[{'colorName': 'Mossy Blue', 'swatchImageId': 'DP0423202409105626S.tif', 'colorizedImageId': 'DP0423202407121157M.tif', 'colorSeqNum': 1, 'skuId': '79130680034', 'defaultSwatch': False, 'skuAltImages': [{'imgId': 'DP0423202407121667M.tif', 'colorSeq': 0}, {'imgId': 'DP0423202407122177M.tif', 'colorSeq': 1}, {'imgId': 'DP0423202409110137M.tif', 'colorSeq': 2}]}, {'colorName': 'Antique White', 'swatchImageId': 'DP0423202407123095S.tif', 'colorizedImageId': 'DP0423202407121055M.tif', 'colorSeqNum': 2, 'skuId': '79130680018', 'defaultSwatch': False, 'skuAltImages': [{'imgId': 'DP0423202407121565M.tif', 'colorSeq': 0}, {'imgId': 'DP0423202407122076M.tif', 'colorSeq': 1}, {'imgId': 'DP0423202409110035M.tif', 'colorSeq': 2}]}, {'colorName': 'Rustic Brown', 'swatchImageId': 'DP0423202409105728S.tif', 'colorizedImageId': 'DP0423202407121259M.tif', 'colorSeqNum': 3, 'skuId': '79130680026', 'defaultSwatch': False, 'skuAltImages': [{'imgId': 'DP0423202407121768M.tif', 'colorSeq': 0}, {'imgId': 'DP0423202407122279M.tif', 'colorSeq': 1}, {'imgId': 'DP0423202409110239M.tif', 'colorSeq': 2}]}, {'colorName': 'Antique Green', 'swatchImageId': 'DP0423202407122994S.tif', 'colorizedImageId': 'DP0423202407120954M.tif', 'colorSeqNum': 4, 'skuId': '79130680042', 'defaultSwatch': False, 'skuAltImages': [{'imgId': 'DP0423202407121463M.tif', 'colorSeq': 0}, {'imgId': 'DP0423202407121973M.tif', 'colorSeq': 1}, {'imgId': 'DP0423202409105933M.tif', 'colorSeq': 2}]}, {'colorName': 'Antique Black', 'swatchImageId': 'DP0423202407122892S.tif', 'colorizedImageId': 'DP0423202407120852M.tif', 'colorSeqNum': 5, 'skuId': '79130680059', 'defaultSwatch': False, 'skuAltImages': [{'imgId': 'DP0423202407121361M.tif', 'colorSeq': 0}, {'imgId': 'DP0423202407121871M.tif', 'colorSeq': 1}, {'imgId': 'DP0423202409105831M.tif', 'colorSeq': 2}]}]",/p/safavieh-medrano-rocking-chair/ppr5008445656?pTmplType=regular&searchTerm=patio+and+outdoor+furniture&geoZip=55057,"[{'message': 'Online Only', 'icon': 'mouse'}, {'message': 'Available for Shipping', 'icon': 'check'}]",False,791,True,369.0,369.0,GIFTWRAP,False,False,2024-04-23T22:02:58,DP0423202407121157M.tif,DP0423202407121667M.tif,,,https://www.jcpenney.com/p/safavieh-medrano-rocking-chair/ppr5008445656?pTmplType=regular&searchTerm=patio+and+outdoor+furniture&geoZip=55057,20251225,patio and outdoor furniture
Safavieh Cantor,ppr5008349105,,,630.0,630.0,630.0,630.0,ORIGINAL,False,False,available online only,False,False,original,False,True,"['Included: 1 Seat Cushion(s), 1 Chair(s), 1 Seat Back Cushion(s)', 'Joinery: Screwed', 'Seating Capacity: 1', 'Tools Required: Screws (included)', 'Measurements: 28.74 Width/Inches, 37 Height/Inches, 26.18 Depth/Inches']",0.0,0.0,ORIGINAL,False,False,79123450026,USD,safavieh,"[{'colorName': 'Light Grey', 'swatchImageId': 'DP0405202311144676S.tif', 'colorizedImageId': 'DP0405202311143851M.tif', 'colorSeqNum': 1, 'skuId': '79123450026', 'defaultSwatch': False, 'skuAltImages': [{'imgId': 'DP0405202311144058M.tif', 'colorSeq': 0}, {'imgId': 'DP0405202311144264M.tif', 'colorSeq': 1}, {'imgId': 'DP0405202311145090M.tif', 'colorSeq': 2}]}, {'colorName': 'Grey', 'swatchImageId': 'DP0405202311144574S.tif', 'colorizedImageId': 'DP0405202311143747M.tif', 'colorSeqNum': 2, 'skuId': '79123450018', 'defaultSwatch': False, 'skuAltImages': [{'imgId': 'DP0405202311143954M.tif', 'colorSeq': 0}, {'imgId': 'DP0405202311144161M.tif', 'colorSeq': 1}, {'imgId': 'DP0405202311144986M.tif', 'colorSeq': 2}]}]",/p/safavieh-cantor/ppr5008349105?pTmplType=regular&searchTerm=patio+and+outdoor+furniture&geoZip=55057,"[{'message': 'Online Only', 'icon': 'mouse'}, {'message': 'Available for Shipping', 'icon': 'check'}]",False,791,True,567.0,567.0,GIFTWRAP,False,False,2023-04-05T22:05:47,DP0405202311143851M.tif,DP0405202311144058M.tif,,,https://www.jcpenney.com/p/safavieh-cantor/ppr5008349105?pTmplType=regular&searchTerm=patio+and+outdoor+furniture&geoZip=55057,20251225,patio and outdoor furniture
Carlbach Outdoor Teak Armchair with Cushions,ppr5008451423,,,1600.0,1600.0,1600.0,1600.0,ORIGINAL,False,False,available online only,False,False,original,False,True,"['Included: 1 Seat Cushion(s), 1 Seat Back Cushion(s), 1 Chair(s)', 'Features: Upholstered, Quick Ship', 'Joinery: Screwed', 'Manufacturer Warranty: 6 Month', 'Seating Capacity: 1']",0.0,0.0,ORIGINAL,True,False,79131460018,USD,more brands,"[{'colorName': 'Brown', 'swatchImageId': 'DP0513202415121524S.tif', 'colorizedImageId': 'DP0513202415121321M.tif', 'colorSeqNum': 1, 'skuId': '79131460018', 'defaultSwatch': False, 'skuAltImages': [{'imgId': 'DP0513202415121422M.tif', 'colorSeq': 0}, {'imgId': 'DP0513202415121116M.tif', 'colorSeq': 1}, {'imgId': 'DP0513202415121218M.tif', 'colorSeq': 2}]}]",/p/carlbach-outdoor-teak-armchair-with-cushions/ppr5008451423?pTmplType=regular&searchTerm=patio+and+outdoor+furniture&geoZip=55057,"[{'message': 'Online Only', 'icon': 'mouse'}, {'message': 'Available for Shipping', 'icon': 'check'}]",False,791,True,1200.0,1200.0,RECLINER,False,False,2024-05-13T22:04:54,DP0513202415121321M.tif,DP0513202415121422M.tif,,"[{'name': 'Shop the Collection', 'priority': 1, 'urlParam': 'collection'}]",https://www.jcpenney.com/p/carlbach-outdoor-teak-armchair-with-cushions/ppr5008451423?pTmplType=regular&searchTerm=patio+and+outdoor+furniture&geoZip=55057,20251225,patio and outdoor furniture
Modesta Adjustable 4-pc. Lounge Chair,ppr5008429775,,,2900.0,2900.0,2900.0,2900.0,ORIGINAL,False,False,available online only,False,False,original,False,True,"['# Pieces In Set: 4', 'Included: 4 Chair(s)', 'Features: Easy Care, Easy Clean, Adjustable', 'Manufacturer Warranty: 90 Days Limited', 'Seating Capacity: 4']",0.0,0.0,ORIGINAL,False,False,79129070018,USD,more brands,"[{'colorName': 'Black', 'swatchImageId': 'DP1001202407184598S.tif', 'colorizedImageId': 'DP1001202407184190M.tif', 'colorSeqNum': 1, 'skuId': '79129070018', 'defaultSwatch': False, 'skuAltImages': [{'imgId': 'DP1001202407184292M.tif', 'colorSeq': 0}, {'imgId': 'DP1001202407184394M.tif', 'colorSeq': 1}, {'imgId': 'DP1001202407184699M.tif', 'colorSeq': 2}]}]",/p/modesta-adjustable-4-pc-lounge-chair/ppr5008429775?pTmplType=regular&searchTerm=patio+and+outdoor+furniture&geoZip=55057,"[{'message': 'Online Only', 'icon': 'mouse'}, {'message': 'Available for Shipping', 'icon': 'check'}]",False,791,True,2175.0,2175.0,RECLINER,False,False,2024-10-01T22:02:46,DP1001202407184190M.tif,DP1001202407184292M.tif,,,https://www.jcpenney.com/p/modesta-adjustable-4-pc-lounge-chair/ppr5008429775?pTmplType=regular&searchTerm=patio+and+outdoor+furniture&geoZip=55057,20251225,patio and outdoor furniture
Safavieh Valdez 2 Pack,ppr5008349095,,,740.0,740.0,740.0,740.0,ORIGINAL,False,False,available online only,False,False,original,False,True,"['# Pieces In Set: 2-Pack', 'Included: 2 Chair(s)', 'Features: Stackable', 'Joinery: Screwed', 'Seating Capacity: 1']",0.0,0.0,ORIGINAL,False,False,79123340018,USD,safavieh,"[{'colorName': 'Grey', 'swatchImageId': 'DP0405202309234686S.tif', 'colorizedImageId': 'DP0405202309234479M.tif', 'colorSeqNum': 1, 'skuId': '79123340018', 'defaultSwatch': False, 'skuAltImages': [{'imgId': 'DP0405202309234582M.tif', 'colorSeq': 0}, {'imgId': 'DP0405202309234892M.tif', 'colorSeq': 1}, {'imgId': 'DP0405202309234271M.tif', 'colorSeq': 2}]}]",/p/safavieh-valdez-2-pack/ppr5008349095?pTmplType=regular&searchTerm=patio+and+outdoor+furniture&geoZip=55057,"[{'message': 'Online Only', 'icon': 'mouse'}, {'message': 'Available for Shipping', 'icon': 'check'}]",False,791,True,666.0,666.0,GIFTWRAP,False,False,2023-04-05T22:05:14,DP0405202309234479M.tif,DP0405202309234582M.tif,,,https://www.jcpenney.com/p/safavieh-valdez-2-pack/ppr5008349095?pTmplType=regular&searchTerm=patio+and+outdoor+furniture&geoZip=55057,20251225,patio and outdoor furniture
Barton 2-pc. Patio Accent Chair Set,ppr5008342391,,,890.0,890.0,890.0,890.0,ORIGINAL,False,False,available online only,False,False,original,False,True,"['# Pieces In Set: 2', 'Included: 1 Table(s), 1 Chair(s)', 'Features: 4 Legs, Wear Resistant, Quick Ship', 'Seating Capacity: 1', 'Tools Required: Flathead Screwdriver (not Included), Screws (included)']",0.0,0.0,ORIGINAL,False,False,79122990018,USD,more brands,"[{'colorName': 'Teak White', 'swatchImageId': 'DP0317202307303609S.tif', 'colorizedImageId': 'DP0317202307303297M.tif', 'colorSeqNum': 1, 'skuId': '79122990018', 'defaultSwatch': False, 'skuAltImages': [{'imgId': 'DP0317202307303401M.tif', 'colorSeq': 0}, {'imgId': 'DP0317202307303712M.tif', 'colorSeq': 1}, {'imgId': 'DP0317202307303090M.tif', 'colorSeq': 2}]}]",/p/barton-2-pc-patio-accent-chair-set/ppr5008342391?pTmplType=regular&searchTerm=patio+and+outdoor+furniture&geoZip=55057,"[{'message': 'Online Only', 'icon': 'mouse'}, {'message': 'Available for Shipping', 'icon': 'check'}]",False,791,True,667.5,667.5,RECLINER,False,False,2023-03-17T22:03:33,DP0317202307303297M.tif,DP0317202307303401M.tif,,,https://www.jcpenney.com/p/barton-2-pc-patio-accent-chair-set/ppr5008342391?pTmplType=regular&searchTerm=patio+and+outdoor+furniture&geoZip=55057,20251225,patio and outdoor furniture
Brooklyn 2-pc. Club Chair,ppr5008330497,,,1215.0,1215.0,1215.0,1215.0,ORIGINAL,False,False,available online only,False,False,original,False,True,"['# Pieces In Set: 2', 'Included: 2 Chair(s)', 'Features: Quick Ship, Water Resistant', 'Manufacturer Warranty: 90 Days Limited', 'Seating Capacity: 2']",0.0,0.0,ORIGINAL,False,False,79121630018,USD,more brands,"[{'colorName': 'Teak  Beige', 'swatchImageId': 'DP0215202309140692S.tif', 'colorizedImageId': 'DP0215202309140589M.tif', 'colorSeqNum': 1, 'skuId': '79121630018', 'defaultSwatch': False, 'skuAltImages': [{'imgId': 'DP0215202309141002M.tif', 'colorSeq': 0}, {'imgId': 'DP0215202309141105M.tif', 'colorSeq': 1}, {'imgId': 'DP0215202309141208M.tif', 'colorSeq': 2}]}]",/p/brooklyn-2-pc-club-chair/ppr5008330497?pTmplType=regular&searchTerm=patio+and+outdoor+furniture&geoZip=55057,"[{'message': 'Online Only', 'icon': 'mouse'}, {'message': 'Available for Shipping', 'icon': 'check'}]",False,791,True,911.25,911.25,RECLINER,False,False,2023-03-08T17:06:40,DP0215202309140589M.tif,DP0215202309141002M.tif,,,https://www.jcpenney.com/p/brooklyn-2-pc-club-chair/ppr5008330497?pTmplType=regular&searchTerm=patio+and+outdoor+furniture&geoZip=55057,20251225,patio and outdoor furniture
Cape Adjustable 2-pc. Lounge Chair,ppr5008328409,,,1235.0,1235.0,1235.0,1235.0,ORIGINAL,False,False,available online only,False,False,original,False,True,"['# Pieces In Set: 2', 'Included: 2 Chair(s)', 'Features: 4 Legs, Adjustable, Quick Ship', 'Manufacturer Warranty: 90 Days', 'Seating Capacity: 2']",0.0,0.0,ORIGINAL,False,False,79121430018,USD,more brands,"[{'colorName': 'White', 'swatchImageId': 'DP0204202307060952S.tif', 'colorizedImageId': 'DP0204202307060644M.tif', 'colorSeqNum': 1, 'skuId': '79121430018', 'defaultSwatch': False, 'skuAltImages': [{'imgId': 'DP0204202307060747M.tif', 'colorSeq': 0}, {'imgId': 'DP0204202307061158M.tif', 'colorSeq': 1}, {'imgId': 'DP0204202307060541M.tif', 'colorSeq': 2}]}]",/p/cape-adjustable-2-pc-lounge-chair/ppr5008328409?pTmplType=regular&searchTerm=patio+and+outdoor+furniture&geoZip=55057,"[{'message': 'Online Only', 'icon': 'mouse'}, {'message': 'Available for Shipping', 'icon': 'check'}]",False,791,True,926.25,926.25,RECLINER,False,False,2023-02-08T07:08:10,DP0204202307060644M.tif,DP0204202307060747M.tif,,,https://www.jcpenney.com/p/cape-adjustable-2-pc-lounge-chair/ppr5008328409?pTmplType=regular&searchTerm=patio+and+outdoor+furniture&geoZip=55057,20251225,patio and outdoor furniture
Nadine Lounge Chair,ppr5008297268,,,660.0,660.0,660.0,660.0,ORIGINAL,False,False,available online only,False,False,original,False,True,"['Features: Adjustable Seat', 'Manufacturer Warranty: 90 Days', 'Seating Capacity: 1', 'Tools Required: Allen Wrench (included), Screws (included)', 'Chair Measurements: 78.75 Width/Inches, 12 Height/Inches, 24 Depth/Inches']",0.0,0.0,ORIGINAL,False,False,79120860018,USD,more brands,"[{'colorName': 'Teak', 'swatchImageId': 'DP1010202207520672S.tif', 'colorizedImageId': 'DP1010202207520364M.tif', 'colorSeqNum': 1, 'skuId': '79120860018', 'defaultSwatch': False, 'skuAltImages': [{'imgId': 'DP1010202207520467M.tif', 'colorSeq': 0}, {'imgId': 'DP1010202207520157M.tif', 'colorSeq': 1}, {'imgId': 'DP1010202207520569M.tif', 'colorSeq': 2}]}]",/p/nadine-lounge-chair/ppr5008297268?pTmplType=regular&searchTerm=patio+and+outdoor+furniture&geoZip=55057,"[{'message': 'Online Only', 'icon': 'mouse'}, {'message': 'Available for Shipping', 'icon': 'check'}]",False,791,True,594.0,594.0,GIFTWRAP,False,False,2022-10-10T22:09:34,DP1010202207520364M.tif,DP1010202207520467M.tif,,,https://www.jcpenney.com/p/nadine-lounge-chair/ppr5008297268?pTmplType=regular&searchTerm=patio+and+outdoor+furniture&geoZip=55057,20251225,patio and outdoor furniture
Julia Hanging Egg Chair with Cushion and Stand,ppr5008259469,,,1230.0,1230.0,1230.0,1230.0,ORIGINAL,False,False,available online only,False,False,original,False,True,"['# Pieces In Set: 2', 'Features: Easy Installation, Quick Ship', 'Manufacturer Warranty: 1 Year', 'Seating Capacity: 1', 'Tools Required: Allen Wrench (included)']",0.0,0.0,ORIGINAL,False,False,79120450018,USD,more brands,"[{'colorName': 'Red', 'swatchImageId': 'DP1031202507203715S.tif', 'colorizedImageId': 'DP1016202511153838M.tif', 'colorSeqNum': 1, 'skuId': '79120450018', 'defaultSwatch': False, 'skuAltImages': [{'imgId': 'DP1016202511154045M.tif', 'colorSeq': 0}, {'imgId': 'DP1016202511153735M.tif', 'colorSeq': 1}, {'imgId': 'DP1016202511153631M.tif', 'colorSeq': 6}]}]",/p/julia-hanging-egg-chair-with-cushion-and-stand/ppr5008259469?pTmplType=regular&searchTerm=patio+and+outdoor+furniture&geoZip=55057,"[{'message': 'Online Only', 'icon': 'mouse'}, {'message': 'Available for Shipping', 'icon': 'check'}]",False,791,True,922.5,922.5,RECLINER,False,False,2023-01-04T22:03:33,DP1016202511153838M.tif,DP1016202511154045M.tif,,,https://www.jcpenney.com/p/julia-hanging-egg-chair-with-cushion-and-stand/ppr5008259469?pTmplType=regular&searchTerm=patio+and+outdoor+furniture&geoZip=55057,20251225,patio and outdoor furniture
Contemporary Lounge Chair,ppr5008256332,4.0,1.0,300.0,300.0,300.0,300.0,ORIGINAL,False,False,available online only,False,False,original,False,True,"['Features: Weather Resistant, Quick Ship', 'Manufacturer Warranty: 1 Year', 'Seating Capacity: 1', 'Tools Required: Allen Wrench (included)', 'Measurements: 25 Width/Inches, 34 Height/Inches']",0.0,0.0,ORIGINAL,False,False,79120020018,USD,more brands,"[{'colorName': 'Green', 'swatchImageId': 'DP0616202207095294S.tif', 'colorizedImageId': 'DP0616202207095191M.tif', 'colorSeqNum': 1, 'skuId': '79120020018', 'defaultSwatch': False, 'skuAltImages': [{'imgId': 'DP0616202207095706M.tif', 'colorSeq': 0}, {'imgId': 'DP0616202207095603M.tif', 'colorSeq': 1}, {'imgId': 'DP0616202207095500M.tif', 'colorSeq': 2}]}]",/p/contemporary-lounge-chair/ppr5008256332?pTmplType=regular&searchTerm=patio+and+outdoor+furniture&geoZip=55057,"[{'message': 'Online Only', 'icon': 'mouse'}, {'message': 'Available for Shipping', 'icon': 'check'}]",False,791,True,270.0,270.0,GIFTWRAP,False,False,2022-06-16T22:02:22,DP0616202207095191M.tif,DP0616202207095706M.tif,"[{'name': 'Few Left', 'priority': 1, 'urlParam': 'fewleft'}]",,https://www.jcpenney.com/p/contemporary-lounge-chair/ppr5008256332?pTmplType=regular&searchTerm=patio+and+outdoor+furniture&geoZip=55057,20251225,patio and outdoor furniture
Tristana 2 Pack,ppr5008255092,5.0,1.0,840.0,840.0,840.0,840.0,ORIGINAL,False,False,available online only,False,False,original,False,True,"['# Pieces In Set: 2-Pack', 'Features: Portable', 'Manufacturer Warranty: 1 Year', 'Seating Capacity: 2', 'Measurements: 22.75 Width/Inches, 33.5 Height/Inches, 21.75 Depth/Inches']",0.0,0.0,ORIGINAL,False,False,79119660026,USD,more brands,"[{'colorName': 'Green', 'swatchImageId': 'DP1023202515114251S.tif', 'colorizedImageId': 'DP1023202515114148M.tif', 'colorSeqNum': 1, 'skuId': '79119660026', 'defaultSwatch': False, 'skuAltImages': [{'imgId': 'DP0609202215105589M.tif', 'colorSeq': 0}, {'imgId': 'DP1023202515114772M.tif', 'colorSeq': 1}, {'imgId': 'DP1023202515114461M.tif', 'colorSeq': 2}]}]",/p/tristana-2-pack/ppr5008255092?pTmplType=regular&searchTerm=patio+and+outdoor+furniture&geoZip=55057,"[{'message': 'Online Only', 'icon': 'mouse'}, {'message': 'Available for Shipping', 'icon': 'check'}]",False,791,True,630.0,630.0,RECLINER,False,False,2022-06-09T22:06:55,DP1023202515114148M.tif,DP0609202215105589M.tif,,,https://www.jcpenney.com/p/tristana-2-pack/ppr5008255092?pTmplType=regular&searchTerm=patio+and+outdoor+furniture&geoZip=55057,20251225,patio and outdoor furniture
Safavieh Greer Outdoor Collection 2-pc. Adriondack Chair,ppr5008086429,,,820.0,820.0,820.0,820.0,ORIGINAL,False,False,available online only,False,False,original,False,True,"['# Pieces In Set: 2', 'Included: 2 Chair(s)', 'Features: Removable Cushion Covers, Quick Ship, Weather Resistant', 'Joinery: Welded Joint', 'Seating Capacity: 1']",0.0,0.0,ORIGINAL,False,False,79108070018,USD,safavieh,"[{'colorName': 'Grey', 'swatchImageId': 'DP0215202107030451S.tif', 'colorizedImageId': 'DP0215202107030443M.tif', 'colorSeqNum': 1, 'skuId': '79108070018', 'defaultSwatch': False, 'skuAltImages': [{'imgId': 'DP0215202107030460M.tif', 'colorSeq': 0}, {'imgId': 'DP0215202107030464M.tif', 'colorSeq': 1}, {'imgId': 'DP0215202107030456M.tif', 'colorSeq': 2}]}]",/p/safavieh-greer-outdoor-collection-2-pc-adriondack-chair/ppr5008086429?pTmplType=regular&searchTerm=patio+and+outdoor+furniture&geoZip=55057,"[{'message': 'Online Only', 'icon': 'mouse'}, {'message': 'Available for Shipping', 'icon': 'check'}]",False,791,True,615.0,615.0,RECLINER,False,False,2021-02-15T22:04:29,DP0215202107030443M.tif,DP0215202107030460M.tif,,,https://www.jcpenney.com/p/safavieh-greer-outdoor-collection-2-pc-adriondack-chair/ppr5008086429?pTmplType=regular&searchTerm=patio+and+outdoor+furniture&geoZip=55057,20251225,patio and outdoor furniture
Safavieh Blison Folding Chairs 2-pc. Lounge Chair,ppr5008081515,,,430.0,430.0,430.0,430.0,ORIGINAL,False,False,available online only,False,False,original,False,True,"['# Pieces In Set: 2', 'Included: 2 Chair(s)', 'Features: Folding, Quick Ship, Weather Resistant', 'Joinery: Screwed', 'Seating Capacity: 1']",0.0,0.0,ORIGINAL,False,False,79105070026,USD,safavieh,"[{'colorName': 'Natural', 'swatchImageId': 'DP0526202107015386S.tif', 'colorizedImageId': 'DP0525202113005399M.tif', 'colorSeqNum': 1, 'skuId': '79105070026', 'defaultSwatch': False, 'skuAltImages': [{'imgId': 'DP0525202113005419M.tif', 'colorSeq': 0}, {'imgId': 'DP0525202113005414M.tif', 'colorSeq': 1}, {'imgId': 'DP0525202113005411M.tif', 'colorSeq': 2}]}]",/p/safavieh-blison-folding-chairs-2-pc-lounge-chair/ppr5008081515?pTmplType=regular&searchTerm=patio+and+outdoor+furniture&geoZip=55057,"[{'message': 'Online Only', 'icon': 'mouse'}, {'message': 'Available for Shipping', 'icon': 'check'}]",False,791,True,387.0,387.0,GIFTWRAP,False,False,2021-02-09T22:06:26,DP0525202113005399M.tif,DP0525202113005419M.tif,,,https://www.jcpenney.com/p/safavieh-blison-folding-chairs-2-pc-lounge-chair/ppr5008081515?pTmplType=regular&searchTerm=patio+and+outdoor+furniture&geoZip=55057,20251225,patio and outdoor furniture
Safavieh California Bar Stool,ppr5008341765,,,770.0,770.0,770.0,770.0,ORIGINAL,False,False,available online only,False,False,original,False,True,"['Included: 1 Stool(s)', 'Seating Capacity: 1', 'Measurements: 25.5 Width/Inches, 42.5 Height/Inches, 22.5 Depth/Inches', 'Dining Height: Bar Height', 'Maximum Weight Limit: 350 Lbs']",0.0,0.0,ORIGINAL,False,False,79122900059,USD,safavieh,"[{'colorName': 'Natural', 'swatchImageId': 'DP0317202307295143S.tif', 'colorizedImageId': 'DP0317202307293070M.tif', 'colorSeqNum': 1, 'skuId': '79122900018', 'defaultSwatch': False, 'skuAltImages': [{'imgId': 'DP0317202307293587M.tif', 'colorSeq': 0}, {'imgId': 'DP0317202307294108M.tif', 'colorSeq': 1}, {'imgId': 'DP0317202307295663M.tif', 'colorSeq': 2}]}, {'colorName': 'Navy', 'swatchImageId': 'DP0317202307295247S.tif', 'colorizedImageId': 'DP0317202307293173M.tif', 'colorSeqNum': 2, 'skuId': '79122900026', 'defaultSwatch': False, 'skuAltImages': [{'imgId': 'DP0317202307293691M.tif', 'colorSeq': 0}, {'imgId': 'DP0317202307294212M.tif', 'colorSeq': 1}, {'imgId': 'DP0317202307295768M.tif', 'colorSeq': 2}]}, {'colorName': 'White', 'swatchImageId': 'DP0317202307295455S.tif', 'colorizedImageId': 'DP0317202307293380M.tif', 'colorSeqNum': 3, 'skuId': '79122900034', 'defaultSwatch': False, 'skuAltImages': [{'imgId': 'DP0317202307293900M.tif', 'colorSeq': 0}, {'imgId': 'DP0317202307294419M.tif', 'colorSeq': 1}, {'imgId': 'DP0317202307295975M.tif', 'colorSeq': 2}]}, {'colorName': 'White Navy', 'swatchImageId': 'DP0317202307295560S.tif', 'colorizedImageId': 'DP0317202307293484M.tif', 'colorSeqNum': 4, 'skuId': '79122900042', 'defaultSwatch': False, 'skuAltImages': [{'imgId': 'DP0317202307294004M.tif', 'colorSeq': 0}, {'imgId': 'DP0317202307294522M.tif', 'colorSeq': 1}, {'imgId': 'DP0317202307300078M.tif', 'colorSeq': 2}]}, {'colorName': 'Navy White', 'swatchImageId': 'DP0317202307295351S.tif', 'colorizedImageId': 'DP0317202307293277M.tif', 'colorSeqNum': 5, 'skuId': '79122900059', 'defaultSwatch': False, 'skuAltImages': [{'imgId': 'DP0317202307293796M.tif', 'colorSeq': 0}, {'imgId': 'DP0317202307294315M.tif', 'colorSeq': 1}, {'imgId': 'DP0317202307295871M.tif', 'colorSeq': 2}]}]",/p/safavieh-california-bar-stool/ppr5008341765?pTmplType=regular&searchTerm=patio+and+outdoor+furniture&geoZip=55057,"[{'message': 'Online Only', 'icon': 'mouse'}, {'message': 'Available for Shipping', 'icon': 'check'}]",False,791,True,577.5,577.5,RECLINER,False,False,2023-03-17T22:03:31,DP0317202307293070M.tif,DP0317202307293587M.tif,,,https://www.jcpenney.com/p/safavieh-california-bar-stool/ppr5008341765?pTmplType=regular&searchTerm=patio+and+outdoor+furniture&geoZip=55057,20251225,patio and outdoor furniture
Mozaic Company Sunbrella Bench Cushion Bristol,ppr5008321180,,,159.99,168.99,267.0,283.0,SALE,False,False,available online only,False,False,original,False,True,"['Features: Stain Resistant, Water Resistant, Weather Resistant', 'Finishing Feature: Knife-Edge', 'Use: Outdoor', 'Seat Cushion Measurements: 60 Depth/Inches, 19 Width/Inches, 3 Height/Inches', 'Base Material: 100% Acrylic']",0.0,0.0,SALE,False,False,62731240018,USD,more brands,"[{'colorName': 'Cabana Classic', 'swatchImageId': 'DP0110202307282266S.tif', 'colorizedImageId': 'DP0110202307282164M.tif', 'colorSeqNum': 1, 'skuId': '62731190018', 'defaultSwatch': False, 'skuAltImages': [{'imgId': 'DP0110202307282574M.tif', 'colorSeq': 0}, {'imgId': 'DP0110202307282471M.tif', 'colorSeq': 1}, {'imgId': 'DP0110202307282368M.tif', 'colorSeq': 2}]}, {'colorName': 'Canvas Black', 'swatchImageId': 'DP0110202307285150S.tif', 'colorizedImageId': 'DP0110202307285459M.tif', 'colorSeqNum': 2, 'skuId': '62731340018', 'defaultSwatch': False, 'skuAltImages': [{'imgId': 'DP0110202307285356M.tif', 'colorSeq': 1}, {'imgId': 'DP0110202307285252M.tif', 'colorSeq': 2}, {'imgId': 'DP0110202307285047M.tif', 'colorSeq': 3}]}, {'colorName': 'Spectrum Digo', 'swatchImageId': 'DP0110202307283400S.tif', 'colorizedImageId': 'DP0110202307283295M.tif', 'colorSeqNum': 3, 'skuId': '62731240018', 'defaultSwatch': False, 'skuAltImages': [{'imgId': 'DP0110202307283708M.tif', 'colorSeq': 0}, {'imgId': 'DP0110202307283605M.tif', 'colorSeq': 1}, {'imgId': 'DP0110202307283503M.tif', 'colorSeq': 2}]}]",/p/mozaic-company-sunbrella-bench-cushion-bristol/ppr5008321180?pTmplType=regular&searchTerm=patio+and+outdoor+furniture&geoZip=55057,"[{'message': 'Online Only', 'icon': 'mouse'}, {'message': 'Available for Shipping', 'icon': 'check'}]",False,627,True,152.09,143.99,YULETIDE,False,False,2023-01-27T15:03:59,DP0110202307282164M.tif,DP0110202307282574M.tif,,,https://www.jcpenney.com/p/mozaic-company-sunbrella-bench-cushion-bristol/ppr5008321180?pTmplType=regular&searchTerm=patio+and+outdoor+furniture&geoZip=55057,20251225,patio and outdoor furniture
Linum Home Textiles Chaise Lounge Cover Chair Protector,ppr5008609718,,,84.99,84.99,122.0,122.0,SALE,False,False,available online only,False,False,original,False,True,"['Features: Washable', 'Measurements: 32 Width/Inches, 102 Length/Inches', 'Base Material: 100% Cotton', 'Fiber Content: 100% Cotton', 'Care: Do Not Bleach, Tumble Dry, Machine Wash']",0.0,0.0,SALE,False,False,70908650026,USD,more brands,"[{'colorName': 'White', 'swatchImageId': 'DP0924202509044732S.tif', 'colorizedImageId': 'DP0924202509044315M.tif', 'colorSeqNum': 1, 'skuId': '70908650034', 'defaultSwatch': False, 'skuAltImages': [{'imgId': 'DP0924202509044003M.tif', 'colorSeq': 0}]}, {'colorName': 'Aqua', 'swatchImageId': 'DP0924202509044524S.tif', 'colorizedImageId': 'DP0924202509044106M.tif', 'colorSeqNum': 3, 'skuId': '70908650026', 'defaultSwatch': False, 'skuAltImages': [{'imgId': 'DP0924202509043794M.tif', 'colorSeq': 0}]}]",/p/linum-home-textiles-chaise-lounge-cover-chair-protector/ppr5008609718?pTmplType=regular&searchTerm=patio+and+outdoor+furniture&geoZip=55057,"[{'message': 'Online Only', 'icon': 'mouse'}, {'message': 'Available for Shipping', 'icon': 'check'}]",False,709,True,59.49,59.49,YULETIDE,False,False,2025-09-24T22:03:14,DP0924202509044315M.tif,DP0924202509044003M.tif,,,https://www.jcpenney.com/p/linum-home-textiles-chaise-lounge-cover-chair-protector/ppr5008609718?pTmplType=regular&searchTerm=patio+and+outdoor+furniture&geoZip=55057,20251225,patio and outdoor furniture
Mozaic Company 48''X19''X3'' Bench Corded Patio Seat Cushion - Spectrum Digo,ppr5008340887,,,153.99,153.99,258.0,258.0,SALE,False,False,available online only,False,False,original,False,True,"['Features: Weather Resistant, Stain Resistant, Water Resistant', 'Use: Outdoor', 'Seat Cushion Measurements: 3 Height/Inches, 19 Width/Inches, 48 Depth/Inches', 'Base Material: 100% Acrylic', 'Filling Content: 100% Poly-Foam']",0.0,0.0,SALE,False,False,62730430018,USD,more brands,"[{'colorName': 'Spectrum Digo', 'swatchImageId': 'DP0110202307211517S.tif', 'colorizedImageId': 'DP0110202307211414M.tif', 'colorSeqNum': 1, 'skuId': '62730430018', 'defaultSwatch': False, 'skuAltImages': [{'imgId': 'DP0110202307211824M.tif', 'colorSeq': 0}, {'imgId': 'DP0110202307211722M.tif', 'colorSeq': 1}, {'imgId': 'DP0110202307211620M.tif', 'colorSeq': 2}]}]",/p/mozaic-company-48x19x3-bench-corded-patio-seat-cushion-spectrum-digo/ppr5008340887?pTmplType=regular&searchTerm=patio+and+outdoor+furniture&geoZip=55057,"[{'message': 'Online Only', 'icon': 'mouse'}, {'message': 'Available for Shipping', 'icon': 'check'}]",False,627,True,138.59,138.59,YULETIDE,False,False,2023-03-07T04:40:46,DP0110202307211414M.tif,DP0110202307211824M.tif,,,https://www.jcpenney.com/p/mozaic-company-48x19x3-bench-corded-patio-seat-cushion-spectrum-digo/ppr5008340887?pTmplType=regular&searchTerm=patio+and+outdoor+furniture&geoZip=55057,20251225,patio and outdoor furniture
Sunnydaze Furniture Collection Lounge Chair,ppr5008102901,5.0,3.0,650.0,650.0,650.0,650.0,ORIGINAL,False,False,available online only,False,False,original,False,True,"['Included: 1 Chair(s)', 'Features: Armless, Removable Cushions, Quick Ship, Lightweight', 'Joinery: Screwed', 'Manufacturer Warranty: 1 Year', 'Seating Capacity: 1']",0.0,0.0,ORIGINAL,False,False,79112730026,USD,more brands,"[{'colorName': 'Light Brown', 'swatchImageId': 'DP0330202109013157S.tif', 'colorizedImageId': 'DP0330202109013137M.tif', 'colorSeqNum': 2, 'skuId': '79112730026', 'defaultSwatch': False, 'skuAltImages': [{'imgId': 'DP0330202109013322M.tif', 'colorSeq': 0}, {'imgId': 'DP0330202109013301M.tif', 'colorSeq': 1}, {'imgId': 'DP0330202109013281M.tif', 'colorSeq': 2}]}, {'colorName': 'Cyan', 'swatchImageId': 'DP0330202109013151S.tif', 'colorizedImageId': 'DP0330202109013131M.tif', 'colorSeqNum': 3, 'skuId': '79112730034', 'defaultSwatch': False}]",/p/sunnydaze-furniture-collection-lounge-chair/ppr5008102901?pTmplType=regular&searchTerm=patio+and+outdoor+furniture&geoZip=55057&selectedSKUId=79112730026,"[{'message': 'Online Only', 'icon': 'mouse'}, {'message': 'Available for Shipping', 'icon': 'check'}]",False,791,True,,,,False,True,2021-04-13T19:02:09,DP0330202109013137M.tif,DP0330202109013322M.tif,,,https://www.jcpenney.com/p/sunnydaze-furniture-collection-lounge-chair/ppr5008102901?pTmplType=regular&searchTerm=patio+and+outdoor+furniture&geoZip=55057&selectedSKUId=79112730026,20251225,patio and outdoor furniture
"Signature Design by Ashley® Hyland Wave Outdoor Coffee Table
",ppr5008438087,,,650.0,650.0,650.0,650.0,ORIGINAL,False,False,available online only,False,False,original,False,True,"['Included: 1 Coffee Table', 'Features: Long Leg, 4 Legs, Weather Resistant, Waterproof', 'Shape: Rectangle', 'Tools Required: Screws (included), Allen Wrench (included)', 'Table Measurements: 18.13 Height/Inches, 44.13 Width/Inches, 24 Length/Inches']",0.0,0.0,ORIGINAL,False,False,79130380018,USD,signature design by ashley,"[{'colorName': 'Black', 'swatchImageId': 'DP0313202413034931S.tif', 'colorizedImageId': 'DP0319202407040812M.tif', 'colorSeqNum': 1, 'skuId': '79130380018', 'defaultSwatch': False, 'skuAltImages': [{'imgId': 'DP0319202407040915M.tif', 'colorSeq': 0}, {'imgId': 'DP0319202407041018M.tif', 'colorSeq': 2}, {'imgId': 'DP0319202407040709M.tif', 'colorSeq': 4}]}, {'colorName': 'White', 'swatchImageId': 'DP0313202413051777S.tif', 'colorizedImageId': 'DP0319202407043793M.tif', 'colorSeqNum': 2, 'skuId': '79130520018', 'defaultSwatch': False, 'skuAltImages': [{'imgId': 'DP0319202407043895M.tif', 'colorSeq': 0}, {'imgId': 'DP0319202407043998M.tif', 'colorSeq': 2}, {'imgId': 'DP0319202407043689M.tif', 'colorSeq': 4}]}]",/p/signature-design-by-ashley-hyland-wave-outdoor-coffee-table/ppr5008438087?pTmplType=regular&searchTerm=patio+and+outdoor+furniture&geoZip=55057&selectedSKUId=79130380018,"[{'message': 'Online Only', 'icon': 'mouse'}, {'message': 'Available for Shipping', 'icon': 'check'}]",False,791,True,585.0,585.0,GIFTWRAP,False,True,2024-03-13T22:04:55,DP0319202407040812M.tif,DP0319202407040915M.tif,,"[{'name': 'Shop the Collection', 'priority': 1, 'urlParam': 'collection'}]",https://www.jcpenney.com/p/signature-design-by-ashley-hyland-wave-outdoor-coffee-table/ppr5008438087?pTmplType=regular&searchTerm=patio+and+outdoor+furniture&geoZip=55057&selectedSKUId=79130380018,20251225,patio and outdoor furniture
"Carlbach Outdoor Teak 48"" Coffee Table",ppr5008451428,,,790.0,790.0,790.0,790.0,ORIGINAL,False,False,available online only,False,False,original,False,True,"['Included: 1 Coffee Table', 'Features: Quick Ship, Easy Pour Spout', 'Joinery: Screwed', 'Manufacturer Warranty: 6 Month', 'Shape: Rectangle']",0.0,0.0,ORIGINAL,False,False,79131500018,USD,more brands,"[{'colorName': 'Brown', 'swatchImageId': 'DP0513202415123964S.tif', 'colorizedImageId': 'DP0513202415123761M.tif', 'colorSeqNum': 1, 'skuId': '79131500018', 'defaultSwatch': False, 'skuAltImages': [{'imgId': 'DP0513202415123863M.tif', 'colorSeq': 0}, {'imgId': 'DP0513202415123659M.tif', 'colorSeq': 1}, {'imgId': 'DP0513202415123558M.tif', 'colorSeq': 2}]}]",/p/carlbach-outdoor-teak-48-coffee-table/ppr5008451428?pTmplType=regular&searchTerm=patio+and+outdoor+furniture&geoZip=55057,"[{'message': 'Online Only', 'icon': 'mouse'}, {'message': 'Available for Shipping', 'icon': 'check'}]",False,791,True,592.5,592.5,RECLINER,False,False,2024-05-13T22:04:55,DP0513202415123761M.tif,DP0513202415123863M.tif,,,https://www.jcpenney.com/p/carlbach-outdoor-teak-48-coffee-table/ppr5008451428?pTmplType=regular&searchTerm=patio+and+outdoor+furniture&geoZip=55057,20251225,patio and outdoor furniture
Ruby Iron Side Table,ppr5008431406,,,245.0,245.0,245.0,245.0,ORIGINAL,False,False,available online only,False,False,original,False,True,"['Included: 1 Table(s)', 'Features: Quick Ship', 'Manufacturer Warranty: 90 Days Limited', 'Shape: Round', 'Dining Height: Standard Height']",0.0,0.0,ORIGINAL,False,False,79129840018,USD,more brands,"[{'colorName': 'White', 'swatchImageId': 'DP0212202407441303S.tif', 'colorizedImageId': 'DP0221202407152279M.tif', 'colorSeqNum': 1, 'skuId': '79129840018', 'defaultSwatch': False, 'skuAltImages': [{'imgId': 'DP0212202407441199M.tif', 'colorSeq': 0}, {'imgId': 'DP0221202407152177M.tif', 'colorSeq': 1}, {'imgId': 'DP0212202407441611M.tif', 'colorSeq': 2}]}]",/p/ruby-iron-side-table/ppr5008431406?pTmplType=regular&searchTerm=patio+and+outdoor+furniture&geoZip=55057,"[{'message': 'Online Only', 'icon': 'mouse'}, {'message': 'Available for Shipping', 'icon': 'check'}]",False,791,True,220.5,220.5,GIFTWRAP,False,False,2024-02-12T22:05:46,DP0221202407152279M.tif,DP0212202407441199M.tif,,,https://www.jcpenney.com/p/ruby-iron-side-table/ppr5008431406?pTmplType=regular&searchTerm=patio+and+outdoor+furniture&geoZip=55057,20251225,patio and outdoor furniture
Nusa Iron Side Table,ppr5008348070,,,200.0,200.0,200.0,200.0,ORIGINAL,False,False,available online only,False,False,original,False,True,"['Included: 1 Table(s)', 'Features: Quick Ship, 4 Legs', 'Seating Capacity: 4', 'Tools Required: Allen Wrench (included), Screws (included)', 'Maximum Weight Limit: 50 Lbs']",0.0,0.0,ORIGINAL,False,False,79123240018,USD,more brands,"[{'colorName': 'White Black', 'swatchImageId': 'DP0329202307123970S.tif', 'colorizedImageId': 'DP0329202307123763M.tif', 'colorSeqNum': 1, 'skuId': '79123240018', 'defaultSwatch': False, 'skuAltImages': [{'imgId': 'DP0329202307123557M.tif', 'colorSeq': 0}, {'imgId': 'DP0329202307123867M.tif', 'colorSeq': 1}, {'imgId': 'DP0329202307124177M.tif', 'colorSeq': 2}]}]",/p/nusa-iron-side-table/ppr5008348070?pTmplType=regular&searchTerm=patio+and+outdoor+furniture&geoZip=55057,"[{'message': 'Online Only', 'icon': 'mouse'}, {'message': 'Available for Shipping', 'icon': 'check'}]",False,791,True,180.0,180.0,GIFTWRAP,False,False,2023-03-29T22:03:20,DP0329202307123763M.tif,DP0329202307123557M.tif,,,https://www.jcpenney.com/p/nusa-iron-side-table/ppr5008348070?pTmplType=regular&searchTerm=patio+and+outdoor+furniture&geoZip=55057,20251225,patio and outdoor furniture
Signature Design by Ashley® Silo Point Patio Side Table,ppr5008244958,5.0,1.0,350.0,350.0,350.0,350.0,ORIGINAL,False,False,available online only,False,False,original,False,True,"['Included: 1 Table(s)', 'Features: Water Resistant', 'Joinery: Butt Joint, Screwed', 'Manufacturer Warranty: 1 Year Parts Limited', 'Shape: Square']",0.0,0.0,ORIGINAL,False,False,79118310018,USD,signature design by ashley,"[{'colorName': 'Brown', 'swatchImageId': 'DP0614202211172585S.tif', 'colorizedImageId': 'DP0614202211172175M.tif', 'colorSeqNum': 1, 'skuId': '79118310018', 'defaultSwatch': False, 'skuAltImages': [{'imgId': 'DP0614202211172278M.tif', 'colorSeq': 0}, {'imgId': 'DP0614202211172380M.tif', 'colorSeq': 1}, {'imgId': 'DP0614202211172482M.tif', 'colorSeq': 2}]}]",/p/signature-design-by-ashley-silo-point-patio-side-table/ppr5008244958?pTmplType=regular&searchTerm=patio+and+outdoor+furniture&geoZip=55057,"[{'message': 'Online Only', 'icon': 'mouse'}, {'message': 'Available for Shipping', 'icon': 'check'}]",False,791,True,315.0,315.0,GIFTWRAP,False,False,2022-06-14T22:06:00,DP0614202211172175M.tif,DP0614202211172278M.tif,,,https://www.jcpenney.com/p/signature-design-by-ashley-silo-point-patio-side-table/ppr5008244958?pTmplType=regular&searchTerm=patio+and+outdoor+furniture&geoZip=55057,20251225,patio and outdoor furniture
Offset Patio Umbrella,ppr5007987645,1.5,2.0,450.0,450.0,450.0,450.0,ORIGINAL,False,False,available online only,False,False,original,False,True,"['Features: Uv Protection', 'Assembly: Ready-To-Assemble', 'Base Material: 100% Steel', 'Finish: Painted', 'Care: Spot Clean, Wipe Clean']",0.0,0.0,ORIGINAL,False,False,79105840059,USD,more brands,"[{'colorName': 'Sandy Brown', 'swatchImageId': 'DP0220202109010907S.tif', 'colorizedImageId': 'DP0220202111014109M.tif', 'colorSeqNum': 1, 'skuId': '79105840018', 'defaultSwatch': False, 'skuAltImages': [{'imgId': 'DP0220202111014574M.tif', 'colorSeq': 0}, {'imgId': 'DP0220202111014528M.tif', 'colorSeq': 1}, {'imgId': 'DP0220202111014482M.tif', 'colorSeq': 2}]}, {'colorName': 'Turquoise Blue', 'swatchImageId': 'DP0220202109010911S.tif', 'colorizedImageId': 'DP0220202111014113M.tif', 'colorSeqNum': 3, 'skuId': '79105840026', 'defaultSwatch': False, 'skuAltImages': [{'imgId': 'DP0220202111014578M.tif', 'colorSeq': 0}, {'imgId': 'DP0220202111014532M.tif', 'colorSeq': 1}, {'imgId': 'DP0220202111014486M.tif', 'colorSeq': 2}]}, {'colorName': 'Lime Green', 'swatchImageId': 'DP0220202109010896S.tif', 'colorizedImageId': 'DP0220202111014096M.tif', 'colorSeqNum': 4, 'skuId': '79105840042', 'defaultSwatch': False, 'skuAltImages': [{'imgId': 'DP0220202111014563M.tif', 'colorSeq': 0}, {'imgId': 'DP0220202111014517M.tif', 'colorSeq': 1}, {'imgId': 'DP0220202111014470M.tif', 'colorSeq': 2}]}, {'colorName': 'Wine Red', 'swatchImageId': 'DP0220202109010918S.tif', 'colorizedImageId': 'DP0220202111014120M.tif', 'colorSeqNum': 5, 'skuId': '79105840059', 'defaultSwatch': False, 'skuAltImages': [{'imgId': 'DP0220202111014587M.tif', 'colorSeq': 0}, {'imgId': 'DP0220202111014539M.tif', 'colorSeq': 1}, {'imgId': 'DP0220202111014494M.tif', 'colorSeq': 2}]}, {'colorName': 'Sandy Grey', 'swatchImageId': 'DP0224202107045600S.tif', 'colorizedImageId': 'DP0223202107031380M.tif', 'colorSeqNum': 6, 'skuId': '79105840067', 'defaultSwatch': False, 'skuAltImages': [{'imgId': 'DP0223202107031412M.tif', 'colorSeq': 0}, {'imgId': 'DP0223202107031409M.tif', 'colorSeq': 1}, {'imgId': 'DP0223202107031405M.tif', 'colorSeq': 2}]}, {'colorName': 'Orange', 'swatchImageId': 'DP0220202109010900S.tif', 'colorizedImageId': 'DP0220202111014101M.tif', 'colorSeqNum': 8, 'skuId': '79105840083', 'defaultSwatch': False, 'skuAltImages': [{'imgId': 'DP0220202111014567M.tif', 'colorSeq': 0}, {'imgId': 'DP0220202111014521M.tif', 'colorSeq': 1}, {'imgId': 'DP0220202111014474M.tif', 'colorSeq': 2}]}, {'colorName': 'Yellow', 'swatchImageId': 'DP0220202109010921S.tif', 'colorizedImageId': 'DP0220202111014124M.tif', 'colorSeqNum': 9, 'skuId': '79105840091', 'defaultSwatch': False, 'skuAltImages': [{'imgId': 'DP0220202111014590M.tif', 'colorSeq': 0}, {'imgId': 'DP0220202111014543M.tif', 'colorSeq': 1}, {'imgId': 'DP0220202111014498M.tif', 'colorSeq': 2}]}, {'colorName': 'Crimson Red', 'swatchImageId': 'DP0220202109010889S.tif', 'colorizedImageId': 'DP0220202111014089M.tif', 'colorSeqNum': 10, 'skuId': '79105840109', 'defaultSwatch': False, 'skuAltImages': [{'imgId': 'DP0220202111014554M.tif', 'colorSeq': 0}, {'imgId': 'DP0220202111014510M.tif', 'colorSeq': 1}, {'imgId': 'DP0220202111014459M.tif', 'colorSeq': 2}]}, {'colorName': 'Forest Green', 'swatchImageId': 'DP0220202109010892S.tif', 'colorizedImageId': 'DP0220202111014093M.tif', 'colorSeqNum': 11, 'skuId': '79105840117', 'defaultSwatch': False, 'skuAltImages': [{'imgId': 'DP0220202111014558M.tif', 'colorSeq': 0}, {'imgId': 'DP0220202111014514M.tif', 'colorSeq': 1}, {'imgId': 'DP0220202111014466M.tif', 'colorSeq': 2}]}, {'colorName': 'Cobalt Blue', 'swatchImageId': 'DP0220202109010885S.tif', 'colorizedImageId': 'DP0220202111014084M.tif', 'colorSeqNum': 12, 'skuId': '79105840125', 'defaultSwatch': False, 'skuAltImages': [{'imgId': 'DP0220202111014550M.tif', 'colorSeq': 0}, {'imgId': 'DP0220202111014506M.tif', 'colorSeq': 1}, {'imgId': 'DP0220202111014453M.tif', 'colorSeq': 2}]}]",/p/offset-patio-umbrella/ppr5007987645?pTmplType=regular&searchTerm=patio+and+outdoor+furniture&geoZip=55057,"[{'message': 'Online Only', 'icon': 'mouse'}, {'message': 'Available for Shipping', 'icon': 'check'}]",False,791,True,405.0,405.0,GIFTWRAP,False,False,2020-09-08T15:03:33,DP0220202111014109M.tif,DP0220202111014574M.tif,,,https://www.jcpenney.com/p/offset-patio-umbrella/ppr5007987645?pTmplType=regular&searchTerm=patio+and+outdoor+furniture&geoZip=55057,20251225,patio and outdoor furniture
5-pc. Round Dining Set,ppr5008336769,,,3025.0,3025.0,3025.0,3025.0,ORIGINAL,False,False,available online only,False,False,original,False,True,"['# Pieces In Set: 5', 'Included: 1 Table(s), 4 Chair(s)', 'Features: Quick Ship, Umbrella Hole, 4 Legs', 'Seating Capacity: 4', 'Shape: Round']",0.0,0.0,ORIGINAL,False,False,79122660018,USD,more brands,"[{'colorName': 'Brown', 'swatchImageId': 'DP0314202309323014S.tif', 'colorizedImageId': 'DP0314202309322597M.tif', 'colorSeqNum': 1, 'skuId': '79122660018', 'defaultSwatch': False, 'skuAltImages': [{'imgId': 'DP0314202309322700M.tif', 'colorSeq': 0}, {'imgId': 'DP0314202309322805M.tif', 'colorSeq': 1}, {'imgId': 'DP0314202309322389M.tif', 'colorSeq': 2}]}]",/p/5-pc-round-dining-set/ppr5008336769?pTmplType=regular&searchTerm=patio+and+outdoor+furniture&geoZip=55057,"[{'message': 'Online Only', 'icon': 'mouse'}, {'message': 'Available for Shipping', 'icon': 'check'}]",False,791,True,2268.75,2268.75,RECLINER,False,False,2023-03-14T22:10:13,DP0314202309322597M.tif,DP0314202309322700M.tif,,,https://www.jcpenney.com/p/5-pc-round-dining-set/ppr5008336769?pTmplType=regular&searchTerm=patio+and+outdoor+furniture&geoZip=55057,20251225,patio and outdoor furniture
3-pc. Bistro Set,ppr5008336597,,,1280.0,1280.0,1280.0,1280.0,ORIGINAL,False,False,available online only,False,False,original,False,True,"['# Pieces In Set: 3', 'Included: 2 Chair(s), 1 Table(s)', 'Features: Quick Ship, 4 Legs', 'Seating Capacity: 2', 'Shape: Circle']",0.0,0.0,ORIGINAL,False,False,79122010018,USD,more brands,"[{'colorName': 'Brown Teak', 'swatchImageId': 'DP0314202309214197S.tif', 'colorizedImageId': 'DP0314202309213784M.tif', 'colorSeqNum': 1, 'skuId': '79122010018', 'defaultSwatch': False, 'skuAltImages': [{'imgId': 'DP0314202309213887M.tif', 'colorSeq': 0}, {'imgId': 'DP0314202309213990M.tif', 'colorSeq': 1}, {'imgId': 'DP0314202309213576M.tif', 'colorSeq': 2}]}]",/p/3-pc-bistro-set/ppr5008336597?pTmplType=regular&searchTerm=patio+and+outdoor+furniture&geoZip=55057,"[{'message': 'Online Only', 'icon': 'mouse'}, {'message': 'Available for Shipping', 'icon': 'check'}]",False,791,True,960.0,960.0,RECLINER,False,False,2023-03-14T22:09:56,DP0314202309213784M.tif,DP0314202309213887M.tif,,,https://www.jcpenney.com/p/3-pc-bistro-set/ppr5008336597?pTmplType=regular&searchTerm=patio+and+outdoor+furniture&geoZip=55057,20251225,patio and outdoor furniture
Leah 3-pc. Bistro Set,ppr5008330484,,,825.0,825.0,825.0,825.0,ORIGINAL,False,False,available online only,False,False,original,False,True,"['# Pieces In Set: 3', 'Included: 2 Chair(s), 1 Table(s)', 'Features: Water Resistant, Quick Ship', 'Manufacturer Warranty: 90 Days Limited', 'Seating Capacity: 2']",0.0,0.0,ORIGINAL,False,False,79121500018,USD,more brands,"[{'colorName': 'Gray', 'swatchImageId': 'DP0215202307373518S.tif', 'colorizedImageId': 'DP0215202307373416M.tif', 'colorSeqNum': 1, 'skuId': '79121500018', 'defaultSwatch': False, 'skuAltImages': [{'imgId': 'DP0215202307373724M.tif', 'colorSeq': 0}, {'imgId': 'DP0215202307373827M.tif', 'colorSeq': 1}, {'imgId': 'DP0215202307373930M.tif', 'colorSeq': 2}]}]",/p/leah-3-pc-bistro-set/ppr5008330484?pTmplType=regular&searchTerm=patio+and+outdoor+furniture&geoZip=55057,"[{'message': 'Online Only', 'icon': 'mouse'}, {'message': 'Available for Shipping', 'icon': 'check'}]",False,791,True,618.75,618.75,RECLINER,False,False,2023-02-15T22:05:03,DP0215202307373416M.tif,DP0215202307373724M.tif,,,https://www.jcpenney.com/p/leah-3-pc-bistro-set/ppr5008330484?pTmplType=regular&searchTerm=patio+and+outdoor+furniture&geoZip=55057,20251225,patio and outdoor furniture
Creekside Patio Collection 3-pc. Bistro Set Folding,ppr5008103980,,,812.0,812.0,812.0,812.0,ORIGINAL,False,False,available online only,False,False,original,False,True,"['# Pieces In Set: 3', 'Included: 1 Table(s), 2 Chair(s)', 'Features: Quick Ship, Folding, Weather Resistant, Armless', 'Joinery: Butt Joint, Screwed', 'Manufacturer Warranty: 6 Month']",0.0,0.0,ORIGINAL,False,False,79113070018,USD,more brands,"[{'colorName': 'Acorn', 'swatchImageId': 'DP0409202111032484S.tif', 'colorizedImageId': 'DP0414202113005614M.tif', 'colorSeqNum': 1, 'skuId': '79113070018', 'defaultSwatch': False, 'skuAltImages': [{'imgId': 'DP0414202113005673M.tif', 'colorSeq': 0}, {'imgId': 'DP0414202113005680M.tif', 'colorSeq': 1}, {'imgId': 'DP0414202113005662M.tif', 'colorSeq': 2}]}]",/p/creekside-patio-collection-3-pc-bistro-set-folding/ppr5008103980?pTmplType=regular&searchTerm=patio+and+outdoor+furniture&geoZip=55057,"[{'message': 'Online Only', 'icon': 'mouse'}, {'message': 'Available for Shipping', 'icon': 'check'}]",False,791,True,609.0,609.0,RECLINER,False,False,2021-04-14T22:03:55,DP0414202113005614M.tif,DP0414202113005673M.tif,,,https://www.jcpenney.com/p/creekside-patio-collection-3-pc-bistro-set-folding/ppr5008103980?pTmplType=regular&searchTerm=patio+and+outdoor+furniture&geoZip=55057,20251225,patio and outdoor furniture
Hanging Chair Hammock Swing Set,ppr5008102498,4.2727,11.0,450.0,450.0,450.0,450.0,ORIGINAL,False,False,available online only,False,False,original,False,True,"['Included: 1 Hammock Stand(s), 1 Set of Assembly Instructions, 1 Hammock(s), 1 Pillow(s)', 'Features: Quick Ship, Weather Resistant', 'Manufacturer Warranty: 1 Year', 'Seating Capacity: 1', 'Measurements: 60 Height/Inches, 58 Depth/Inches, 38 Width/Inches']",0.0,0.0,ORIGINAL,False,False,79112310026,USD,more brands,"[{'colorName': 'Dark Blue', 'swatchImageId': 'DP0330202109011676S.tif', 'colorizedImageId': 'DP0330202109011656M.tif', 'colorSeqNum': 1, 'skuId': '79112310018', 'defaultSwatch': False, 'skuAltImages': [{'imgId': 'DP0330202109011817M.tif', 'colorSeq': 0}, {'imgId': 'DP0330202109011796M.tif', 'colorSeq': 1}, {'imgId': 'DP0330202109011776M.tif', 'colorSeq': 2}]}, {'colorName': 'Light Blue', 'swatchImageId': 'DP0330202109011682S.tif', 'colorizedImageId': 'DP0330202109011663M.tif', 'colorSeqNum': 2, 'skuId': '79112310026', 'defaultSwatch': False, 'skuAltImages': [{'imgId': 'DP0330202109011823M.tif', 'colorSeq': 0}, {'imgId': 'DP0330202109011803M.tif', 'colorSeq': 1}, {'imgId': 'DP0330202109011783M.tif', 'colorSeq': 2}]}, {'colorName': 'Orange', 'swatchImageId': 'DP0330202109011689S.tif', 'colorizedImageId': 'DP0330202109011670M.tif', 'colorSeqNum': 3, 'skuId': '79112310034', 'defaultSwatch': False, 'skuAltImages': [{'imgId': 'DP0330202109011830M.tif', 'colorSeq': 0}, {'imgId': 'DP0330202109011810M.tif', 'colorSeq': 1}, {'imgId': 'DP0330202109011790M.tif', 'colorSeq': 2}]}]",/p/hanging-chair-hammock-swing-set/ppr5008102498?pTmplType=regular&searchTerm=patio+and+outdoor+furniture&geoZip=55057,"[{'message': 'Online Only', 'icon': 'mouse'}, {'message': 'Available for Shipping', 'icon': 'check'}]",False,791,True,,,,False,False,2021-04-13T19:02:09,DP0330202109011656M.tif,DP0330202109011817M.tif,,,https://www.jcpenney.com/p/hanging-chair-hammock-swing-set/ppr5008102498?pTmplType=regular&searchTerm=patio+and+outdoor+furniture&geoZip=55057,20251225,patio and outdoor furniture
Spink Upholstered Loveseat,ppr5008455150,,,1330.0,1330.0,1330.0,1330.0,ORIGINAL,False,False,available online only,False,False,original,False,True,"['Included: 1 Seat Cushion(s)', 'Features: Upholstered, Quick Ship', 'Joinery: Screwed', 'Manufacturer Warranty: 6 Month', 'Seating Capacity: 2']",0.0,0.0,ORIGINAL,True,False,79131680018,USD,more brands,"[{'colorName': 'White', 'swatchImageId': 'DP0524202413373311S.tif', 'colorizedImageId': 'DP0524202413373006M.tif', 'colorSeqNum': 1, 'skuId': '79131680018', 'defaultSwatch': False, 'skuAltImages': [{'imgId': 'DP0524202413373108M.tif', 'colorSeq': 0}, {'imgId': 'DP0524202413373210M.tif', 'colorSeq': 1}, {'imgId': 'DP0524202411435571M.tif', 'colorSeq': 2}]}]",/p/spink-upholstered-loveseat/ppr5008455150?pTmplType=regular&searchTerm=patio+and+outdoor+furniture&geoZip=55057,"[{'message': 'Online Only', 'icon': 'mouse'}, {'message': 'Available for Shipping', 'icon': 'check'}]",False,791,True,997.5,997.5,RECLINER,False,False,2024-05-24T22:09:02,DP0524202413373006M.tif,DP0524202413373108M.tif,,,https://www.jcpenney.com/p/spink-upholstered-loveseat/ppr5008455150?pTmplType=regular&searchTerm=patio+and+outdoor+furniture&geoZip=55057,20251225,patio and outdoor furniture
Claremont Patio Daybed,ppr5008376209,,,1265.0,1265.0,1265.0,1265.0,ORIGINAL,False,False,available online only,False,False,original,False,True,"['Features: Upholstered', 'Manufacturer Warranty: 90 Days Limited', 'Seating Capacity: 3', 'Tools Required: Allen Wrench (included), Screws (included)', 'Chair Measurements: 67.75 Width/Inches, 24 Height/Inches, 32.25 Depth/Inches']",0.0,0.0,ORIGINAL,False,False,79126510018,USD,more brands,"[{'colorName': 'Light Gray', 'swatchImageId': 'DP0705202307082168S.tif', 'colorizedImageId': 'DP0705202307081859M.tif', 'colorSeqNum': 1, 'skuId': '79126510018', 'defaultSwatch': False, 'skuAltImages': [{'imgId': 'DP0705202307081962M.tif', 'colorSeq': 0}, {'imgId': 'DP0705202307082272M.tif', 'colorSeq': 1}, {'imgId': 'DP0705202307081653M.tif', 'colorSeq': 2}]}]",/p/claremont-patio-daybed/ppr5008376209?pTmplType=regular&searchTerm=patio+and+outdoor+furniture&geoZip=55057,"[{'message': 'Online Only', 'icon': 'mouse'}, {'message': 'Available for Shipping', 'icon': 'check'}]",False,791,True,948.75,948.75,RECLINER,False,False,2023-07-10T07:08:28,DP0705202307081859M.tif,DP0705202307081962M.tif,,,https://www.jcpenney.com/p/claremont-patio-daybed/ppr5008376209?pTmplType=regular&searchTerm=patio+and+outdoor+furniture&geoZip=55057,20251225,patio and outdoor furniture
Oana 5-pc. Loveseat,ppr5008348067,,,1830.0,1830.0,1830.0,1830.0,ORIGINAL,False,False,available online only,False,False,original,False,True,"['# Pieces In Set: 5', 'Included: 2 Seat Back Cushion(s), 1 Seat Cushion(s), 1 Loveseat(s), 1 Coffee Table', 'Features: Quick Ship, 4 Legs, Water Resistant', 'Seating Capacity: 2', 'Tools Required: Allen Wrench (included), Screws (included)']",0.0,0.0,ORIGINAL,False,False,79123210018,USD,more brands,"[{'colorName': 'Dark Gray', 'swatchImageId': 'DP0329202307121591S.tif', 'colorizedImageId': 'DP0329202307121385M.tif', 'colorSeqNum': 1, 'skuId': '79123210018', 'defaultSwatch': False, 'skuAltImages': [{'imgId': 'DP0329202307121488M.tif', 'colorSeq': 0}, {'imgId': 'DP0329202307121798M.tif', 'colorSeq': 1}, {'imgId': 'DP0329202307121694M.tif', 'colorSeq': 2}]}]",/p/oana-5-pc-loveseat/ppr5008348067?pTmplType=regular&searchTerm=patio+and+outdoor+furniture&geoZip=55057,"[{'message': 'Online Only', 'icon': 'mouse'}, {'message': 'Available for Shipping', 'icon': 'check'}]",False,791,True,1372.5,1372.5,RECLINER,False,False,2023-03-29T22:03:19,DP0329202307121385M.tif,DP0329202307121488M.tif,,,https://www.jcpenney.com/p/oana-5-pc-loveseat/ppr5008348067?pTmplType=regular&searchTerm=patio+and+outdoor+furniture&geoZip=55057,20251225,patio and outdoor furniture
Timpanogos Casual 2-pc. Dining Chair,ppr5008234209,,,1200.0,1200.0,1200.0,1200.0,ORIGINAL,False,False,available online only,False,False,original,False,True,"['# Pieces In Set: 2', 'Included: 2 Chair(s)', 'Features: Outdoor, Weather Resistant, Quick Ship, 4 Legs, Waterproof', 'Joinery: Cam And Bolt Lock', 'Manufacturer Warranty: 1 Year']",0.0,0.0,ORIGINAL,False,False,79115520018,USD,more brands,"[{'colorName': 'Brown', 'swatchImageId': 'DP0418202209021020S.tif', 'colorizedImageId': 'DP0418202209021017M.tif', 'colorSeqNum': 1, 'skuId': '79115520018', 'defaultSwatch': False, 'skuAltImages': [{'imgId': 'DP0418202209021023M.tif', 'colorSeq': 0}, {'imgId': 'DP0418202209021036M.tif', 'colorSeq': 1}, {'imgId': 'DP0418202209021033M.tif', 'colorSeq': 2}]}, {'colorName': 'Dark Gray', 'swatchImageId': 'DP0419202207025995S.tif', 'colorizedImageId': 'DP0419202207025992M.tif', 'colorSeqNum': 2, 'skuId': '79115520026', 'defaultSwatch': False, 'skuAltImages': [{'imgId': 'DP0419202207025997M.tif', 'colorSeq': 0}, {'imgId': 'DP0419202207030011M.tif', 'colorSeq': 1}, {'imgId': 'DP0419202207030001M.tif', 'colorSeq': 2}]}]",/p/timpanogos-casual-2-pc-dining-chair/ppr5008234209?pTmplType=regular&searchTerm=patio+and+outdoor+furniture&geoZip=55057,"[{'message': 'Online Only', 'icon': 'mouse'}, {'message': 'Available for Shipping', 'icon': 'check'}]",False,791,True,900.0,900.0,RECLINER,False,False,2022-04-18T22:04:52,DP0418202209021017M.tif,DP0418202209021023M.tif,,,https://www.jcpenney.com/p/timpanogos-casual-2-pc-dining-chair/ppr5008234209?pTmplType=regular&searchTerm=patio+and+outdoor+furniture&geoZip=55057,20251225,patio and outdoor furniture
Mirage 4-pc. Dining Chair,ppr5008379853,,,1120.0,1120.0,1120.0,1120.0,ORIGINAL,False,False,available online only,False,False,original,False,True,"['# Pieces In Set: 4', 'Included: 4 Chair(s)', 'Features: Stackable, Easy Care, Easy Clean, 4 Legs', 'Manufacturer Warranty: 90 Days Limited', 'Seating Capacity: 4']",0.0,0.0,ORIGINAL,True,False,79127800018,USD,more brands,"[{'colorName': 'Gray', 'swatchImageId': 'DP0804202311153498S.tif', 'colorizedImageId': 'DP0804202311153189M.tif', 'colorSeqNum': 1, 'skuId': '79127800018', 'defaultSwatch': False, 'skuAltImages': [{'imgId': 'DP0804202311153293M.tif', 'colorSeq': 0}, {'imgId': 'DP0804202311152983M.tif', 'colorSeq': 1}, {'imgId': 'DP0804202311153396M.tif', 'colorSeq': 2}]}]",/p/mirage-4-pc-dining-chair/ppr5008379853?pTmplType=regular&searchTerm=patio+and+outdoor+furniture&geoZip=55057,"[{'message': 'Online Only', 'icon': 'mouse'}, {'message': 'Available for Shipping', 'icon': 'check'}]",False,791,True,840.0,840.0,RECLINER,False,False,2023-08-04T22:05:32,DP0804202311153189M.tif,DP0804202311153293M.tif,,,https://www.jcpenney.com/p/mirage-4-pc-dining-chair/ppr5008379853?pTmplType=regular&searchTerm=patio+and+outdoor+furniture&geoZip=55057,20251225,patio and outdoor furniture
Posey 2-pc. Dining Chair,ppr5008379850,,,490.0,490.0,490.0,490.0,ORIGINAL,False,False,available online only,False,False,original,False,True,"['# Pieces In Set: 2', 'Included: 2 Chair(s)', 'Features: Easy Clean, 4 Legs, Easy Care, Weather Resistant', 'Manufacturer Warranty: 90 Days Limited', 'Seating Capacity: 2']",0.0,0.0,ORIGINAL,True,False,79127770018,USD,more brands,"[{'colorName': 'Black', 'swatchImageId': 'DP0804202311150824S.tif', 'colorizedImageId': 'DP0804202311150517M.tif', 'colorSeqNum': 1, 'skuId': '79127770018', 'defaultSwatch': False, 'skuAltImages': [{'imgId': 'DP0804202311150619M.tif', 'colorSeq': 0}, {'imgId': 'DP0804202311150312M.tif', 'colorSeq': 1}, {'imgId': 'DP0804202311150722M.tif', 'colorSeq': 2}]}]",/p/posey-2-pc-dining-chair/ppr5008379850?pTmplType=regular&searchTerm=patio+and+outdoor+furniture&geoZip=55057,"[{'message': 'Online Only', 'icon': 'mouse'}, {'message': 'Available for Shipping', 'icon': 'check'}]",False,791,True,441.0,441.0,GIFTWRAP,False,False,2023-08-21T17:05:03,DP0804202311150517M.tif,DP0804202311150619M.tif,,,https://www.jcpenney.com/p/posey-2-pc-dining-chair/ppr5008379850?pTmplType=regular&searchTerm=patio+and+outdoor+furniture&geoZip=55057,20251225,patio and outdoor furniture
Remi 2-pc. Dining Chair,ppr5008376345,,,630.0,630.0,630.0,630.0,ORIGINAL,False,False,available online only,False,False,original,False,True,"['# Pieces In Set: 2', 'Included: 2 Chair(s)', 'Features: Weather Resistant', 'Manufacturer Warranty: 90 Days Limited', 'Seating Capacity: 2']",0.0,0.0,ORIGINAL,False,False,79127170018,USD,more brands,"[{'colorName': 'Black White', 'swatchImageId': 'DP0705202307194045S.tif', 'colorizedImageId': 'DP0705202307193633M.tif', 'colorSeqNum': 1, 'skuId': '79127170018', 'defaultSwatch': False, 'skuAltImages': [{'imgId': 'DP0705202307193736M.tif', 'colorSeq': 0}, {'imgId': 'DP0705202307193839M.tif', 'colorSeq': 1}, {'imgId': 'DP0705202307193530M.tif', 'colorSeq': 2}]}]",/p/remi-2-pc-dining-chair/ppr5008376345?pTmplType=regular&searchTerm=patio+and+outdoor+furniture&geoZip=55057,"[{'message': 'Online Only', 'icon': 'mouse'}, {'message': 'Available for Shipping', 'icon': 'check'}]",False,791,True,567.0,567.0,GIFTWRAP,False,False,2023-07-10T07:08:27,DP0705202307193633M.tif,DP0705202307193736M.tif,,,https://www.jcpenney.com/p/remi-2-pc-dining-chair/ppr5008376345?pTmplType=regular&searchTerm=patio+and+outdoor+furniture&geoZip=55057,20251225,patio and outdoor furniture
Mozaic Company Deep Seating Sofa Pillow And Cushion Set Patio Chair Cushion,ppr5008341990,,,629.99,639.99,1050.0,1067.0,SALE,False,False,available online only,False,False,original,False,True,"['# Pieces In Set: 6', 'Features: Weather Resistant, Water Resistant, Stain Resistant', 'Finishing Feature: Cording', 'Use: Outdoor', 'Back Cushion Measurements: 22 Width/Inches, 27 Depth/Inches, 5 Height/Inches']",0.0,0.0,SALE,False,False,62740530026,USD,more brands,"[{'colorName': 'Lido Indigo', 'swatchImageId': 'DP0110202307360691S.tif', 'colorizedImageId': 'DP0110202307360587M.tif', 'colorSeqNum': 1, 'skuId': '62740530026', 'defaultSwatch': False, 'skuAltImages': [{'imgId': 'DP0110202307360999M.tif', 'colorSeq': 0}, {'imgId': 'DP0110202307360897M.tif', 'colorSeq': 1}, {'imgId': 'DP0110202307360794M.tif', 'colorSeq': 2}]}]",/p/mozaic-company-deep-seating-sofa-pillow-and-cushion-set-patio-chair-cushion/ppr5008341990?pTmplType=regular&searchTerm=patio+and+outdoor+furniture&geoZip=55057,"[{'message': 'Online Only', 'icon': 'mouse'}, {'message': 'Available for Shipping', 'icon': 'check'}]",False,627,True,575.99,566.99,YULETIDE,False,False,2023-03-09T10:19:19,DP0110202307360587M.tif,DP0110202307360999M.tif,,,https://www.jcpenney.com/p/mozaic-company-deep-seating-sofa-pillow-and-cushion-set-patio-chair-cushion/ppr5008341990?pTmplType=regular&searchTerm=patio+and+outdoor+furniture&geoZip=55057,20251225,patio and outdoor furniture
Mozaic Company Deep Seating Sofa Pillow And Set Patio Chair Cushion - Natural,ppr5008340912,,,378.99,378.99,633.0,633.0,SALE,False,False,available online only,False,False,original,False,True,"['# Pieces In Set: 6', 'Features: Water Resistant, Stain Resistant, Weather Resistant', 'Finishing Feature: Cording', 'Use: Outdoor', 'Back Cushion Measurements: 27 Depth/Inches, 22 Width/Inches, 5 Height/Inches']",0.0,0.0,SALE,False,False,62740300018,USD,more brands,"[{'colorName': 'Natural', 'swatchImageId': 'DP0425202307252108S.tif', 'colorizedImageId': 'DP0425202307252005M.tif', 'colorSeqNum': 1, 'skuId': '62740300018', 'defaultSwatch': False, 'skuAltImages': [{'imgId': 'DP0425202307251902M.tif', 'colorSeq': 0}, {'imgId': 'DP0425202307251799M.tif', 'colorSeq': 2}]}]",/p/mozaic-company-deep-seating-sofa-pillow-and-set-patio-chair-cushion-natural/ppr5008340912?pTmplType=regular&searchTerm=patio+and+outdoor+furniture&geoZip=55057,"[{'message': 'Online Only', 'icon': 'mouse'}, {'message': 'Available for Shipping', 'icon': 'check'}]",False,627,True,341.09,341.09,YULETIDE,False,False,2023-03-07T04:40:43,DP0425202307252005M.tif,DP0425202307251902M.tif,,,https://www.jcpenney.com/p/mozaic-company-deep-seating-sofa-pillow-and-set-patio-chair-cushion-natural/ppr5008340912?pTmplType=regular&searchTerm=patio+and+outdoor+furniture&geoZip=55057,20251225,patio and outdoor furniture
Ruben Natural Wood Patio Bench,ppr5008099361,,,720.0,720.0,720.0,720.0,ORIGINAL,False,False,available online only,False,False,original,False,True,"['Included: 1 Bench(es)', 'Features: Folding, Weather Resistant, Quick Ship', 'Joinery: Nailed, Glued, Screwed', 'Seating Capacity: 4', 'Tools Required: Allen Wrench (included), Screws (included)']",0.0,0.0,ORIGINAL,False,False,79111830026,USD,safavieh,"[{'colorName': 'Natural', 'swatchImageId': 'DP0324202115021476S.tif', 'colorizedImageId': 'DP0324202115021472M.tif', 'colorSeqNum': 1, 'skuId': '79111830018', 'defaultSwatch': False, 'skuAltImages': [{'imgId': 'DP0324202115021497M.tif', 'colorSeq': 0}, {'imgId': 'DP0324202115021492M.tif', 'colorSeq': 1}, {'imgId': 'DP0324202115021487M.tif', 'colorSeq': 2}]}, {'colorName': 'Dark Slate Grey', 'swatchImageId': 'DP0902202415065229S.tif', 'colorizedImageId': 'DP0902202415064516M.tif', 'colorSeqNum': 2, 'skuId': '79111830026', 'defaultSwatch': False, 'skuAltImages': [{'imgId': 'DP0902202415064720M.tif', 'colorSeq': 0}, {'imgId': 'DP0902202415064923M.tif', 'colorSeq': 1}, {'imgId': 'DP0902202415064109M.tif', 'colorSeq': 2}]}, {'colorName': 'Ash Grey', 'swatchImageId': 'DP0902202415065127S.tif', 'colorizedImageId': 'DP0902202415064414M.tif', 'colorSeqNum': 3, 'skuId': '79111830034', 'defaultSwatch': False, 'skuAltImages': [{'imgId': 'DP0902202415064617M.tif', 'colorSeq': 0}, {'imgId': 'DP0902202415064822M.tif', 'colorSeq': 1}, {'imgId': 'DP0902202415064007M.tif', 'colorSeq': 2}]}]",/p/ruben-natural-wood-patio-bench/ppr5008099361?pTmplType=regular&searchTerm=patio+and+outdoor+furniture&geoZip=55057,"[{'message': 'Online Only', 'icon': 'mouse'}, {'message': 'Available for Shipping', 'icon': 'check'}]",False,791,True,648.0,648.0,GIFTWRAP,False,False,2021-03-26T15:04:17,DP0324202115021472M.tif,DP0324202115021497M.tif,,,https://www.jcpenney.com/p/ruben-natural-wood-patio-bench/ppr5008099361?pTmplType=regular&searchTerm=patio+and+outdoor+furniture&geoZip=55057,20251225,patio and outdoor furniture
Safavieh Dandra Bench,ppr5008445647,,,880.0,880.0,880.0,880.0,ORIGINAL,False,False,available online only,False,False,original,False,True,"['Included: 1 Bench(es)', 'Features: Armless, Quick Ship', 'Joinery: Welded Joint', 'Seating Capacity: 2', 'Measurements: 33.5 Height/Inches, 24.5 Depth/Inches, 38.5 Width/Inches']",0.0,0.0,ORIGINAL,False,False,79130590018,USD,safavieh,"[{'colorName': 'Navy White', 'swatchImageId': 'DP0423202407090503S.tif', 'colorizedImageId': 'DP0423202407085993M.tif', 'colorSeqNum': 1, 'skuId': '79130590018', 'defaultSwatch': False, 'skuAltImages': [{'imgId': 'DP0423202407090300M.tif', 'colorSeq': 0}, {'imgId': 'DP0423202407090708M.tif', 'colorSeq': 1}, {'imgId': 'DP0423202407085688M.tif', 'colorSeq': 2}]}, {'colorName': 'Grey White', 'swatchImageId': 'DP0423202407090401S.tif', 'colorizedImageId': 'DP0423202407085891M.tif', 'colorSeqNum': 2, 'skuId': '79130590026', 'defaultSwatch': False, 'skuAltImages': [{'imgId': 'DP0423202407090095M.tif', 'colorSeq': 0}, {'imgId': 'DP0423202407090197M.tif', 'colorSeq': 1}, {'imgId': 'DP0423202407090605M.tif', 'colorSeq': 2}]}]",/p/safavieh-dandra-bench/ppr5008445647?pTmplType=regular&searchTerm=patio+and+outdoor+furniture&geoZip=55057,"[{'message': 'Online Only', 'icon': 'mouse'}, {'message': 'Available for Shipping', 'icon': 'check'}]",False,791,True,660.0,660.0,RECLINER,False,False,2024-04-23T22:02:48,DP0423202407085993M.tif,DP0423202407090300M.tif,,,https://www.jcpenney.com/p/safavieh-dandra-bench/ppr5008445647?pTmplType=regular&searchTerm=patio+and+outdoor+furniture&geoZip=55057,20251225,patio and outdoor furniture
Azusa Carved Detail Wood Patio Bench,ppr5008214545,,,1080.0,1080.0,1080.0,1080.0,ORIGINAL,False,False,available online only,False,False,original,False,True,"['Included: 1 Bench(es)', 'Features: Cushioned, Weather Resistant, Quick Ship', 'Joinery: Glued, Screwed, Nailed', 'Seating Capacity: 2', 'Tools Required: Allen Wrench (included), Screws (included)']",0.0,0.0,ORIGINAL,False,False,79114620018,USD,safavieh,"[{'colorName': 'Natural Beige', 'swatchImageId': 'DP0204202207020989S.tif', 'colorizedImageId': 'DP0204202207020973M.tif', 'colorSeqNum': 1, 'skuId': '79114620018', 'defaultSwatch': False, 'skuAltImages': [{'imgId': 'DP0204202207020981M.tif', 'colorSeq': 0}, {'imgId': 'DP0204202207020957M.tif', 'colorSeq': 1}, {'imgId': 'DP0204202207020965M.tif', 'colorSeq': 2}]}, {'colorName': 'Dark Slate Grey', 'swatchImageId': 'DP0204202207020985S.tif', 'colorizedImageId': 'DP0204202207020969M.tif', 'colorSeqNum': 2, 'skuId': '79114620026', 'defaultSwatch': False, 'skuAltImages': [{'imgId': 'DP0204202207020977M.tif', 'colorSeq': 0}, {'imgId': 'DP0204202207020953M.tif', 'colorSeq': 1}, {'imgId': 'DP0204202207020961M.tif', 'colorSeq': 2}]}]",/p/azusa-carved-detail-wood-patio-bench/ppr5008214545?pTmplType=regular&searchTerm=patio+and+outdoor+furniture&geoZip=55057,"[{'message': 'Online Only', 'icon': 'mouse'}, {'message': 'Available for Shipping', 'icon': 'check'}]",False,791,True,810.0,810.0,RECLINER,False,False,2022-02-04T22:02:43,DP0204202207020973M.tif,DP0204202207020981M.tif,,,https://www.jcpenney.com/p/azusa-carved-detail-wood-patio-bench/ppr5008214545?pTmplType=regular&searchTerm=patio+and+outdoor+furniture&geoZip=55057,20251225,patio and outdoor furniture
Safavieh Azusa Patio Collection Bench,ppr5008091368,,,1080.0,1080.0,1080.0,1080.0,ORIGINAL,False,False,available online only,False,False,original,False,True,"['Included: 1 Seat Cushion(s), 1 Bench(es)', 'Features: Reversible Cushions, Removable Cushion Covers, Weather Resistant, Quick Ship', 'Joinery: Nailed, Glued, Screwed', 'Seating Capacity: 2', 'Tools Required: Allen Wrench (included), Screws (included)']",0.0,0.0,ORIGINAL,False,False,79108670018,USD,safavieh,"[{'colorName': 'Ash Grey', 'swatchImageId': 'DP0302202115031281S.tif', 'colorizedImageId': 'DP0302202115031273M.tif', 'colorSeqNum': 1, 'skuId': '79108670018', 'defaultSwatch': False, 'skuAltImages': [{'imgId': 'DP0302202115031314M.tif', 'colorSeq': 0}, {'imgId': 'DP0302202115031306M.tif', 'colorSeq': 1}, {'imgId': 'DP0302202115031298M.tif', 'colorSeq': 2}]}, {'colorName': 'White Beige', 'swatchImageId': 'DP0302202115031285S.tif', 'colorizedImageId': 'DP0302202115031278M.tif', 'colorSeqNum': 2, 'skuId': '79108670026', 'defaultSwatch': False, 'skuAltImages': [{'imgId': 'DP0302202115031317M.tif', 'colorSeq': 0}, {'imgId': 'DP0302202115031310M.tif', 'colorSeq': 1}, {'imgId': 'DP0302202115031302M.tif', 'colorSeq': 2}]}]",/p/safavieh-azusa-patio-collection-bench/ppr5008091368?pTmplType=regular&searchTerm=patio+and+outdoor+furniture&geoZip=55057,"[{'message': 'Online Only', 'icon': 'mouse'}, {'message': 'Available for Shipping', 'icon': 'check'}]",False,791,True,810.0,810.0,RECLINER,False,False,2021-03-02T22:04:29,DP0302202115031273M.tif,DP0302202115031314M.tif,,,https://www.jcpenney.com/p/safavieh-azusa-patio-collection-bench/ppr5008091368?pTmplType=regular&searchTerm=patio+and+outdoor+furniture&geoZip=55057,20251225,patio and outdoor furniture
Loja Bench,ppr5008367073,,,460.0,460.0,460.0,460.0,ORIGINAL,False,False,available online only,False,False,original,False,True,"['Included: 1 Bench(es)', 'Features: Easy Care, Quick Ship, Easy Clean, 4 Legs', 'Manufacturer Warranty: 90 Days Limited', 'Seating Capacity: 2', 'Tools Required: Screws (included), Allen Wrench (included)']",0.0,0.0,ORIGINAL,False,False,79125450018,USD,more brands,"[{'colorName': 'Dark Grey', 'swatchImageId': 'DP1023202515133101S.tif', 'colorizedImageId': 'DP1023202515132998M.tif', 'colorSeqNum': 1, 'skuId': '79125450018', 'defaultSwatch': False, 'skuAltImages': [{'imgId': 'DP1023202515133520M.tif', 'colorSeq': 0}, {'imgId': 'DP1023202515133416M.tif', 'colorSeq': 1}, {'imgId': 'DP1023202515133206M.tif', 'colorSeq': 2}]}]",/p/loja-bench/ppr5008367073?pTmplType=regular&searchTerm=patio+and+outdoor+furniture&geoZip=55057,"[{'message': 'Online Only', 'icon': 'mouse'}, {'message': 'Available for Shipping', 'icon': 'check'}]",False,791,True,414.0,414.0,GIFTWRAP,False,False,2025-10-23T22:05:42,DP1023202515132998M.tif,DP1023202515133520M.tif,"[{'name': 'NEW', 'priority': 1, 'urlParam': 'new'}, {'name': 'Few Left', 'priority': 2, 'urlParam': 'fewleft'}]",,https://www.jcpenney.com/p/loja-bench/ppr5008367073?pTmplType=regular&searchTerm=patio+and+outdoor+furniture&geoZip=55057,20251225,patio and outdoor furniture
Carlisle Iron Bench,ppr5008297273,,,460.0,460.0,460.0,460.0,ORIGINAL,False,False,available online only,False,False,original,False,True,"['Features: 4 Legs', 'Manufacturer Warranty: 90 Days', 'Seating Capacity: 2', 'Tools Required: Allen Wrench (included), Screws (included)', 'Bench Measurements: 17.5 Height/Inches, 14.75 Depth/Inches, 63 Width/Inches']",0.0,0.0,ORIGINAL,False,False,79120910018,USD,more brands,"[{'colorName': 'Sandblasted Finish', 'swatchImageId': 'DP1010202207525005S.tif', 'colorizedImageId': 'DP1010202207524695M.tif', 'colorSeqNum': 1, 'skuId': '79120910018', 'defaultSwatch': False, 'skuAltImages': [{'imgId': 'DP1010202207524799M.tif', 'colorSeq': 0}, {'imgId': 'DP1010202207524902M.tif', 'colorSeq': 1}, {'imgId': 'DP1010202207525316M.tif', 'colorSeq': 2}]}]",/p/carlisle-iron-bench/ppr5008297273?pTmplType=regular&searchTerm=patio+and+outdoor+furniture&geoZip=55057,"[{'message': 'Online Only', 'icon': 'mouse'}, {'message': 'Available for Shipping', 'icon': 'check'}]",False,791,True,414.0,414.0,GIFTWRAP,False,False,2022-10-10T22:09:34,DP1010202207524695M.tif,DP1010202207524799M.tif,,,https://www.jcpenney.com/p/carlisle-iron-bench/ppr5008297273?pTmplType=regular&searchTerm=patio+and+outdoor+furniture&geoZip=55057,20251225,patio and outdoor furniture
2-Person Cast Aluminum Classic Rose Frame Patio Bench,ppr5008249456,5.0,1.0,500.0,500.0,500.0,500.0,ORIGINAL,False,False,available online only,False,False,original,False,True,"['Included: 1 Bench(es)', 'Features: Quick Ship', 'Manufacturer Warranty: 1 Year', 'Seating Capacity: 2', 'Tools Required: Allen Wrench (included)']",0.0,0.0,ORIGINAL,False,False,79117420018,USD,more brands,"[{'colorName': 'White', 'swatchImageId': 'DP0601202308135457S.tif', 'colorizedImageId': 'DP0601202308135354M.tif', 'colorSeqNum': 1, 'skuId': '79117420018', 'defaultSwatch': False, 'skuAltImages': [{'imgId': 'DP0601202308135560M.tif', 'colorSeq': 0}, {'imgId': 'DP0601202308135250M.tif', 'colorSeq': 1}, {'imgId': 'DP0505202207023435M.tif', 'colorSeq': 2}]}]",/p/2-person-cast-aluminum-classic-rose-frame-patio-bench/ppr5008249456?pTmplType=regular&searchTerm=patio+and+outdoor+furniture&geoZip=55057,"[{'message': 'Online Only', 'icon': 'mouse'}, {'message': 'Available for Shipping', 'icon': 'check'}]",False,791,True,450.0,450.0,GIFTWRAP,False,False,2022-05-24T15:05:01,DP0601202308135354M.tif,DP0601202308135560M.tif,"[{'name': 'Few Left', 'priority': 1, 'urlParam': 'fewleft'}]",,https://www.jcpenney.com/p/2-person-cast-aluminum-classic-rose-frame-patio-bench/ppr5008249456?pTmplType=regular&searchTerm=patio+and+outdoor+furniture&geoZip=55057,20251225,patio and outdoor furniture
Creekside Collection Patio Bench,ppr5008103978,,,1058.0,1058.0,1058.0,1058.0,ORIGINAL,False,False,available online only,False,False,original,False,True,"['Included: 1 Bench(es)', 'Features: Deep Seat, Weather Resistant, High Back Design, Quick Ship', 'Joinery: Butt Joint, Screwed', 'Manufacturer Warranty: 6 Month', 'Seating Capacity: 2']",0.0,0.0,ORIGINAL,False,False,79113050018,USD,more brands,"[{'colorName': 'Acorn', 'swatchImageId': 'DP0409202111032466S.tif', 'colorizedImageId': 'DP0414202113005535M.tif', 'colorSeqNum': 1, 'skuId': '79113050018', 'defaultSwatch': False, 'skuAltImages': [{'imgId': 'DP0414202113005541M.tif', 'colorSeq': 0}, {'imgId': 'DP0414202113005548M.tif', 'colorSeq': 1}, {'imgId': 'DP0414202113005521M.tif', 'colorSeq': 2}]}]",/p/creekside-collection-patio-bench/ppr5008103978?pTmplType=regular&searchTerm=patio+and+outdoor+furniture&geoZip=55057,"[{'message': 'Online Only', 'icon': 'mouse'}, {'message': 'Available for Shipping', 'icon': 'check'}]",False,791,True,793.5,793.5,RECLINER,False,False,2021-04-14T22:03:55,DP0414202113005535M.tif,DP0414202113005541M.tif,,,https://www.jcpenney.com/p/creekside-collection-patio-bench/ppr5008103978?pTmplType=regular&searchTerm=patio+and+outdoor+furniture&geoZip=55057,20251225,patio and outdoor furniture
Safavieh Athens Collection Patio Umbrella,ppr5008094072,,,440.0,440.0,440.0,440.0,ORIGINAL,False,False,available online only,False,False,original,False,True,"['Features: Weather Resistant, Uv Protection, Collapsible', 'Shape: Square', 'Measurements: 103.54 Height/Inches, 90 Depth/Inches, 90 Width/Inches', 'Weight (lb.): 13 Lb', 'Assembly: Assembly Required']",0.0,0.0,ORIGINAL,False,False,79109520018,USD,safavieh,"[{'colorName': 'Navy White', 'swatchImageId': 'DP0310202109020564S.tif', 'colorizedImageId': 'DP0310202109020560M.tif', 'colorSeqNum': 1, 'skuId': '79109520018', 'defaultSwatch': False, 'skuAltImages': [{'imgId': 'DP0310202109020571M.tif', 'colorSeq': 0}, {'imgId': 'DP0310202109020578M.tif', 'colorSeq': 1}, {'imgId': 'DP0310202109020575M.tif', 'colorSeq': 2}]}]",/p/safavieh-athens-collection-patio-umbrella/ppr5008094072?pTmplType=regular&searchTerm=patio+and+outdoor+furniture&geoZip=55057,"[{'message': 'Online Only', 'icon': 'mouse'}, {'message': 'Available for Shipping', 'icon': 'check'}]",False,791,True,396.0,396.0,GIFTWRAP,False,False,2021-03-10T22:04:23,DP0310202109020560M.tif,DP0310202109020571M.tif,,,https://www.jcpenney.com/p/safavieh-athens-collection-patio-umbrella/ppr5008094072?pTmplType=regular&searchTerm=patio+and+outdoor+furniture&geoZip=55057,20251225,patio and outdoor furniture
Sunnydaze Patio Collection Bench,ppr5008094725,2.0,3.0,350.0,350.0,350.0,350.0,ORIGINAL,False,False,available online only,False,False,original,False,True,"['Included: 1 Bench(es)', 'Features: Weather Resistant, Quick Ship, Rust Resistant', 'Joinery: Screwed', 'Manufacturer Warranty: 1 Year', 'Seating Capacity: 2']",0.0,0.0,ORIGINAL,False,False,79109980018,USD,more brands,"[{'colorName': 'Black', 'swatchImageId': 'DP0406202115010789S.tif', 'colorizedImageId': 'DP1022202517024275M.tif', 'colorSeqNum': 1, 'skuId': '79109980018', 'defaultSwatch': False, 'skuAltImages': [{'imgId': 'DP1022202517024797M.tif', 'colorSeq': 0}, {'imgId': 'DP1022202517024693M.tif', 'colorSeq': 1}, {'imgId': 'DP1022202517024485M.tif', 'colorSeq': 2}]}]",/p/sunnydaze-patio-collection-bench/ppr5008094725?pTmplType=regular&searchTerm=patio+and+outdoor+furniture&geoZip=55057,"[{'message': 'Online Only', 'icon': 'mouse'}, {'message': 'Available for Shipping', 'icon': 'check'}]",False,791,True,,,,False,False,2021-03-22T15:15:27,DP1022202517024275M.tif,DP1022202517024797M.tif,"[{'name': 'Few Left', 'priority': 1, 'urlParam': 'fewleft'}]",,https://www.jcpenney.com/p/sunnydaze-patio-collection-bench/ppr5008094725?pTmplType=regular&searchTerm=patio+and+outdoor+furniture&geoZip=55057,20251225,patio and outdoor furniture
Safavieh California 2 Pack Armchair,ppr5008349104,,,1070.0,1070.0,1070.0,1070.0,ORIGINAL,False,False,available online only,False,False,original,False,True,"['# Pieces In Set: 2-Pack', 'Included: 2 Chair(s)', 'Joinery: Screwed', 'Seating Capacity: 1', 'Measurements: 35.75 Width/Inches, 24.75 Depth/Inches, 22.5 Height/Inches']",0.0,0.0,ORIGINAL,False,False,79123440059,USD,safavieh,"[{'colorName': 'Natural', 'swatchImageId': 'DP0405202311140237S.tif', 'colorizedImageId': 'DP0405202311133653M.tif', 'colorSeqNum': 1, 'skuId': '79123440018', 'defaultSwatch': False, 'skuAltImages': [{'imgId': 'DP0405202311134376M.tif', 'colorSeq': 0}, {'imgId': 'DP0405202311135100M.tif', 'colorSeq': 1}, {'imgId': 'DP0405202311141682M.tif', 'colorSeq': 2}]}, {'colorName': 'Navy', 'swatchImageId': 'DP0405202311140341S.tif', 'colorizedImageId': 'DP0405202311133756M.tif', 'colorSeqNum': 2, 'skuId': '79123440026', 'defaultSwatch': False, 'skuAltImages': [{'imgId': 'DP0405202311134479M.tif', 'colorSeq': 0}, {'imgId': 'DP0405202311135204M.tif', 'colorSeq': 1}, {'imgId': 'DP0405202311141786M.tif', 'colorSeq': 2}]}, {'colorName': 'White', 'swatchImageId': 'DP0405202311140651S.tif', 'colorizedImageId': 'DP0405202311134065M.tif', 'colorSeqNum': 3, 'skuId': '79123440034', 'defaultSwatch': False, 'skuAltImages': [{'imgId': 'DP0405202311134790M.tif', 'colorSeq': 0}, {'imgId': 'DP0405202311135513M.tif', 'colorSeq': 1}, {'imgId': 'DP0405202311142095M.tif', 'colorSeq': 2}]}, {'colorName': 'Baby Blue White', 'swatchImageId': 'DP0405202311140134S.tif', 'colorizedImageId': 'DP0405202311133550M.tif', 'colorSeqNum': 4, 'skuId': '79123440042', 'defaultSwatch': False, 'skuAltImages': [{'imgId': 'DP0405202311134272M.tif', 'colorSeq': 0}, {'imgId': 'DP0405202311134996M.tif', 'colorSeq': 1}, {'imgId': 'DP0405202311141579M.tif', 'colorSeq': 2}]}, {'colorName': 'White Navy Natural', 'swatchImageId': 'DP0405202311140754S.tif', 'colorizedImageId': 'DP0405202311134169M.tif', 'colorSeqNum': 5, 'skuId': '79123440059', 'defaultSwatch': False, 'skuAltImages': [{'imgId': 'DP0405202311134893M.tif', 'colorSeq': 0}, {'imgId': 'DP0405202311135617M.tif', 'colorSeq': 1}, {'imgId': 'DP0405202311142199M.tif', 'colorSeq': 2}]}, {'colorName': 'Navy White Natural', 'swatchImageId': 'DP0405202311140445S.tif', 'colorizedImageId': 'DP0405202311133859M.tif', 'colorSeqNum': 6, 'skuId': '79123440067', 'defaultSwatch': False, 'skuAltImages': [{'imgId': 'DP0405202311134583M.tif', 'colorSeq': 0}, {'imgId': 'DP0405202311135306M.tif', 'colorSeq': 1}, {'imgId': 'DP0405202311141889M.tif', 'colorSeq': 2}]}, {'colorName': 'Navy White', 'swatchImageId': 'DP0405202311140548S.tif', 'colorizedImageId': 'DP0405202311133962M.tif', 'colorSeqNum': 7, 'skuId': '79123440075', 'defaultSwatch': False, 'skuAltImages': [{'imgId': 'DP0405202311134686M.tif', 'colorSeq': 0}, {'imgId': 'DP0405202311135410M.tif', 'colorSeq': 1}, {'imgId': 'DP0405202311141992M.tif', 'colorSeq': 2}]}]",/p/safavieh-california-2-pack-armchair/ppr5008349104?pTmplType=regular&searchTerm=patio+and+outdoor+furniture&geoZip=55057,"[{'message': 'Online Only', 'icon': 'mouse'}, {'message': 'Available for Shipping', 'icon': 'check'}]",False,791,True,802.5,802.5,RECLINER,False,False,2023-04-05T22:05:45,DP0405202311133653M.tif,DP0405202311134376M.tif,,,https://www.jcpenney.com/p/safavieh-california-2-pack-armchair/ppr5008349104?pTmplType=regular&searchTerm=patio+and+outdoor+furniture&geoZip=55057,20251225,patio and outdoor furniture
Safavieh Camlin Sling Chairs 2-pc. Sling Chair,ppr5008216094,,,510.0,510.0,510.0,510.0,ORIGINAL,False,False,available online only,False,False,original,False,True,"['# Pieces In Set: 2', 'Included: 2 Chair(s)', 'Features: Weather Resistant, Quick Ship, Folding Frame, Adjustable Seat', 'Joinery: Screwed, Welded Joint', 'Seating Capacity: 1']",0.0,0.0,ORIGINAL,False,False,79114920026,USD,safavieh,"[{'colorName': 'Grey', 'swatchImageId': 'DP0209202207034956S.tif', 'colorizedImageId': 'DP0209202207034913M.tif', 'colorSeqNum': 1, 'skuId': '79114920026', 'defaultSwatch': False, 'skuAltImages': [{'imgId': 'DP0209202207034934M.tif', 'colorSeq': 0}, {'imgId': 'DP0209202207034869M.tif', 'colorSeq': 1}, {'imgId': 'DP0209202207034890M.tif', 'colorSeq': 2}]}, {'colorName': 'Beige', 'swatchImageId': 'DP0209202207034941S.tif', 'colorizedImageId': 'DP0209202207034897M.tif', 'colorSeqNum': 2, 'skuId': '79114920018', 'defaultSwatch': False, 'skuAltImages': [{'imgId': 'DP0209202207034920M.tif', 'colorSeq': 0}, {'imgId': 'DP0209202207034855M.tif', 'colorSeq': 1}, {'imgId': 'DP0209202207034876M.tif', 'colorSeq': 2}]}, {'colorName': 'Black', 'swatchImageId': 'DP0209202207034949S.tif', 'colorizedImageId': 'DP0209202207034904M.tif', 'colorSeqNum': 3, 'skuId': '79114920034', 'defaultSwatch': False, 'skuAltImages': [{'imgId': 'DP0209202207034927M.tif', 'colorSeq': 0}, {'imgId': 'DP0209202207034862M.tif', 'colorSeq': 1}, {'imgId': 'DP0209202207034883M.tif', 'colorSeq': 2}]}]",/p/safavieh-camlin-sling-chairs-2-pc-sling-chair/ppr5008216094?pTmplType=regular&searchTerm=patio+and+outdoor+furniture&geoZip=55057,"[{'message': 'Online Only', 'icon': 'mouse'}, {'message': 'Available for Shipping', 'icon': 'check'}]",False,791,True,459.0,459.0,GIFTWRAP,False,False,2022-02-09T22:03:18,DP0209202207034913M.tif,DP0209202207034934M.tif,,,https://www.jcpenney.com/p/safavieh-camlin-sling-chairs-2-pc-sling-chair/ppr5008216094?pTmplType=regular&searchTerm=patio+and+outdoor+furniture&geoZip=55057,20251225,patio and outdoor furniture
Julia Hanging Egg Chair with Cushions,ppr5008259470,,,930.0,930.0,930.0,930.0,ORIGINAL,False,False,available online only,False,False,original,False,True,"['Features: Quick Ship, Folding Frame', 'Manufacturer Warranty: 1 Year', 'Seating Capacity: 1', 'Maximum Weight Limit: 330 Lbs', 'Weight (lb.): 24 Lb']",0.0,0.0,ORIGINAL,False,False,79120460018,USD,more brands,"[{'colorName': 'Red', 'swatchImageId': 'DP0601202308164829S.tif', 'colorizedImageId': 'DP0601202308164416M.tif', 'colorSeqNum': 1, 'skuId': '79120460018', 'defaultSwatch': False, 'skuAltImages': [{'imgId': 'DP0601202308164623M.tif', 'colorSeq': 0}, {'imgId': 'DP0601202308165553M.tif', 'colorSeq': 1}, {'imgId': 'DP0601202308165450M.tif', 'colorSeq': 2}]}, {'colorName': 'Blue', 'swatchImageId': 'DP0601202308164726S.tif', 'colorizedImageId': 'DP0601202308164313M.tif', 'colorSeqNum': 2, 'skuId': '79120460026', 'defaultSwatch': False, 'skuAltImages': [{'imgId': 'DP0601202308164520M.tif', 'colorSeq': 0}, {'imgId': 'DP0601202308165656M.tif', 'colorSeq': 1}, {'imgId': 'DP0601202308165347M.tif', 'colorSeq': 2}]}]",/p/julia-hanging-egg-chair-with-cushions/ppr5008259470?pTmplType=regular&searchTerm=patio+and+outdoor+furniture&geoZip=55057,"[{'message': 'Online Only', 'icon': 'mouse'}, {'message': 'Available for Shipping', 'icon': 'check'}]",False,791,True,697.5,697.5,RECLINER,False,False,2023-01-04T22:03:33,DP0601202308164416M.tif,DP0601202308164623M.tif,,,https://www.jcpenney.com/p/julia-hanging-egg-chair-with-cushions/ppr5008259470?pTmplType=regular&searchTerm=patio+and+outdoor+furniture&geoZip=55057,20251225,patio and outdoor furniture
Jackson Outdoor Hanging Wicker Egg Chair,ppr5008259466,5.0,1.0,1220.0,1220.0,1220.0,1220.0,ORIGINAL,False,False,available online only,False,False,original,False,True,"['Features: Easy Installation, Quick Ship', 'Manufacturer Warranty: 1 Year', 'Seating Capacity: 1', 'Tools Required: Allen Wrench (included)', 'Measurements: 52 Height/Inches, 38 Width/Inches']",0.0,0.0,ORIGINAL,False,False,79120420026,USD,more brands,"[{'colorName': 'Cream', 'swatchImageId': 'DP0104202307164406S.tif', 'colorizedImageId': 'DP0104202307164200M.tif', 'colorSeqNum': 1, 'skuId': '79120420018', 'defaultSwatch': False, 'skuAltImages': [{'imgId': 'DP0104202307165228M.tif', 'colorSeq': 0}, {'imgId': 'DP0104202307165022M.tif', 'colorSeq': 1}, {'imgId': 'DP0104202307164818M.tif', 'colorSeq': 2}]}, {'colorName': 'Gray', 'swatchImageId': 'DP0601202308160994S.tif', 'colorizedImageId': 'DP0601202308160478M.tif', 'colorSeqNum': 2, 'skuId': '79120420026', 'defaultSwatch': False, 'skuAltImages': [{'imgId': 'DP0601202308160685M.tif', 'colorSeq': 0}, {'imgId': 'DP0601202308160788M.tif', 'colorSeq': 1}, {'imgId': 'DP0601202308161923M.tif', 'colorSeq': 2}]}]",/p/jackson-outdoor-hanging-wicker-egg-chair/ppr5008259466?pTmplType=regular&searchTerm=patio+and+outdoor+furniture&geoZip=55057,"[{'message': 'Online Only', 'icon': 'mouse'}, {'message': 'Available for Shipping', 'icon': 'check'}]",False,791,True,915.0,915.0,RECLINER,False,False,2023-01-04T22:03:32,DP0104202307164200M.tif,DP0104202307165228M.tif,,,https://www.jcpenney.com/p/jackson-outdoor-hanging-wicker-egg-chair/ppr5008259466?pTmplType=regular&searchTerm=patio+and+outdoor+furniture&geoZip=55057,20251225,patio and outdoor furniture
Sunnydaze® Danielle Hanging Egg Chair,ppr5008102456,,,900.0,900.0,900.0,900.0,ORIGINAL,False,False,available online only,False,False,original,False,True,"['Included: 1 Seat Back Cushion(s), 1 Chair(s), 1 Seat Cushion(s)', 'Features: Quick Ship, Weather Resistant, Water Resistant', 'Joinery: Welded Joint', 'Manufacturer Warranty: 1 Year', 'Seating Capacity: 1']",0.0,0.0,ORIGINAL,False,False,79111950018,USD,more brands,"[{'colorName': 'Cream', 'swatchImageId': 'DP0406202107021334S.tif', 'colorizedImageId': 'DP0406202107021321M.tif', 'colorSeqNum': 1, 'skuId': '79111950018', 'defaultSwatch': False, 'skuAltImages': [{'imgId': 'DP0406202107021421M.tif', 'colorSeq': 0}, {'imgId': 'DP0406202107021408M.tif', 'colorSeq': 1}, {'imgId': 'DP0406202107021396M.tif', 'colorSeq': 2}]}, {'colorName': 'Grey', 'swatchImageId': 'DP0406202107021340S.tif', 'colorizedImageId': 'DP0406202107021327M.tif', 'colorSeqNum': 2, 'skuId': '79111950026', 'defaultSwatch': False, 'skuAltImages': [{'imgId': 'DP0406202107021415M.tif', 'colorSeq': 0}, {'imgId': 'DP0406202107021402M.tif', 'colorSeq': 1}, {'imgId': 'DP0406202107021390M.tif', 'colorSeq': 2}]}]",/p/sunnydaze-danielle-hanging-egg-chair/ppr5008102456?pTmplType=regular&searchTerm=patio+and+outdoor+furniture&geoZip=55057,"[{'message': 'Online Only', 'icon': 'mouse'}, {'message': 'Available for Shipping', 'icon': 'check'}]",False,791,True,,,,False,False,2021-04-13T21:02:35,DP0406202107021321M.tif,DP0406202107021421M.tif,,,https://www.jcpenney.com/p/sunnydaze-danielle-hanging-egg-chair/ppr5008102456?pTmplType=regular&searchTerm=patio+and+outdoor+furniture&geoZip=55057,20251225,patio and outdoor furniture
Waterloo Adjustable 2-pc. Lounge Chair,ppr5008376393,,,1695.0,1695.0,1695.0,1695.0,ORIGINAL,False,False,available online only,False,False,original,False,True,"['# Pieces In Set: 2', 'Included: 2 Chair(s)', 'Features: Easy Clean, Adjustable, 4 Legs, Water Resistant', 'Manufacturer Warranty: 90 Days Limited', 'Seating Capacity: 2']",0.0,0.0,ORIGINAL,False,False,79127630018,USD,more brands,"[{'colorName': 'Gray', 'swatchImageId': 'DP0706202307294320S.tif', 'colorizedImageId': 'DP0706202307294216M.tif', 'colorSeqNum': 1, 'skuId': '79127630018', 'defaultSwatch': False, 'skuAltImages': [{'imgId': 'DP0706202307294526M.tif', 'colorSeq': 0}, {'imgId': 'DP0706202307294629M.tif', 'colorSeq': 1}, {'imgId': 'DP0706202307294733M.tif', 'colorSeq': 2}]}]",/p/waterloo-adjustable-2-pc-lounge-chair/ppr5008376393?pTmplType=regular&searchTerm=patio+and+outdoor+furniture&geoZip=55057,"[{'message': 'Online Only', 'icon': 'mouse'}, {'message': 'Available for Shipping', 'icon': 'check'}]",False,791,True,1271.25,1271.25,RECLINER,False,False,2023-07-10T07:08:28,DP0706202307294216M.tif,DP0706202307294526M.tif,,,https://www.jcpenney.com/p/waterloo-adjustable-2-pc-lounge-chair/ppr5008376393?pTmplType=regular&searchTerm=patio+and+outdoor+furniture&geoZip=55057,20251225,patio and outdoor furniture
Maki Adjustable 4-pc. Lounge Chair,ppr5008376389,,,2465.0,2465.0,2465.0,2465.0,ORIGINAL,False,False,available online only,False,False,original,False,True,"['# Pieces In Set: 4', 'Included: 4 Chair(s)', 'Features: Adjustable, Easy Clean, Water Resistant, 4 Legs', 'Manufacturer Warranty: 90 Days Limited', 'Seating Capacity: 4']",0.0,0.0,ORIGINAL,False,False,79127590018,USD,more brands,"[{'colorName': 'Teak', 'swatchImageId': 'DP0706202307290813S.tif', 'colorizedImageId': 'DP0706202307290710M.tif', 'colorSeqNum': 1, 'skuId': '79127590018', 'defaultSwatch': False, 'skuAltImages': [{'imgId': 'DP0706202307291020M.tif', 'colorSeq': 0}, {'imgId': 'DP0706202307291122M.tif', 'colorSeq': 1}, {'imgId': 'DP0706202307291225M.tif', 'colorSeq': 2}]}]",/p/maki-adjustable-4-pc-lounge-chair/ppr5008376389?pTmplType=regular&searchTerm=patio+and+outdoor+furniture&geoZip=55057,"[{'message': 'Online Only', 'icon': 'mouse'}, {'message': 'Available for Shipping', 'icon': 'check'}]",False,791,True,1848.75,1848.75,RECLINER,False,False,2023-07-10T07:08:28,DP0706202307290710M.tif,DP0706202307291020M.tif,,,https://www.jcpenney.com/p/maki-adjustable-4-pc-lounge-chair/ppr5008376389?pTmplType=regular&searchTerm=patio+and+outdoor+furniture&geoZip=55057,20251225,patio and outdoor furniture
Liam 2-pc. Lounge Chair,ppr5008376380,,,1485.0,1485.0,1485.0,1485.0,ORIGINAL,False,False,available online only,False,False,original,False,True,"['# Pieces In Set: 2', 'Included: 2 Chair(s)', 'Features: 4 Legs, Removable Cushions, Water Resistant, Easy Clean', 'Manufacturer Warranty: 90 Days Limited', 'Seating Capacity: 2']",0.0,0.0,ORIGINAL,False,False,79127500018,USD,more brands,"[{'colorName': 'Brown', 'swatchImageId': 'DP0706202307274044S.tif', 'colorizedImageId': 'DP0706202307273941M.tif', 'colorSeqNum': 1, 'skuId': '79127500018', 'defaultSwatch': False, 'skuAltImages': [{'imgId': 'DP0706202307274250M.tif', 'colorSeq': 0}, {'imgId': 'DP0706202307274353M.tif', 'colorSeq': 1}, {'imgId': 'DP0706202307274456M.tif', 'colorSeq': 2}]}]",/p/liam-2-pc-lounge-chair/ppr5008376380?pTmplType=regular&searchTerm=patio+and+outdoor+furniture&geoZip=55057,"[{'message': 'Online Only', 'icon': 'mouse'}, {'message': 'Available for Shipping', 'icon': 'check'}]",False,791,True,1113.75,1113.75,RECLINER,False,False,2023-07-10T07:08:28,DP0706202307273941M.tif,DP0706202307274250M.tif,,,https://www.jcpenney.com/p/liam-2-pc-lounge-chair/ppr5008376380?pTmplType=regular&searchTerm=patio+and+outdoor+furniture&geoZip=55057,20251225,patio and outdoor furniture
Hanlee 2-pc. Folding Adriondack Chair,ppr5008376331,,,780.0,780.0,780.0,780.0,ORIGINAL,False,False,available online only,False,False,original,False,True,"['# Pieces In Set: 2', 'Included: 2 Chair(s)', 'Features: Folding', 'Manufacturer Warranty: 90 Days Limited', 'Seating Capacity: 2']",0.0,0.0,ORIGINAL,False,False,79127080018,USD,more brands,"[{'colorName': 'Navy Blue', 'swatchImageId': 'DP0705202307175215S.tif', 'colorizedImageId': 'DP0705202307175112M.tif', 'colorSeqNum': 1, 'skuId': '79127080018', 'defaultSwatch': False, 'skuAltImages': [{'imgId': 'DP0705202307175421M.tif', 'colorSeq': 0}, {'imgId': 'DP0705202307175525M.tif', 'colorSeq': 1}, {'imgId': 'DP0705202307175628M.tif', 'colorSeq': 2}]}]",/p/hanlee-2-pc-folding-adriondack-chair/ppr5008376331?pTmplType=regular&searchTerm=patio+and+outdoor+furniture&geoZip=55057,"[{'message': 'Online Only', 'icon': 'mouse'}, {'message': 'Available for Shipping', 'icon': 'check'}]",False,791,True,585.0,585.0,RECLINER,False,False,2023-07-10T07:08:28,DP0705202307175112M.tif,DP0705202307175421M.tif,,,https://www.jcpenney.com/p/hanlee-2-pc-folding-adriondack-chair/ppr5008376331?pTmplType=regular&searchTerm=patio+and+outdoor+furniture&geoZip=55057,20251225,patio and outdoor furniture
Laurel Upholstered Club Chair,ppr5008376218,,,1190.0,1190.0,1190.0,1190.0,ORIGINAL,False,False,available online only,False,False,original,False,True,"['Included: 2 Chair(s)', 'Features: Upholstered', 'Manufacturer Warranty: 90 Days Limited', 'Seating Capacity: 1', 'Tools Required: Allen Wrench (included), Screws (included)']",0.0,0.0,ORIGINAL,False,False,79126590018,USD,more brands,"[{'colorName': 'Dark Gray', 'swatchImageId': 'DP0705202307094112S.tif', 'colorizedImageId': 'DP0705202307093699M.tif', 'colorSeqNum': 1, 'skuId': '79126590018', 'defaultSwatch': False, 'skuAltImages': [{'imgId': 'DP0705202307093802M.tif', 'colorSeq': 0}, {'imgId': 'DP0705202307093906M.tif', 'colorSeq': 1}, {'imgId': 'DP0705202307093493M.tif', 'colorSeq': 2}]}]",/p/laurel-upholstered-club-chair/ppr5008376218?pTmplType=regular&searchTerm=patio+and+outdoor+furniture&geoZip=55057,"[{'message': 'Online Only', 'icon': 'mouse'}, {'message': 'Available for Shipping', 'icon': 'check'}]",False,791,True,892.5,892.5,RECLINER,False,False,2023-07-10T07:08:28,DP0705202307093699M.tif,DP0705202307093802M.tif,,,https://www.jcpenney.com/p/laurel-upholstered-club-chair/ppr5008376218?pTmplType=regular&searchTerm=patio+and+outdoor+furniture&geoZip=55057,20251225,patio and outdoor furniture
Kylie Egg Chair,ppr5008367157,,,940.0,940.0,940.0,940.0,ORIGINAL,False,False,available online only,False,False,original,False,True,"['Included: 1 Chair(s)', 'Features: Quick Ship, Removable Cushions, Weather Resistant, Water Resistant', 'Manufacturer Warranty: 90 Days Limited', 'Seating Capacity: 1', 'Tools Required: Screws (included), Allen Wrench (included)']",0.0,0.0,ORIGINAL,False,False,79125920018,USD,more brands,"[{'colorName': 'Beige Light Brown', 'swatchImageId': 'DP1023202515154769S.tif', 'colorizedImageId': 'DP1023202515154665M.tif', 'colorSeqNum': 1, 'skuId': '79125920018', 'defaultSwatch': False, 'skuAltImages': [{'imgId': 'DP1023202517002777M.tif', 'colorSeq': 0}, {'imgId': 'DP1023202517002673M.tif', 'colorSeq': 1}, {'imgId': 'DP1023202515154872M.tif', 'colorSeq': 2}]}]",/p/kylie-egg-chair/ppr5008367157?pTmplType=regular&searchTerm=patio+and+outdoor+furniture&geoZip=55057,"[{'message': 'Online Only', 'icon': 'mouse'}, {'message': 'Available for Shipping', 'icon': 'check'}]",False,791,True,705.0,705.0,RECLINER,False,False,2025-10-23T22:05:46,DP1023202515154665M.tif,DP1023202517002777M.tif,"[{'name': 'NEW', 'priority': 1, 'urlParam': 'new'}]",,https://www.jcpenney.com/p/kylie-egg-chair/ppr5008367157?pTmplType=regular&searchTerm=patio+and+outdoor+furniture&geoZip=55057,20251225,patio and outdoor furniture
Pintan Egg Chair,ppr5008367150,,,780.0,780.0,780.0,780.0,ORIGINAL,False,False,available online only,False,False,original,False,True,"['Included: 1 Chair(s)', 'Features: Water Resistant, Quick Ship, Weather Resistant, Removable Cushions', 'Manufacturer Warranty: 90 Days Limited', 'Seating Capacity: 1', 'Tools Required: Screws (included), Allen Wrench (included)']",0.0,0.0,ORIGINAL,False,False,79125850018,USD,more brands,"[{'colorName': 'Gray Dark Gray', 'swatchImageId': 'DP1023202515150284S.tif', 'colorizedImageId': 'DP1023202515150179M.tif', 'colorSeqNum': 1, 'skuId': '79125850018', 'defaultSwatch': False, 'skuAltImages': [{'imgId': 'DP1023202515150702M.tif', 'colorSeq': 0}, {'imgId': 'DP1023202515150598M.tif', 'colorSeq': 1}, {'imgId': 'DP1023202515150389M.tif', 'colorSeq': 2}]}]",/p/pintan-egg-chair/ppr5008367150?pTmplType=regular&searchTerm=patio+and+outdoor+furniture&geoZip=55057,"[{'message': 'Online Only', 'icon': 'mouse'}, {'message': 'Available for Shipping', 'icon': 'check'}]",False,791,True,585.0,585.0,RECLINER,False,False,2025-10-23T22:05:44,DP1023202515150179M.tif,DP1023202515150702M.tif,"[{'name': 'NEW', 'priority': 1, 'urlParam': 'new'}]",,https://www.jcpenney.com/p/pintan-egg-chair/ppr5008367150?pTmplType=regular&searchTerm=patio+and+outdoor+furniture&geoZip=55057,20251225,patio and outdoor furniture
Hallandale 2-pc.,ppr5008342394,,,935.0,935.0,935.0,935.0,ORIGINAL,False,False,available online only,False,False,original,False,True,"['# Pieces In Set: 2', 'Included: 2 Chair(s)', 'Features: 4 Legs, Quick Ship', 'Seating Capacity: 2', 'Tools Required: Screws (included), Allen Wrench (included)']",0.0,0.0,ORIGINAL,False,False,79123010018,USD,more brands,"[{'colorName': 'Matte Black', 'swatchImageId': 'DP0317202307305680S.tif', 'colorizedImageId': 'DP0317202307305370M.tif', 'colorSeqNum': 1, 'skuId': '79123010018', 'defaultSwatch': False, 'skuAltImages': [{'imgId': 'DP0317202307305473M.tif', 'colorSeq': 0}, {'imgId': 'DP0317202307305783M.tif', 'colorSeq': 1}, {'imgId': 'DP0317202307305163M.tif', 'colorSeq': 2}]}]",/p/hallandale-2-pc/ppr5008342394?pTmplType=regular&searchTerm=patio+and+outdoor+furniture&geoZip=55057,"[{'message': 'Online Only', 'icon': 'mouse'}, {'message': 'Available for Shipping', 'icon': 'check'}]",False,791,True,701.25,701.25,RECLINER,False,False,2023-03-17T22:03:33,DP0317202307305370M.tif,DP0317202307305473M.tif,,,https://www.jcpenney.com/p/hallandale-2-pc/ppr5008342394?pTmplType=regular&searchTerm=patio+and+outdoor+furniture&geoZip=55057,20251225,patio and outdoor furniture
Nadine Adjustable 2-pc. Lounge Chair,ppr5008336640,,,1740.0,1740.0,1740.0,1740.0,ORIGINAL,False,False,available online only,False,False,original,False,True,"['# Pieces In Set: 2', 'Included: 2 Chair(s), 2 Seat Cushion(s)', 'Features: Adjustable, 4 Legs, Quick Ship', 'Seating Capacity: 2', 'Tools Required: Screws (included), Allen Wrench (included), Phillips Screwdriver (not Included)']",0.0,0.0,ORIGINAL,False,False,79122370018,USD,more brands,"[{'colorName': 'Beige', 'swatchImageId': 'DP0314202309274632S.tif', 'colorizedImageId': 'DP0314202309274219M.tif', 'colorSeqNum': 1, 'skuId': '79122370018', 'defaultSwatch': False, 'skuAltImages': [{'imgId': 'DP0314202309274322M.tif', 'colorSeq': 0}, {'imgId': 'DP0314202309274425M.tif', 'colorSeq': 1}, {'imgId': 'DP0314202309274011M.tif', 'colorSeq': 2}]}]",/p/nadine-adjustable-2-pc-lounge-chair/ppr5008336640?pTmplType=regular&searchTerm=patio+and+outdoor+furniture&geoZip=55057,"[{'message': 'Online Only', 'icon': 'mouse'}, {'message': 'Available for Shipping', 'icon': 'check'}]",False,791,True,1305.0,1305.0,RECLINER,False,False,2023-03-14T22:10:05,DP0314202309274219M.tif,DP0314202309274322M.tif,,,https://www.jcpenney.com/p/nadine-adjustable-2-pc-lounge-chair/ppr5008336640?pTmplType=regular&searchTerm=patio+and+outdoor+furniture&geoZip=55057,20251225,patio and outdoor furniture
Lahaina 2-pc. Lounge Chair,ppr5008297266,,,820.0,820.0,820.0,820.0,ORIGINAL,False,False,available online only,False,False,original,False,True,"['# Pieces In Set: 2', 'Features: Folding', 'Manufacturer Warranty: 90 Days', 'Seating Capacity: 2', 'Tools Required: Allen Wrench (included), Screws (included)']",0.0,0.0,ORIGINAL,False,False,79120840018,USD,more brands,"[{'colorName': 'Natural', 'swatchImageId': 'DP1010202207514815S.tif', 'colorizedImageId': 'DP1010202207514506M.tif', 'colorSeqNum': 1, 'skuId': '79120840018', 'defaultSwatch': False, 'skuAltImages': [{'imgId': 'DP1010202207514609M.tif', 'colorSeq': 0}, {'imgId': 'DP1010202207514299M.tif', 'colorSeq': 1}, {'imgId': 'DP1010202207514712M.tif', 'colorSeq': 2}]}]",/p/lahaina-2-pc-lounge-chair/ppr5008297266?pTmplType=regular&searchTerm=patio+and+outdoor+furniture&geoZip=55057,"[{'message': 'Online Only', 'icon': 'mouse'}, {'message': 'Available for Shipping', 'icon': 'check'}]",False,791,True,615.0,615.0,RECLINER,False,False,2022-10-10T22:09:34,DP1010202207514506M.tif,DP1010202207514609M.tif,,,https://www.jcpenney.com/p/lahaina-2-pc-lounge-chair/ppr5008297266?pTmplType=regular&searchTerm=patio+and+outdoor+furniture&geoZip=55057,20251225,patio and outdoor furniture
4 Pack,ppr5008255093,,,1100.0,1100.0,1100.0,1100.0,ORIGINAL,False,False,available online only,False,False,original,False,True,"['# Pieces In Set: 4-Pack', 'Features: Portable', 'Manufacturer Warranty: 1 Year', 'Seating Capacity: 4', 'Measurements: 21.75 Depth/Inches, 33.5 Height/Inches, 22.75 Width/Inches']",0.0,0.0,ORIGINAL,False,False,79119670026,USD,more brands,"[{'colorName': 'Green', 'swatchImageId': 'DP1023202515115189S.tif', 'colorizedImageId': 'DP1023202515115084M.tif', 'colorSeqNum': 1, 'skuId': '79119670026', 'defaultSwatch': False, 'skuAltImages': [{'imgId': 'DP0609202215111648M.tif', 'colorSeq': 0}, {'imgId': 'DP1023202515114877M.tif', 'colorSeq': 1}, {'imgId': 'DP1023202515115500M.tif', 'colorSeq': 2}]}]",/p/4-pack/ppr5008255093?pTmplType=regular&searchTerm=patio+and+outdoor+furniture&geoZip=55057,"[{'message': 'Online Only', 'icon': 'mouse'}, {'message': 'Available for Shipping', 'icon': 'check'}]",False,791,True,825.0,825.0,RECLINER,False,False,2022-06-09T22:06:56,DP1023202515115084M.tif,DP0609202215111648M.tif,,,https://www.jcpenney.com/p/4-pack/ppr5008255093?pTmplType=regular&searchTerm=patio+and+outdoor+furniture&geoZip=55057,20251225,patio and outdoor furniture
Safavieh Nicolo 2-pc.,ppr5008236693,,,1190.0,1190.0,1190.0,1190.0,ORIGINAL,False,False,available online only,False,False,original,False,True,"['# Pieces In Set: 2', 'Included: 2 Seat Cushion(s), 2 Chair(s)', 'Features: Water Resistant, Quick Ship', 'Joinery: Screwed, Welded Joint', 'Seating Capacity: 2']",0.0,0.0,ORIGINAL,False,False,79116170018,USD,safavieh,"[{'colorName': 'Grey Grey', 'swatchImageId': 'DP0413202209024206S.tif', 'colorizedImageId': 'DP0413202209024205M.tif', 'colorSeqNum': 1, 'skuId': '79116170018', 'defaultSwatch': False, 'skuAltImages': [{'imgId': 'DP0413202209024211M.tif', 'colorSeq': 0}, {'imgId': 'DP0413202209024216M.tif', 'colorSeq': 1}, {'imgId': 'DP0413202209024210M.tif', 'colorSeq': 2}]}]",/p/safavieh-nicolo-2-pc/ppr5008236693?pTmplType=regular&searchTerm=patio+and+outdoor+furniture&geoZip=55057,"[{'message': 'Online Only', 'icon': 'mouse'}, {'message': 'Available for Shipping', 'icon': 'check'}]",False,791,True,892.5,892.5,RECLINER,False,False,2023-01-10T07:12:14,DP0413202209024205M.tif,DP0413202209024211M.tif,,,https://www.jcpenney.com/p/safavieh-nicolo-2-pc/ppr5008236693?pTmplType=regular&searchTerm=patio+and+outdoor+furniture&geoZip=55057,20251225,patio and outdoor furniture
Creekside Adirondak Outdoor And Collection Rocking Chair,ppr5008187232,,,372.0,372.0,372.0,372.0,ORIGINAL,False,False,available online only,False,False,original,False,True,"['Features: Indoor/Outdoor, Quick Ship', 'Joinery: Butt Joint, Screwed', 'Manufacturer Warranty: 1 Year', 'Seating Capacity: 1', 'Tools Required: Allen Wrench (included), Screws (included)']",0.0,0.0,ORIGINAL,False,False,79114300018,USD,more brands,"[{'colorName': 'Acorn', 'swatchImageId': 'DP1130202107014658S.tif', 'colorizedImageId': 'DP1130202107014640M.tif', 'colorSeqNum': 1, 'skuId': '79114300018', 'defaultSwatch': False, 'skuAltImages': [{'imgId': 'DP1130202107014662M.tif', 'colorSeq': 0}, {'imgId': 'DP1130202107014646M.tif', 'colorSeq': 1}, {'imgId': 'DP1130202107014652M.tif', 'colorSeq': 2}]}]",/p/creekside-adirondak-outdoor-and-collection-rocking-chair/ppr5008187232?pTmplType=regular&searchTerm=patio+and+outdoor+furniture&geoZip=55057,"[{'message': 'Online Only', 'icon': 'mouse'}, {'message': 'Available for Shipping', 'icon': 'check'}]",False,791,True,334.8,334.8,GIFTWRAP,False,False,2022-01-13T21:03:35,DP1130202107014640M.tif,DP1130202107014662M.tif,,,https://www.jcpenney.com/p/creekside-adirondak-outdoor-and-collection-rocking-chair/ppr5008187232?pTmplType=regular&searchTerm=patio+and+outdoor+furniture&geoZip=55057,20251225,patio and outdoor furniture
Coastal Bliss Wooden Adirondack Chair Set of 2,ppr5008235285,5.0,4.0,550.0,550.0,550.0,550.0,ORIGINAL,False,False,available online only,False,False,original,False,True,"['# Pieces In Set: 2', 'Included: 2 Chair(s)', 'Features: Heavy-Duty, Quick Ship', 'Joinery: Screwed', 'Manufacturer Warranty: 1 Year']",0.0,0.0,ORIGINAL,False,False,79116050018,USD,more brands,"[{'colorName': 'Gray', 'swatchImageId': 'DP1031202507202362S.tif', 'colorizedImageId': 'DP1016202511140414M.tif', 'colorSeqNum': 1, 'skuId': '79116050018', 'defaultSwatch': False, 'skuAltImages': [{'imgId': 'DP0505202207022828M.tif', 'colorSeq': 0}, {'imgId': 'DP1016202511140724M.tif', 'colorSeq': 1}, {'imgId': 'DP1016202511140621M.tif', 'colorSeq': 2}]}]",/p/coastal-bliss-wooden-adirondack-chair-set-of-2/ppr5008235285?pTmplType=regular&searchTerm=patio+and+outdoor+furniture&geoZip=55057,"[{'message': 'Online Only', 'icon': 'mouse'}, {'message': 'Available for Shipping', 'icon': 'check'}]",False,791,True,495.0,495.0,GIFTWRAP,False,False,2022-05-26T17:05:00,DP1016202511140414M.tif,DP0505202207022828M.tif,"[{'name': 'Few Left', 'priority': 1, 'urlParam': 'fewleft'}]",,https://www.jcpenney.com/p/coastal-bliss-wooden-adirondack-chair-set-of-2/ppr5008235285?pTmplType=regular&searchTerm=patio+and+outdoor+furniture&geoZip=55057,20251225,patio and outdoor furniture
"Signature Design by Ashley® Beachcroft Outdoor Bench with Nuvella Cushion
",ppr5007985159,5.0,2.0,1650.0,1650.0,1650.0,1650.0,ORIGINAL,False,False,available online only,False,False,original,False,True,"['Included: 1 Seat Cushion(s), 1 Bench(es)', 'Features: Backless, Weather Resistant, Cushioned, Rust Resistant, Fade Resistant, Removable Cushions, Stain Resistant, Uv Protection', 'Seating Capacity: 2', 'Tools Required: Screws (included), Allen Wrench (included)', 'Measurements: 17.25 Depth/Inches, 21.5 Height/Inches, 54 Width/Inches']",0.0,0.0,ORIGINAL,False,False,79130180026,USD,signature design by ashley,"[{'colorName': 'Black', 'swatchImageId': 'DP0308202411165848S.tif', 'colorizedImageId': 'DP0308202411165519M.tif', 'colorSeqNum': 1, 'skuId': '79130180026', 'defaultSwatch': False, 'skuAltImages': [{'imgId': 'DP0308202411165623M.tif', 'colorSeq': 0}, {'imgId': 'DP0308202411165726M.tif', 'colorSeq': 1}, {'imgId': 'DP0308202411165292M.tif', 'colorSeq': 2}]}]",/p/signature-design-by-ashley-beachcroft-outdoor-bench-with-nuvella-cushion/ppr5007985159?pTmplType=regular&searchTerm=patio+and+outdoor+furniture&geoZip=55057,"[{'message': 'Online Only', 'icon': 'mouse'}, {'message': 'Available for Shipping', 'icon': 'check'}]",False,791,True,1237.5,1237.5,RECLINER,False,False,2022-03-02T22:05:19,DP0308202411165519M.tif,DP0308202411165623M.tif,,"[{'name': 'Shop the Collection', 'priority': 1, 'urlParam': 'collection'}]",https://www.jcpenney.com/p/signature-design-by-ashley-beachcroft-outdoor-bench-with-nuvella-cushion/ppr5007985159?pTmplType=regular&searchTerm=patio+and+outdoor+furniture&geoZip=55057,20251225,patio and outdoor furniture
Mozaic Company Sunbrella Bristol Seat Cushion (Set of 2),ppr5008321166,,,99.99,108.99,167.0,183.0,SALE,False,False,available online only,False,False,original,False,True,"['# Pieces In Set: 2', 'Features: Stain Resistant, Water Resistant, Weather Resistant', 'Finishing Feature: Knife-Edge', 'Use: Outdoor', 'Seat Cushion Measurements: 19 Depth/Inches, 2.5 Height/Inches, 19 Width/Inches']",0.0,0.0,SALE,False,False,62731030018,USD,more brands,"[{'colorName': 'Canvas Aruba', 'swatchImageId': 'DP0110202307273527S.tif', 'colorizedImageId': 'DP0110202307273424M.tif', 'colorSeqNum': 1, 'skuId': '62731050042', 'defaultSwatch': False, 'skuAltImages': [{'imgId': 'DP0110202307273733M.tif', 'colorSeq': 0}, {'imgId': 'DP0110202307273630M.tif', 'colorSeq': 1}, {'imgId': 'DP0110202307273321M.tif', 'colorSeq': 2}]}, {'colorName': 'Aruba', 'swatchImageId': 'DP0110202307275286S.tif', 'colorizedImageId': 'DP0110202307275174M.tif', 'colorSeqNum': 2, 'skuId': '62731080018', 'defaultSwatch': False, 'skuAltImages': [{'imgId': 'DP0110202307275594M.tif', 'colorSeq': 0}, {'imgId': 'DP0110202307275491M.tif', 'colorSeq': 1}, {'imgId': 'DP0110202307275388M.tif', 'colorSeq': 2}]}, {'colorName': 'Canvas Jockey Red', 'swatchImageId': 'DP0110202307275902S.tif', 'colorizedImageId': 'DP0110202307275799M.tif', 'colorSeqNum': 3, 'skuId': '62731090018', 'defaultSwatch': False, 'skuAltImages': [{'imgId': 'DP0110202307280211M.tif', 'colorSeq': 0}, {'imgId': 'DP0110202307280107M.tif', 'colorSeq': 1}, {'imgId': 'DP0110202307280005M.tif', 'colorSeq': 2}]}, {'colorName': 'Canvas Black', 'swatchImageId': 'DP0110202307272294S.tif', 'colorizedImageId': 'DP0110202307272186M.tif', 'colorSeqNum': 4, 'skuId': '62731030018', 'defaultSwatch': False, 'skuAltImages': [{'imgId': 'DP0110202307272603M.tif', 'colorSeq': 0}, {'imgId': 'DP0110202307272500M.tif', 'colorSeq': 1}, {'imgId': 'DP0110202307272397M.tif', 'colorSeq': 2}]}]",/p/mozaic-company-sunbrella-bristol-seat-cushion-set-of-2/ppr5008321166?pTmplType=regular&searchTerm=patio+and+outdoor+furniture&geoZip=55057,"[{'message': 'Online Only', 'icon': 'mouse'}, {'message': 'Available for Shipping', 'icon': 'check'}]",False,627,True,98.09,89.99,YULETIDE,False,False,2023-01-27T15:03:58,DP0110202307273424M.tif,DP0110202307273733M.tif,,,https://www.jcpenney.com/p/mozaic-company-sunbrella-bristol-seat-cushion-set-of-2/ppr5008321166?pTmplType=regular&searchTerm=patio+and+outdoor+furniture&geoZip=55057,20251225,patio and outdoor furniture
Mozaic Company Sunbrella Tufted Square Seat Cushion,ppr5008344546,,,57.99,63.99,97.0,108.0,SALE,False,False,available online only,False,False,original,False,True,"['Features: Weather Resistant, Tufted, Stain Resistant', 'Chair Fastening: String Ties', 'Finishing Feature: Knife-Edge', 'Use: Outdoor', 'Seat Cushion Measurements: 3 Height/Inches, 16 Depth/Inches, 16 Width/Inches']",0.0,0.0,SALE,False,False,62734420018,USD,more brands,"[{'colorName': 'Canvas Navy', 'swatchImageId': 'DP0202202307132018S.tif', 'colorizedImageId': 'DP0202202307131915M.tif', 'colorSeqNum': 1, 'skuId': '62734420018', 'defaultSwatch': False, 'skuAltImages': [{'imgId': 'DP0203202307134060M.tif', 'colorSeq': 0}, {'imgId': 'DP0203202307133957M.tif', 'colorSeq': 1}, {'imgId': 'DP0203202307133853M.tif', 'colorSeq': 2}]}, {'colorName': 'Canvas Henna', 'swatchImageId': 'DP0203202307130659S.tif', 'colorizedImageId': 'DP0203202307130556M.tif', 'colorSeqNum': 2, 'skuId': '62734340018', 'defaultSwatch': False, 'skuAltImages': [{'imgId': 'DP0203202307130969M.tif', 'colorSeq': 0}, {'imgId': 'DP0203202307130866M.tif', 'colorSeq': 1}, {'imgId': 'DP0203202307130761M.tif', 'colorSeq': 2}]}]",/p/mozaic-company-sunbrella-tufted-square-seat-cushion/ppr5008344546?pTmplType=regular&searchTerm=patio+and+outdoor+furniture&geoZip=55057,"[{'message': 'Online Only', 'icon': 'mouse'}, {'message': 'Available for Shipping', 'icon': 'check'}]",False,627,True,57.59,52.19,YULETIDE,False,False,2023-03-15T08:51:19,DP0202202307131915M.tif,DP0203202307134060M.tif,"[{'name': 'Few Left', 'priority': 1, 'urlParam': 'fewleft'}]",,https://www.jcpenney.com/p/mozaic-company-sunbrella-tufted-square-seat-cushion/ppr5008344546?pTmplType=regular&searchTerm=patio+and+outdoor+furniture&geoZip=55057,20251225,patio and outdoor furniture
Mozaic Company Bench Cushion Bristol Patio Seat,ppr5008321178,,,123.99,138.99,208.0,233.0,SALE,False,False,available online only,False,False,original,False,True,"['Features: Weather Resistant', 'Finishing Feature: Knife-Edge', 'Use: Outdoor', 'Seat Cushion Measurements: 19 Width/Inches, 3 Height/Inches, 48 Depth/Inches', 'Base Material: 100% Polyester']",0.0,0.0,SALE,False,False,62731170018,USD,more brands,"[{'colorName': 'Anderson Sea Salt', 'swatchImageId': 'DP0110202307282985S.tif', 'colorizedImageId': 'DP0110202307282882M.tif', 'colorSeqNum': 1, 'skuId': '62731270018', 'defaultSwatch': False, 'skuAltImages': [{'imgId': 'DP0413202307115935M.tif', 'colorSeq': 0}, {'imgId': 'DP0110202307282677M.tif', 'colorSeq': 2}]}, {'colorName': 'Anderson Matte', 'swatchImageId': 'DP0110202307281442S.tif', 'colorizedImageId': 'DP0110202307281339M.tif', 'colorSeqNum': 2, 'skuId': '62731170018', 'defaultSwatch': False, 'skuAltImages': [{'imgId': 'DP0110202307281236M.tif', 'colorSeq': 0}, {'imgId': 'DP0110202307281133M.tif', 'colorSeq': 1}]}]",/p/mozaic-company-bench-cushion-bristol-patio-seat/ppr5008321178?pTmplType=regular&searchTerm=patio+and+outdoor+furniture&geoZip=55057,"[{'message': 'Online Only', 'icon': 'mouse'}, {'message': 'Available for Shipping', 'icon': 'check'}]",False,627,True,125.09,111.59,YULETIDE,False,False,2023-01-27T15:03:59,DP0110202307282882M.tif,DP0413202307115935M.tif,,,https://www.jcpenney.com/p/mozaic-company-bench-cushion-bristol-patio-seat/ppr5008321178?pTmplType=regular&searchTerm=patio+and+outdoor+furniture&geoZip=55057,20251225,patio and outdoor furniture
Mozaic Company 19''X19'' Bristol (Set Of 2) Patio Chair Cushion - Cabana Classic,ppr5008340913,,,108.99,108.99,183.0,183.0,SALE,False,False,available online only,False,False,original,False,True,"['# Pieces In Set: 2', 'Features: Stain Resistant, Weather Resistant, Water Resistant', 'Finishing Feature: Knife-Edge', 'Use: Outdoor', 'Seat Cushion Measurements: 19 Width/Inches, 2.5 Height/Inches, 19 Depth/Inches']",0.0,0.0,SALE,False,False,62731070018,USD,more brands,"[{'colorName': 'Cabana Classic', 'swatchImageId': 'DP0110202307274556S.tif', 'colorizedImageId': 'DP0110202307274453M.tif', 'colorSeqNum': 1, 'skuId': '62731070018', 'defaultSwatch': False, 'skuAltImages': [{'imgId': 'DP0110202307274865M.tif', 'colorSeq': 0}, {'imgId': 'DP0110202307274762M.tif', 'colorSeq': 1}, {'imgId': 'DP0110202307274659M.tif', 'colorSeq': 2}]}]",/p/mozaic-company-19x19-bristol-set-of-2-patio-chair-cushion-cabana-classic/ppr5008340913?pTmplType=regular&searchTerm=patio+and+outdoor+furniture&geoZip=55057,"[{'message': 'Online Only', 'icon': 'mouse'}, {'message': 'Available for Shipping', 'icon': 'check'}]",False,627,True,98.09,98.09,YULETIDE,False,False,2023-03-07T04:40:43,DP0110202307274453M.tif,DP0110202307274865M.tif,,,https://www.jcpenney.com/p/mozaic-company-19x19-bristol-set-of-2-patio-chair-cushion-cabana-classic/ppr5008340913?pTmplType=regular&searchTerm=patio+and+outdoor+furniture&geoZip=55057,20251225,patio and outdoor furniture
August Patio Collection Sofa,ppr5008090566,,,2060.0,2060.0,2060.0,2060.0,ORIGINAL,False,False,available online only,False,False,original,False,True,"['Included: 4 Throw Pillow(s), 2 Seat Cushion(s), 1 Sofa(s)', 'Features: Reversible Cushions, Weather Resistant, Quick Ship', 'Joinery: Welded Joint, Screwed', 'Seating Capacity: 4', 'Tools Required: Screws (included), Allen Wrench (included)']",0.0,0.0,ORIGINAL,False,False,79108500026,USD,safavieh,"[{'colorName': 'Titanium Sand', 'swatchImageId': 'DP0325202115014622S.tif', 'colorizedImageId': 'DP0302202115030612M.tif', 'colorSeqNum': 1, 'skuId': '79108500018', 'defaultSwatch': False, 'skuAltImages': [{'imgId': 'DP0302202115030652M.tif', 'colorSeq': 0}, {'imgId': 'DP0302202115030645M.tif', 'colorSeq': 1}, {'imgId': 'DP0302202115030637M.tif', 'colorSeq': 2}]}, {'colorName': 'Brown Sand', 'swatchImageId': 'DP0325202115014616S.tif', 'colorizedImageId': 'DP0302202115030608M.tif', 'colorSeqNum': 2, 'skuId': '79108500026', 'defaultSwatch': False, 'skuAltImages': [{'imgId': 'DP0302202115030649M.tif', 'colorSeq': 0}, {'imgId': 'DP0302202115030641M.tif', 'colorSeq': 1}, {'imgId': 'DP0302202115030633M.tif', 'colorSeq': 2}]}]",/p/august-patio-collection-sofa/ppr5008090566?pTmplType=regular&searchTerm=patio+and+outdoor+furniture&geoZip=55057,"[{'message': 'Online Only', 'icon': 'mouse'}, {'message': 'Available for Shipping', 'icon': 'check'}]",False,791,True,1545.0,1545.0,RECLINER,False,False,2021-03-02T22:04:26,DP0302202115030612M.tif,DP0302202115030652M.tif,"[{'name': 'Few Left', 'priority': 1, 'urlParam': 'fewleft'}]",,https://www.jcpenney.com/p/august-patio-collection-sofa/ppr5008090566?pTmplType=regular&searchTerm=patio+and+outdoor+furniture&geoZip=55057,20251225,patio and outdoor furniture
Modern Outdoor Zan Loveseat,ppr5008409209,3.0,1.0,1350.0,1350.0,1350.0,1350.0,ORIGINAL,False,False,available online only,False,False,original,False,True,"['Features: Quick Ship', 'Joinery: Screwed', 'Manufacturer Warranty: 90 Days Limited', 'Seating Capacity: 2', 'Tools Required: Phillips Screwdriver (not Included)']",0.0,0.0,ORIGINAL,False,False,79128260026,USD,walker edison,"[{'colorName': 'Dark Brown', 'swatchImageId': 'DP0117202409063466S.tif', 'colorizedImageId': 'DP0117202409063054M.tif', 'colorSeqNum': 1, 'skuId': '79128260026', 'defaultSwatch': False, 'skuAltImages': [{'imgId': 'DP0117202409063260M.tif', 'colorSeq': 0}, {'imgId': 'DP0117202409062644M.tif', 'colorSeq': 1}, {'imgId': 'DP0117202409062849M.tif', 'colorSeq': 2}]}]",/p/modern-outdoor-zan-loveseat/ppr5008409209?pTmplType=regular&searchTerm=patio+and+outdoor+furniture&geoZip=55057,"[{'message': 'Online Only', 'icon': 'mouse'}, {'message': 'Available for Shipping', 'icon': 'check'}]",False,791,True,1012.5,1012.5,RECLINER,False,False,2024-01-17T22:02:37,DP0117202409063054M.tif,DP0117202409063260M.tif,,,https://www.jcpenney.com/p/modern-outdoor-zan-loveseat/ppr5008409209?pTmplType=regular&searchTerm=patio+and+outdoor+furniture&geoZip=55057,20251225,patio and outdoor furniture
Glitzhome 2-pc. Patio Garden Metal Stool,ppr5008341878,,,134.99,134.99,225.0,225.0,SALE,False,False,available online only,False,False,original,False,True,"['# Pieces In Set: 2', 'Manufacturer Warranty: 1 Year', 'Measurements: 14.5 Depth/Inches, 19.25 Height/Inches, 14.5 Width/Inches', 'Dining Height: Standard Height', 'Maximum Weight Limit: 33 Lbs']",0.0,0.0,SALE,False,False,62772420018,USD,glitzhome,"[{'colorName': 'Black', 'swatchImageId': 'DP0315202307271754S.tif', 'colorizedImageId': 'DP0315202307271650M.tif', 'colorSeqNum': 1, 'skuId': '62772400018', 'defaultSwatch': False, 'skuAltImages': [{'imgId': 'DP0315202307272168M.tif', 'colorSeq': 0}, {'imgId': 'DP0315202307272064M.tif', 'colorSeq': 1}, {'imgId': 'DP0315202307271961M.tif', 'colorSeq': 2}]}, {'colorName': 'Red', 'swatchImageId': 'DP0315202307272479S.tif', 'colorizedImageId': 'DP0315202307272375M.tif', 'colorSeqNum': 2, 'skuId': '62772410018', 'defaultSwatch': False, 'skuAltImages': [{'imgId': 'DP0315202307272894M.tif', 'colorSeq': 0}, {'imgId': 'DP0315202307272790M.tif', 'colorSeq': 1}, {'imgId': 'DP0315202307272686M.tif', 'colorSeq': 2}]}, {'colorName': 'White', 'swatchImageId': 'DP0315202307273205S.tif', 'colorizedImageId': 'DP0315202307273102M.tif', 'colorSeqNum': 3, 'skuId': '62772420018', 'defaultSwatch': False, 'skuAltImages': [{'imgId': 'DP0315202307273621M.tif', 'colorSeq': 0}, {'imgId': 'DP0315202307273518M.tif', 'colorSeq': 1}, {'imgId': 'DP0315202307273414M.tif', 'colorSeq': 2}]}, {'colorName': 'Yellow', 'swatchImageId': 'DP0315202307273933S.tif', 'colorizedImageId': 'DP0315202307273829M.tif', 'colorSeqNum': 4, 'skuId': '62772430018', 'defaultSwatch': False, 'skuAltImages': [{'imgId': 'DP0315202307274348M.tif', 'colorSeq': 0}, {'imgId': 'DP0315202307274244M.tif', 'colorSeq': 1}, {'imgId': 'DP0315202307274141M.tif', 'colorSeq': 2}]}]",/p/glitzhome-2-pc-patio-garden-metal-stool/ppr5008341878?pTmplType=regular&searchTerm=patio+and+outdoor+furniture&geoZip=55057,"[{'message': 'Online Only', 'icon': 'mouse'}, {'message': 'Available for Shipping', 'icon': 'check'}]",False,627,True,121.49,121.49,YULETIDE,False,False,2023-03-15T22:03:33,DP0315202307271650M.tif,DP0315202307272168M.tif,,,https://www.jcpenney.com/p/glitzhome-2-pc-patio-garden-metal-stool/ppr5008341878?pTmplType=regular&searchTerm=patio+and+outdoor+furniture&geoZip=55057,20251225,patio and outdoor furniture
Safavieh Lanty Adriondack Chair,ppr5008341769,4.0,2.0,420.0,420.0,420.0,420.0,ORIGINAL,False,False,available online only,False,False,original,False,True,"['Features: Water Resistant', 'Joinery: Screwed', 'Seating Capacity: 1', 'Tools Required: Screws (included)', 'Measurements: 28.35 Height/Inches, 31.89 Depth/Inches, 29.53 Width/Inches']",0.0,0.0,ORIGINAL,False,False,79122950018,USD,safavieh,"[{'colorName': 'Natural', 'swatchImageId': 'DP0322202307243741S.tif', 'colorizedImageId': 'DP0322202307242913M.tif', 'colorSeqNum': 1, 'skuId': '79122950018', 'defaultSwatch': False, 'skuAltImages': [{'imgId': 'DP0322202307245189M.tif', 'colorSeq': 0}, {'imgId': 'DP0322202307243327M.tif', 'colorSeq': 1}, {'imgId': 'DP0322202307244258M.tif', 'colorSeq': 2}]}, {'colorName': 'Dark Slate Grey', 'swatchImageId': 'DP0322202307243534S.tif', 'colorizedImageId': 'DP0322202307242706M.tif', 'colorSeqNum': 2, 'skuId': '79122950026', 'defaultSwatch': False, 'skuAltImages': [{'imgId': 'DP0323202307153916M.tif', 'colorSeq': 0}, {'imgId': 'DP0323202307153292M.tif', 'colorSeq': 1}, {'imgId': 'DP0323202307153501M.tif', 'colorSeq': 2}]}, {'colorName': 'Beach House Blue', 'swatchImageId': 'DP0323202307153396S.tif', 'colorizedImageId': 'DP0323202307153086M.tif', 'colorSeqNum': 3, 'skuId': '79122950034', 'defaultSwatch': False, 'skuAltImages': [{'imgId': 'DP0323202307153812M.tif', 'colorSeq': 0}, {'imgId': 'DP0323202307153189M.tif', 'colorSeq': 1}, {'imgId': 'DP0323202307154019M.tif', 'colorSeq': 2}]}, {'colorName': 'Grey', 'swatchImageId': 'DP0322202307243638S.tif', 'colorizedImageId': 'DP0322202307242809M.tif', 'colorSeqNum': 4, 'skuId': '79122950042', 'defaultSwatch': False, 'skuAltImages': [{'imgId': 'DP0322202307245085M.tif', 'colorSeq': 0}, {'imgId': 'DP0322202307243224M.tif', 'colorSeq': 1}, {'imgId': 'DP0322202307244154M.tif', 'colorSeq': 2}]}]",/p/safavieh-lanty-adriondack-chair/ppr5008341769?pTmplType=regular&searchTerm=patio+and+outdoor+furniture&geoZip=55057,"[{'message': 'Online Only', 'icon': 'mouse'}, {'message': 'Available for Shipping', 'icon': 'check'}]",False,791,True,378.0,378.0,GIFTWRAP,False,False,2023-03-22T22:03:37,DP0322202307242913M.tif,DP0322202307245189M.tif,,,https://www.jcpenney.com/p/safavieh-lanty-adriondack-chair/ppr5008341769?pTmplType=regular&searchTerm=patio+and+outdoor+furniture&geoZip=55057,20251225,patio and outdoor furniture
2 Pack,ppr5008255090,5.0,2.0,750.0,750.0,750.0,750.0,ORIGINAL,False,False,available online only,False,False,original,False,True,"['# Pieces In Set: 2-Pack', 'Features: Portable', 'Manufacturer Warranty: 1 Year', 'Seating Capacity: 2', 'Measurements: 33.25 Height/Inches, 21.5 Depth/Inches, 22.75 Width/Inches']",0.0,0.0,ORIGINAL,False,False,79119640026,USD,more brands,"[{'colorName': 'Gray', 'swatchImageId': 'DP1023202515112898S.tif', 'colorizedImageId': 'DP1023202515112795M.tif', 'colorSeqNum': 1, 'skuId': '79119640026', 'defaultSwatch': False, 'skuAltImages': [{'imgId': 'DP1023202515112588M.tif', 'colorSeq': 0}, {'imgId': 'DP1023202515113211M.tif', 'colorSeq': 1}, {'imgId': 'DP1023202515113108M.tif', 'colorSeq': 2}]}]",/p/2-pack/ppr5008255090?pTmplType=regular&searchTerm=patio+and+outdoor+furniture&geoZip=55057,"[{'message': 'Online Only', 'icon': 'mouse'}, {'message': 'Available for Shipping', 'icon': 'check'}]",False,791,True,562.5,562.5,RECLINER,False,False,2022-06-09T22:06:54,DP1023202515112795M.tif,DP1023202515112588M.tif,,,https://www.jcpenney.com/p/2-pack/ppr5008255090?pTmplType=regular&searchTerm=patio+and+outdoor+furniture&geoZip=55057,20251225,patio and outdoor furniture
Safavieh Brielle Patio Collection Bench,ppr5008091376,,,480.0,480.0,480.0,480.0,ORIGINAL,False,False,available online only,False,False,original,False,True,"['Included: 1 Bench(es)', 'Features: Quick Ship, Water Resistant', 'Joinery: Welded Joint, Screwed', 'Seating Capacity: 2', 'Tools Required: Screws (included), Allen Wrench (included)']",0.0,0.0,ORIGINAL,False,False,79108740026,USD,safavieh,"[{'colorName': 'Rustic Brown', 'swatchImageId': 'DP0302202115031724S.tif', 'colorizedImageId': 'DP0302202115031704M.tif', 'colorSeqNum': 1, 'skuId': '79108740026', 'defaultSwatch': False, 'skuAltImages': [{'imgId': 'DP0302202115031771M.tif', 'colorSeq': 0}, {'imgId': 'DP0302202115031763M.tif', 'colorSeq': 1}, {'imgId': 'DP0302202115031751M.tif', 'colorSeq': 2}]}, {'colorName': 'Antique White', 'swatchImageId': 'DP0302202115031717S.tif', 'colorizedImageId': 'DP0302202115031695M.tif', 'colorSeqNum': 2, 'skuId': '79108740018', 'defaultSwatch': False, 'skuAltImages': [{'imgId': 'DP0302202115031759M.tif', 'colorSeq': 0}, {'imgId': 'DP0302202115031748M.tif', 'colorSeq': 1}, {'imgId': 'DP0302202115031733M.tif', 'colorSeq': 2}]}, {'colorName': 'Antique Blue', 'swatchImageId': 'DP0302202115031710S.tif', 'colorizedImageId': 'DP0302202115031690M.tif', 'colorSeqNum': 3, 'skuId': '79108740034', 'defaultSwatch': False, 'skuAltImages': [{'imgId': 'DP0302202115031767M.tif', 'colorSeq': 0}, {'imgId': 'DP0302202115031755M.tif', 'colorSeq': 1}, {'imgId': 'DP0302202115031744M.tif', 'colorSeq': 2}]}, {'colorName': 'Antique Green', 'swatchImageId': 'DP0903202407194313S.tif', 'colorizedImageId': 'DP0903202407194212M.tif', 'colorSeqNum': 4, 'skuId': '79108740042', 'defaultSwatch': False, 'skuAltImages': [{'imgId': 'DP0903202407194823M.tif', 'colorSeq': 0}, {'imgId': 'DP0903202407194415M.tif', 'colorSeq': 1}, {'imgId': 'DP0903202407194925M.tif', 'colorSeq': 2}]}]",/p/safavieh-brielle-patio-collection-bench/ppr5008091376?pTmplType=regular&searchTerm=patio+and+outdoor+furniture&geoZip=55057,"[{'message': 'Online Only', 'icon': 'mouse'}, {'message': 'Available for Shipping', 'icon': 'check'}]",False,791,True,432.0,432.0,GIFTWRAP,False,False,2021-03-02T22:04:31,DP0302202115031704M.tif,DP0302202115031771M.tif,,,https://www.jcpenney.com/p/safavieh-brielle-patio-collection-bench/ppr5008091376?pTmplType=regular&searchTerm=patio+and+outdoor+furniture&geoZip=55057,20251225,patio and outdoor furniture
Safavieh Piedmont Patio Collection Bench,ppr5008091364,,,670.0,670.0,670.0,670.0,ORIGINAL,False,False,available online only,False,False,original,False,True,"['Included: 1 Bench(es)', 'Features: Weather Resistant, Quick Ship', 'Joinery: Glued, Screwed, Nailed', 'Seating Capacity: 2', 'Measurements: 48.4 Width/Inches, 23.6 Depth/Inches, 34.7 Height/Inches']",0.0,0.0,ORIGINAL,False,False,79108630034,USD,safavieh,"[{'colorName': 'Ash Grey', 'swatchImageId': 'DP0302202115031141S.tif', 'colorizedImageId': 'DP0302202115031133M.tif', 'colorSeqNum': 1, 'skuId': '79108630018', 'defaultSwatch': False, 'skuAltImages': [{'imgId': 'DP0302202115031173M.tif', 'colorSeq': 0}, {'imgId': 'DP0302202115031165M.tif', 'colorSeq': 1}, {'imgId': 'DP0302202115031157M.tif', 'colorSeq': 2}]}, {'colorName': 'Dark Slate Grey', 'swatchImageId': 'DP0302202115031145S.tif', 'colorizedImageId': 'DP0302202115031137M.tif', 'colorSeqNum': 2, 'skuId': '79108630026', 'defaultSwatch': False, 'skuAltImages': [{'imgId': 'DP0302202115031176M.tif', 'colorSeq': 0}, {'imgId': 'DP0302202115031169M.tif', 'colorSeq': 1}, {'imgId': 'DP0302202115031161M.tif', 'colorSeq': 2}]}, {'colorName': 'Beach House Blue', 'swatchImageId': 'DP0903202407191060S.tif', 'colorizedImageId': 'DP0903202407190855M.tif', 'colorSeqNum': 3, 'skuId': '79108630034', 'defaultSwatch': False, 'skuAltImages': [{'imgId': 'DP0903202407190958M.tif', 'colorSeq': 0}, {'imgId': 'DP0903202407190652M.tif', 'colorSeq': 1}, {'imgId': 'DP0903202407190754M.tif', 'colorSeq': 2}]}]",/p/safavieh-piedmont-patio-collection-bench/ppr5008091364?pTmplType=regular&searchTerm=patio+and+outdoor+furniture&geoZip=55057,"[{'message': 'Online Only', 'icon': 'mouse'}, {'message': 'Available for Shipping', 'icon': 'check'}]",False,791,True,603.0,603.0,GIFTWRAP,False,False,2021-03-02T22:04:28,DP0302202115031133M.tif,DP0302202115031173M.tif,,,https://www.jcpenney.com/p/safavieh-piedmont-patio-collection-bench/ppr5008091364?pTmplType=regular&searchTerm=patio+and+outdoor+furniture&geoZip=55057,20251225,patio and outdoor furniture
Safavieh Khara Collection Bench,ppr5008091392,,,890.0,890.0,890.0,890.0,ORIGINAL,False,False,available online only,False,False,original,False,True,"['Included: 1 Bench(es)', 'Features: Quick Ship, Weather Resistant', 'Joinery: Glued, Nailed, Screwed', 'Seating Capacity: 2', 'Tools Required: Phillips Screwdriver (not Included), Allen Wrench (included), Screws (included)']",0.0,0.0,ORIGINAL,False,False,79108840018,USD,safavieh,"[{'colorName': 'Beach House Blue', 'swatchImageId': 'DP0302202115032316S.tif', 'colorizedImageId': 'DP0302202115032308M.tif', 'colorSeqNum': 1, 'skuId': '79108840018', 'defaultSwatch': False, 'skuAltImages': [{'imgId': 'DP0302202115032351M.tif', 'colorSeq': 0}, {'imgId': 'DP0302202115032342M.tif', 'colorSeq': 1}, {'imgId': 'DP0302202115032332M.tif', 'colorSeq': 2}]}, {'colorName': 'Dark Slate Grey', 'swatchImageId': 'DP0302202115032320S.tif', 'colorizedImageId': 'DP0302202115032312M.tif', 'colorSeqNum': 2, 'skuId': '79108840026', 'defaultSwatch': False, 'skuAltImages': [{'imgId': 'DP0302202115032356M.tif', 'colorSeq': 0}, {'imgId': 'DP0302202115032346M.tif', 'colorSeq': 1}, {'imgId': 'DP0302202115032338M.tif', 'colorSeq': 2}]}]",/p/safavieh-khara-collection-bench/ppr5008091392?pTmplType=regular&searchTerm=patio+and+outdoor+furniture&geoZip=55057,"[{'message': 'Online Only', 'icon': 'mouse'}, {'message': 'Available for Shipping', 'icon': 'check'}]",False,791,True,667.5,667.5,RECLINER,False,False,2021-03-25T17:03:53,DP0302202115032308M.tif,DP0302202115032351M.tif,,,https://www.jcpenney.com/p/safavieh-khara-collection-bench/ppr5008091392?pTmplType=regular&searchTerm=patio+and+outdoor+furniture&geoZip=55057,20251225,patio and outdoor furniture
Condessa Iron Bench,ppr5008342401,,,660.0,660.0,660.0,660.0,ORIGINAL,False,False,available online only,False,False,original,False,True,"['Included: 1 Loveseat(s)', 'Features: 4 Legs, Quick Ship', 'Seating Capacity: 2', 'Tools Required: Screws (included)', 'Dining Height: Standard Height']",0.0,0.0,ORIGINAL,False,False,79123050018,USD,more brands,"[{'colorName': 'Black', 'swatchImageId': 'DP0317202307313525S.tif', 'colorizedImageId': 'DP0317202307313213M.tif', 'colorSeqNum': 1, 'skuId': '79123050018', 'defaultSwatch': False, 'skuAltImages': [{'imgId': 'DP0317202307313317M.tif', 'colorSeq': 0}, {'imgId': 'DP0317202307313628M.tif', 'colorSeq': 1}, {'imgId': 'DP0317202307313006M.tif', 'colorSeq': 2}]}]",/p/condessa-iron-bench/ppr5008342401?pTmplType=regular&searchTerm=patio+and+outdoor+furniture&geoZip=55057,"[{'message': 'Online Only', 'icon': 'mouse'}, {'message': 'Available for Shipping', 'icon': 'check'}]",False,791,True,594.0,594.0,GIFTWRAP,False,False,2023-03-17T22:03:34,DP0317202307313213M.tif,DP0317202307313317M.tif,,,https://www.jcpenney.com/p/condessa-iron-bench/ppr5008342401?pTmplType=regular&searchTerm=patio+and+outdoor+furniture&geoZip=55057,20251225,patio and outdoor furniture
Safavieh Ressi Outdoor Collection Bench,ppr5008214541,,,670.0,670.0,670.0,670.0,ORIGINAL,False,False,available online only,False,False,original,False,True,"['Included: 1 Bench(es)', 'Features: Quick Ship, Weather Resistant', 'Joinery: Welded Joint, Screwed', 'Seating Capacity: 2', 'Tools Required: Allen Wrench (included), Screws (included)']",0.0,0.0,ORIGINAL,False,False,79114580018,USD,safavieh,"[{'colorName': 'Antique Blue', 'swatchImageId': 'DP0204202207020789S.tif', 'colorizedImageId': 'DP0204202207020780M.tif', 'colorSeqNum': 1, 'skuId': '79114580018', 'defaultSwatch': False, 'skuAltImages': [{'imgId': 'DP0204202207020784M.tif', 'colorSeq': 0}, {'imgId': 'DP0204202207020793M.tif', 'colorSeq': 1}, {'imgId': 'DP0204202207020768M.tif', 'colorSeq': 2}]}]",/p/safavieh-ressi-outdoor-collection-bench/ppr5008214541?pTmplType=regular&searchTerm=patio+and+outdoor+furniture&geoZip=55057,"[{'message': 'Online Only', 'icon': 'mouse'}, {'message': 'Available for Shipping', 'icon': 'check'}]",False,791,True,603.0,603.0,GIFTWRAP,False,False,2022-02-04T22:02:42,DP0204202207020780M.tif,DP0204202207020784M.tif,,,https://www.jcpenney.com/p/safavieh-ressi-outdoor-collection-bench/ppr5008214541?pTmplType=regular&searchTerm=patio+and+outdoor+furniture&geoZip=55057,20251225,patio and outdoor furniture
Safavieh Vista Adriondack Chair,ppr5008341768,,,380.0,380.0,380.0,380.0,ORIGINAL,False,False,available online only,False,False,original,False,True,"['Features: Cup Holder, Water Resistant', 'Joinery: Screwed', 'Seating Capacity: 1', 'Tools Required: Screws (included)', 'Measurements: 37.4 Depth/Inches, 31.9 Height/Inches, 29.9 Width/Inches']",0.0,0.0,ORIGINAL,False,False,79122940018,USD,safavieh,"[{'colorName': 'Natural', 'swatchImageId': 'DP0322202307241148S.tif', 'colorizedImageId': 'DP0322202307240733M.tif', 'colorSeqNum': 1, 'skuId': '79122940018', 'defaultSwatch': False, 'skuAltImages': [{'imgId': 'DP0322202307240940M.tif', 'colorSeq': 0}, {'imgId': 'DP0322202307241458M.tif', 'colorSeq': 1}, {'imgId': 'DP0322202307241355M.tif', 'colorSeq': 2}]}, {'colorName': 'Dark Slate Grey', 'swatchImageId': 'DP0322202307241044S.tif', 'colorizedImageId': 'DP0322202307240630M.tif', 'colorSeqNum': 2, 'skuId': '79122940026', 'defaultSwatch': False, 'skuAltImages': [{'imgId': 'DP0322202307240837M.tif', 'colorSeq': 0}, {'imgId': 'DP0323202307152567M.tif', 'colorSeq': 1}, {'imgId': 'DP0322202307241562M.tif', 'colorSeq': 2}]}]",/p/safavieh-vista-adriondack-chair/ppr5008341768?pTmplType=regular&searchTerm=patio+and+outdoor+furniture&geoZip=55057,"[{'message': 'Online Only', 'icon': 'mouse'}, {'message': 'Available for Shipping', 'icon': 'check'}]",False,791,True,342.0,342.0,GIFTWRAP,False,False,2023-03-22T22:03:36,DP0322202307240733M.tif,DP0322202307240940M.tif,,,https://www.jcpenney.com/p/safavieh-vista-adriondack-chair/ppr5008341768?pTmplType=regular&searchTerm=patio+and+outdoor+furniture&geoZip=55057,20251225,patio and outdoor furniture
Broadway Lounge Chair Adjustable Lounge Chair,ppr5008328402,,,2120.0,2120.0,2120.0,2120.0,ORIGINAL,False,False,available online only,False,False,original,False,True,"['Included: 2 Chair(s), 2 Seat Cushion(s)', 'Features: 4 Legs, Adjustable, Quick Ship', 'Manufacturer Warranty: 90 Days', 'Seating Capacity: 2', 'Tools Required: Allen Wrench (included), Screws (included)']",0.0,0.0,ORIGINAL,False,False,79121390018,USD,more brands,"[{'colorName': 'Beige', 'swatchImageId': 'DP0204202307053243S.tif', 'colorizedImageId': 'DP0204202307052624M.tif', 'colorSeqNum': 1, 'skuId': '79121390018', 'defaultSwatch': False, 'skuAltImages': [{'imgId': 'DP0204202307052830M.tif', 'colorSeq': 0}, {'imgId': 'DP0204202307052213M.tif', 'colorSeq': 1}, {'imgId': 'DP0204202307053036M.tif', 'colorSeq': 2}]}, {'colorName': 'Dark Gray', 'swatchImageId': 'DP0204202307053346S.tif', 'colorizedImageId': 'DP0204202307052727M.tif', 'colorSeqNum': 2, 'skuId': '79121390026', 'defaultSwatch': False, 'skuAltImages': [{'imgId': 'DP0204202307052933M.tif', 'colorSeq': 0}, {'imgId': 'DP0204202307052316M.tif', 'colorSeq': 1}, {'imgId': 'DP0204202307053140M.tif', 'colorSeq': 2}]}]",/p/broadway-lounge-chair-adjustable-lounge-chair/ppr5008328402?pTmplType=regular&searchTerm=patio+and+outdoor+furniture&geoZip=55057,"[{'message': 'Online Only', 'icon': 'mouse'}, {'message': 'Available for Shipping', 'icon': 'check'}]",False,791,True,1590.0,1590.0,RECLINER,False,False,2023-02-06T07:06:07,DP0204202307052624M.tif,DP0204202307052830M.tif,,,https://www.jcpenney.com/p/broadway-lounge-chair-adjustable-lounge-chair/ppr5008328402?pTmplType=regular&searchTerm=patio+and+outdoor+furniture&geoZip=55057,20251225,patio and outdoor furniture
Orlando 2-pc. Lounge Chair,ppr5008328316,,,680.0,680.0,680.0,680.0,ORIGINAL,False,False,available online only,False,False,original,False,True,"['# Pieces In Set: 2', 'Included: 2 Chair(s), 2 Seat Cushion(s)', 'Features: 4 Legs, Removable Cushions, Quick Ship', 'Manufacturer Warranty: 90 Days', 'Seating Capacity: 2']",0.0,0.0,ORIGINAL,False,False,79121460026,USD,more brands,"[{'colorName': 'Dark Gray', 'swatchImageId': 'DP0204202307064562S.tif', 'colorizedImageId': 'DP0204202307063941M.tif', 'colorSeqNum': 1, 'skuId': '79121460018', 'defaultSwatch': False, 'skuAltImages': [{'imgId': 'DP0204202307064148M.tif', 'colorSeq': 0}, {'imgId': 'DP0204202307063528M.tif', 'colorSeq': 1}, {'imgId': 'DP0204202307064356M.tif', 'colorSeq': 2}]}, {'colorName': 'Beige', 'swatchImageId': 'DP0204202307064459S.tif', 'colorizedImageId': 'DP0204202307063838M.tif', 'colorSeqNum': 2, 'skuId': '79121460026', 'defaultSwatch': False, 'skuAltImages': [{'imgId': 'DP0204202307064045M.tif', 'colorSeq': 0}, {'imgId': 'DP0204202307063426M.tif', 'colorSeq': 1}, {'imgId': 'DP0204202307064251M.tif', 'colorSeq': 2}]}]",/p/orlando-2-pc-lounge-chair/ppr5008328316?pTmplType=regular&searchTerm=patio+and+outdoor+furniture&geoZip=55057,"[{'message': 'Online Only', 'icon': 'mouse'}, {'message': 'Available for Shipping', 'icon': 'check'}]",False,791,True,612.0,612.0,GIFTWRAP,False,False,2023-02-06T07:06:07,DP0204202307063941M.tif,DP0204202307064148M.tif,"[{'name': 'Few Left', 'priority': 1, 'urlParam': 'fewleft'}]",,https://www.jcpenney.com/p/orlando-2-pc-lounge-chair/ppr5008328316?pTmplType=regular&searchTerm=patio+and+outdoor+furniture&geoZip=55057,20251225,patio and outdoor furniture
Sherwood Lounge Chair,ppr5008429783,,,560.0,560.0,560.0,560.0,ORIGINAL,False,False,available online only,False,False,original,False,True,"['Included: 1 Chair(s)', 'Features: Easy Care', 'Manufacturer Warranty: 90 Days Limited', 'Seating Capacity: 1', 'Tools Required: Allen Wrench (included)']",0.0,0.0,ORIGINAL,False,False,79129150018,USD,more brands,"[{'colorName': 'White', 'swatchImageId': 'DP1001202407195002S.tif', 'colorizedImageId': 'DP1001202407194696M.tif', 'colorSeqNum': 1, 'skuId': '79129150018', 'defaultSwatch': False, 'skuAltImages': [{'imgId': 'DP1001202407194799M.tif', 'colorSeq': 0}, {'imgId': 'DP1001202407194900M.tif', 'colorSeq': 1}, {'imgId': 'DP1001202407194493M.tif', 'colorSeq': 2}]}]",/p/sherwood-lounge-chair/ppr5008429783?pTmplType=regular&searchTerm=patio+and+outdoor+furniture&geoZip=55057,"[{'message': 'Online Only', 'icon': 'mouse'}, {'message': 'Available for Shipping', 'icon': 'check'}]",False,791,True,504.0,504.0,GIFTWRAP,False,False,2024-11-06T09:06:03,DP1001202407194696M.tif,DP1001202407194799M.tif,,,https://www.jcpenney.com/p/sherwood-lounge-chair/ppr5008429783?pTmplType=regular&searchTerm=patio+and+outdoor+furniture&geoZip=55057,20251225,patio and outdoor furniture
Belle Adjustable 2-pc. Lounge Chair,ppr5008376401,,,1350.0,1350.0,1350.0,1350.0,ORIGINAL,False,False,available online only,False,False,original,False,True,"['# Pieces In Set: 2', 'Included: 2 Chair(s)', 'Features: 4 Legs, Water Resistant, Easy Clean, Adjustable', 'Manufacturer Warranty: 90 Days Limited', 'Seating Capacity: 2']",0.0,0.0,ORIGINAL,False,False,79127710018,USD,more brands,"[{'colorName': 'White', 'swatchImageId': 'DP0706202307305746S.tif', 'colorizedImageId': 'DP0706202307305642M.tif', 'colorSeqNum': 1, 'skuId': '79127710018', 'defaultSwatch': False, 'skuAltImages': [{'imgId': 'DP0706202307305952M.tif', 'colorSeq': 0}, {'imgId': 'DP0706202307310055M.tif', 'colorSeq': 1}, {'imgId': 'DP0706202307310158M.tif', 'colorSeq': 2}]}]",/p/belle-adjustable-2-pc-lounge-chair/ppr5008376401?pTmplType=regular&searchTerm=patio+and+outdoor+furniture&geoZip=55057,"[{'message': 'Online Only', 'icon': 'mouse'}, {'message': 'Available for Shipping', 'icon': 'check'}]",False,791,True,1012.5,1012.5,RECLINER,False,False,2023-07-10T07:08:26,DP0706202307305642M.tif,DP0706202307305952M.tif,,,https://www.jcpenney.com/p/belle-adjustable-2-pc-lounge-chair/ppr5008376401?pTmplType=regular&searchTerm=patio+and+outdoor+furniture&geoZip=55057,20251225,patio and outdoor furniture
Perla Adjustable 4-pc. Lounge Chair,ppr5008376397,,,1570.0,1570.0,1570.0,1570.0,ORIGINAL,False,False,available online only,False,False,original,False,True,"['# Pieces In Set: 4', 'Included: 2 Seat Cushion(s), 2 Chair(s)', 'Features: Adjustable, Water Resistant, Easy Clean, 4 Legs', 'Manufacturer Warranty: 90 Days Limited', 'Seating Capacity: 2']",0.0,0.0,ORIGINAL,False,False,79127670018,USD,more brands,"[{'colorName': 'Teak Cream', 'swatchImageId': 'DP0706202307302034S.tif', 'colorizedImageId': 'DP0706202307301930M.tif', 'colorSeqNum': 1, 'skuId': '79127670018', 'defaultSwatch': False, 'skuAltImages': [{'imgId': 'DP0706202307302240M.tif', 'colorSeq': 0}, {'imgId': 'DP0706202307302343M.tif', 'colorSeq': 1}, {'imgId': 'DP0706202307302446M.tif', 'colorSeq': 2}]}]",/p/perla-adjustable-4-pc-lounge-chair/ppr5008376397?pTmplType=regular&searchTerm=patio+and+outdoor+furniture&geoZip=55057,"[{'message': 'Online Only', 'icon': 'mouse'}, {'message': 'Available for Shipping', 'icon': 'check'}]",False,791,True,1177.5,1177.5,RECLINER,False,False,2023-07-10T07:08:28,DP0706202307301930M.tif,DP0706202307302240M.tif,,,https://www.jcpenney.com/p/perla-adjustable-4-pc-lounge-chair/ppr5008376397?pTmplType=regular&searchTerm=patio+and+outdoor+furniture&geoZip=55057,20251225,patio and outdoor furniture
Belgian 2-pc. Upholstered Club Chair,ppr5008376208,,,1425.0,1425.0,1425.0,1425.0,ORIGINAL,False,False,available online only,False,False,original,False,True,"['# Pieces In Set: 2', 'Included: 2 Chair(s)', 'Features: Upholstered', 'Manufacturer Warranty: 90 Days Limited', 'Seating Capacity: 2']",0.0,0.0,ORIGINAL,False,False,79126500018,USD,more brands,"[{'colorName': 'Light Gray', 'swatchImageId': 'DP0705202307081240S.tif', 'colorizedImageId': 'DP0705202307080827M.tif', 'colorSeqNum': 1, 'skuId': '79126500018', 'defaultSwatch': False, 'skuAltImages': [{'imgId': 'DP0705202307080930M.tif', 'colorSeq': 0}, {'imgId': 'DP0705202307081034M.tif', 'colorSeq': 1}, {'imgId': 'DP0705202307080620M.tif', 'colorSeq': 2}]}]",/p/belgian-2-pc-upholstered-club-chair/ppr5008376208?pTmplType=regular&searchTerm=patio+and+outdoor+furniture&geoZip=55057,"[{'message': 'Online Only', 'icon': 'mouse'}, {'message': 'Available for Shipping', 'icon': 'check'}]",False,791,True,1068.75,1068.75,RECLINER,False,False,2023-07-10T07:08:27,DP0705202307080827M.tif,DP0705202307080930M.tif,,,https://www.jcpenney.com/p/belgian-2-pc-upholstered-club-chair/ppr5008376208?pTmplType=regular&searchTerm=patio+and+outdoor+furniture&geoZip=55057,20251225,patio and outdoor furniture
Malia Egg Chair,ppr5008367155,,,730.0,730.0,730.0,730.0,ORIGINAL,False,False,available online only,False,False,original,False,True,"['Included: 1 Chair(s)', 'Features: Water Resistant, Quick Ship, Weather Resistant, Removable Cushions', 'Manufacturer Warranty: 90 Days Limited', 'Seating Capacity: 1', 'Tools Required: Allen Wrench (included), Screws (included)']",0.0,0.0,ORIGINAL,False,False,79125900018,USD,more brands,"[{'colorName': 'Beige Light Brown', 'swatchImageId': 'DP1023202515153308S.tif', 'colorizedImageId': 'DP1023202517002360M.tif', 'colorSeqNum': 1, 'skuId': '79125900018', 'defaultSwatch': False, 'skuAltImages': [{'imgId': 'DP1023202515153516M.tif', 'colorSeq': 0}, {'imgId': 'DP1023202517002569M.tif', 'colorSeq': 1}, {'imgId': 'DP1023202515153412M.tif', 'colorSeq': 2}]}]",/p/malia-egg-chair/ppr5008367155?pTmplType=regular&searchTerm=patio+and+outdoor+furniture&geoZip=55057,"[{'message': 'Online Only', 'icon': 'mouse'}, {'message': 'Available for Shipping', 'icon': 'check'}]",False,791,True,657.0,657.0,GIFTWRAP,False,False,2025-10-23T22:05:45,DP1023202517002360M.tif,DP1023202515153516M.tif,"[{'name': 'NEW', 'priority': 1, 'urlParam': 'new'}]",,https://www.jcpenney.com/p/malia-egg-chair/ppr5008367155?pTmplType=regular&searchTerm=patio+and+outdoor+furniture&geoZip=55057,20251225,patio and outdoor furniture
Safavieh Matteo 2 Pack,ppr5008349340,,,960.0,960.0,960.0,960.0,ORIGINAL,False,False,available online only,False,False,original,False,True,"['# Pieces In Set: 2-Pack', 'Included: 2 Chair(s), 2 Seat Cushion(s)', 'Features: Stackable', 'Joinery: Screwed', 'Seating Capacity: 2']",0.0,0.0,ORIGINAL,False,False,79123380018,USD,safavieh,"[{'colorName': 'Grey Cushion', 'swatchImageId': 'DP0405202309253117S.tif', 'colorizedImageId': 'DP0405202309252703M.tif', 'colorSeqNum': 1, 'skuId': '79123380018', 'defaultSwatch': False, 'skuAltImages': [{'imgId': 'DP0405202309252807M.tif', 'colorSeq': 0}, {'imgId': 'DP0405202309252911M.tif', 'colorSeq': 1}, {'imgId': 'DP0405202309253323M.tif', 'colorSeq': 2}]}]",/p/safavieh-matteo-2-pack/ppr5008349340?pTmplType=regular&searchTerm=patio+and+outdoor+furniture&geoZip=55057,"[{'message': 'Online Only', 'icon': 'mouse'}, {'message': 'Available for Shipping', 'icon': 'check'}]",False,791,True,720.0,720.0,RECLINER,False,False,2023-04-05T22:05:16,DP0405202309252703M.tif,DP0405202309252807M.tif,,,https://www.jcpenney.com/p/safavieh-matteo-2-pack/ppr5008349340?pTmplType=regular&searchTerm=patio+and+outdoor+furniture&geoZip=55057,20251225,patio and outdoor furniture
Cape Coral 2-pc. Club Chair,ppr5008330494,,,1720.0,1720.0,1720.0,1720.0,ORIGINAL,False,False,available online only,False,False,original,False,True,"['# Pieces In Set: 2', 'Included: 2 Chair(s)', 'Features: Quick Ship, Water Resistant', 'Manufacturer Warranty: 90 Days Limited', 'Seating Capacity: 2']",0.0,0.0,ORIGINAL,False,False,79121600018,USD,more brands,"[{'colorName': 'Khaki  Silver', 'swatchImageId': 'DP0215202309133599S.tif', 'colorizedImageId': 'DP0215202309133496M.tif', 'colorSeqNum': 1, 'skuId': '79121600018', 'defaultSwatch': False, 'skuAltImages': [{'imgId': 'DP0215202309133805M.tif', 'colorSeq': 0}, {'imgId': 'DP0215202309133909M.tif', 'colorSeq': 1}, {'imgId': 'DP0215202309134012M.tif', 'colorSeq': 2}]}]",/p/cape-coral-2-pc-club-chair/ppr5008330494?pTmplType=regular&searchTerm=patio+and+outdoor+furniture&geoZip=55057,"[{'message': 'Online Only', 'icon': 'mouse'}, {'message': 'Available for Shipping', 'icon': 'check'}]",False,791,True,1290.0,1290.0,RECLINER,False,False,2023-02-15T22:05:59,DP0215202309133496M.tif,DP0215202309133805M.tif,,,https://www.jcpenney.com/p/cape-coral-2-pc-club-chair/ppr5008330494?pTmplType=regular&searchTerm=patio+and+outdoor+furniture&geoZip=55057,20251225,patio and outdoor furniture
Kauai Lounge Chair 2-pc. Lounge Chair,ppr5008328391,,,1140.0,1140.0,1140.0,1140.0,ORIGINAL,False,False,available online only,False,False,original,False,True,"['# Pieces In Set: 2', 'Included: 2 Chair(s)', 'Features: 4 Legs, Quick Ship', 'Manufacturer Warranty: 90 Days', 'Seating Capacity: 2']",0.0,0.0,ORIGINAL,False,False,79121330018,USD,more brands,"[{'colorName': 'Gray', 'swatchImageId': 'DP0204202307041622S.tif', 'colorizedImageId': 'DP0204202307041314M.tif', 'colorSeqNum': 1, 'skuId': '79121330018', 'defaultSwatch': False, 'skuAltImages': [{'imgId': 'DP0204202307041417M.tif', 'colorSeq': 0}, {'imgId': 'DP0204202307041107M.tif', 'colorSeq': 1}, {'imgId': 'DP0204202307041520M.tif', 'colorSeq': 2}]}]",/p/kauai-lounge-chair-2-pc-lounge-chair/ppr5008328391?pTmplType=regular&searchTerm=patio+and+outdoor+furniture&geoZip=55057,"[{'message': 'Online Only', 'icon': 'mouse'}, {'message': 'Available for Shipping', 'icon': 'check'}]",False,791,True,855.0,855.0,RECLINER,False,False,2023-02-06T07:06:07,DP0204202307041314M.tif,DP0204202307041417M.tif,,,https://www.jcpenney.com/p/kauai-lounge-chair-2-pc-lounge-chair/ppr5008328391?pTmplType=regular&searchTerm=patio+and+outdoor+furniture&geoZip=55057,20251225,patio and outdoor furniture
Nadine 2-pc. Lounge Chair,ppr5008297267,,,1340.0,1340.0,1340.0,1340.0,ORIGINAL,False,False,available online only,False,False,original,False,True,"['# Pieces In Set: 2', 'Features: Adjustable Seat', 'Manufacturer Warranty: 90 Days', 'Seating Capacity: 2', 'Tools Required: Screws (included), Allen Wrench (included)']",0.0,0.0,ORIGINAL,False,False,79120850018,USD,more brands,"[{'colorName': 'Teak', 'swatchImageId': 'DP1010202207515744S.tif', 'colorizedImageId': 'DP1010202207515434M.tif', 'colorSeqNum': 1, 'skuId': '79120850018', 'defaultSwatch': False, 'skuAltImages': [{'imgId': 'DP1010202207515537M.tif', 'colorSeq': 0}, {'imgId': 'DP1010202207515227M.tif', 'colorSeq': 1}, {'imgId': 'DP1010202207515640M.tif', 'colorSeq': 2}]}]",/p/nadine-2-pc-lounge-chair/ppr5008297267?pTmplType=regular&searchTerm=patio+and+outdoor+furniture&geoZip=55057,"[{'message': 'Online Only', 'icon': 'mouse'}, {'message': 'Available for Shipping', 'icon': 'check'}]",False,791,True,1005.0,1005.0,RECLINER,False,False,2022-10-10T22:09:34,DP1010202207515434M.tif,DP1010202207515537M.tif,,,https://www.jcpenney.com/p/nadine-2-pc-lounge-chair/ppr5008297267?pTmplType=regular&searchTerm=patio+and+outdoor+furniture&geoZip=55057,20251225,patio and outdoor furniture
Contemporary Egg Chair,ppr5008259463,,,1220.0,1220.0,1220.0,1220.0,ORIGINAL,False,False,available online only,False,False,original,False,True,"['Features: Quick Ship, Easy Installation', 'Manufacturer Warranty: 1 Year', 'Seating Capacity: 1', 'Tools Required: Allen Wrench (included)', 'Maximum Weight Limit: 265 Lbs']",0.0,0.0,ORIGINAL,False,False,79120390018,USD,more brands,"[{'colorName': 'Cream Grey', 'swatchImageId': 'DP0706202207240936S.tif', 'colorizedImageId': 'DP0706202207240833M.tif', 'colorSeqNum': 1, 'skuId': '79120390018', 'defaultSwatch': False, 'skuAltImages': [{'imgId': 'DP0706202207241758M.tif', 'colorSeq': 0}, {'imgId': 'DP0706202207241655M.tif', 'colorSeq': 1}, {'imgId': 'DP0706202207241553M.tif', 'colorSeq': 2}]}]",/p/contemporary-egg-chair/ppr5008259463?pTmplType=regular&searchTerm=patio+and+outdoor+furniture&geoZip=55057,"[{'message': 'Online Only', 'icon': 'mouse'}, {'message': 'Available for Shipping', 'icon': 'check'}]",False,791,True,915.0,915.0,RECLINER,False,False,2022-06-30T15:03:56,DP0706202207240833M.tif,DP0706202207241758M.tif,"[{'name': 'Few Left', 'priority': 1, 'urlParam': 'fewleft'}]",,https://www.jcpenney.com/p/contemporary-egg-chair/ppr5008259463?pTmplType=regular&searchTerm=patio+and+outdoor+furniture&geoZip=55057,20251225,patio and outdoor furniture
Safavieh Clifton Outdoor Collection 2-pc. Lounge Chair,ppr5008086469,,,950.0,950.0,950.0,950.0,ORIGINAL,False,False,available online only,False,False,original,False,True,"['# Pieces In Set: 2', 'Included: 2 Chair(s)', 'Features: Quick Ship, Weather Resistant', 'Joinery: Welded Joint', 'Seating Capacity: 1']",0.0,0.0,ORIGINAL,False,False,79108170034,USD,safavieh,"[{'colorName': 'Matte Navy Blue', 'swatchImageId': 'DP0215202107030866S.tif', 'colorizedImageId': 'DP0215202107030822M.tif', 'colorSeqNum': 1, 'skuId': '79108170034', 'defaultSwatch': False, 'skuAltImages': [{'imgId': 'DP0215202107030908M.tif', 'colorSeq': 0}, {'imgId': 'DP0215202107030930M.tif', 'colorSeq': 1}, {'imgId': 'DP0215202107030888M.tif', 'colorSeq': 2}]}]",/p/safavieh-clifton-outdoor-collection-2-pc-lounge-chair/ppr5008086469?pTmplType=regular&searchTerm=patio+and+outdoor+furniture&geoZip=55057,"[{'message': 'Online Only', 'icon': 'mouse'}, {'message': 'Available for Shipping', 'icon': 'check'}]",False,791,True,712.5,712.5,RECLINER,False,False,2021-02-15T22:04:31,DP0215202107030822M.tif,DP0215202107030908M.tif,"[{'name': 'Few Left', 'priority': 1, 'urlParam': 'fewleft'}]",,https://www.jcpenney.com/p/safavieh-clifton-outdoor-collection-2-pc-lounge-chair/ppr5008086469?pTmplType=regular&searchTerm=patio+and+outdoor+furniture&geoZip=55057,20251225,patio and outdoor furniture
Kofi  2-pc. Patio Rope Chairs,ppr5008086434,,,840.0,840.0,840.0,840.0,ORIGINAL,False,False,available online only,False,False,original,False,True,"['# Pieces In Set: 2', 'Included: 2 Chair(s)', 'Features: Removable Cushion Covers, Weather Resistant, Stackable', 'Joinery: Screwed, Welded Joint', 'Seating Capacity: 1']",0.0,0.0,ORIGINAL,False,False,79108090018,USD,safavieh,"[{'colorName': 'Grey', 'swatchImageId': 'DP0215202107030505S.tif', 'colorizedImageId': 'DP0215202107030495M.tif', 'colorSeqNum': 1, 'skuId': '79108090018', 'defaultSwatch': False, 'skuAltImages': [{'imgId': 'DP0215202107030514M.tif', 'colorSeq': 0}, {'imgId': 'DP0215202107030518M.tif', 'colorSeq': 1}, {'imgId': 'DP0215202107030509M.tif', 'colorSeq': 2}]}]",/p/kofi-2-pc-patio-rope-chairs/ppr5008086434?pTmplType=regular&searchTerm=patio+and+outdoor+furniture&geoZip=55057,"[{'message': 'Online Only', 'icon': 'mouse'}, {'message': 'Available for Shipping', 'icon': 'check'}]",False,791,True,630.0,630.0,RECLINER,False,False,2021-02-18T09:02:39,DP0215202107030495M.tif,DP0215202107030514M.tif,"[{'name': 'Few Left', 'priority': 1, 'urlParam': 'fewleft'}]",,https://www.jcpenney.com/p/kofi-2-pc-patio-rope-chairs/ppr5008086434?pTmplType=regular&searchTerm=patio+and+outdoor+furniture&geoZip=55057,20251225,patio and outdoor furniture
Fox Hollow 2-pc. Dining Chair,ppr5008234208,,,1150.0,1150.0,1150.0,1150.0,ORIGINAL,False,False,available online only,False,False,original,False,True,"['# Pieces In Set: 2', 'Included: 2 Chair(s)', 'Features: Quick Ship, Weather Resistant, 4 Legs, Armless, Outdoor, Waterproof', 'Joinery: Cam And Bolt Lock', 'Manufacturer Warranty: 1 Year']",0.0,0.0,ORIGINAL,False,False,79115510026,USD,more brands,"[{'colorName': 'Gray', 'swatchImageId': 'DP0418202209020969S.tif', 'colorizedImageId': 'DP0418202209020980M.tif', 'colorSeqNum': 2, 'skuId': '79115510026', 'defaultSwatch': False, 'skuAltImages': [{'imgId': 'DP0418202209020977M.tif', 'colorSeq': 0}, {'imgId': 'DP0418202209020992M.tif', 'colorSeq': 1}, {'imgId': 'DP0418202209020997M.tif', 'colorSeq': 2}]}, {'colorName': 'Navy', 'swatchImageId': 'DP0418202209020972S.tif', 'colorizedImageId': 'DP0418202209020981M.tif', 'colorSeqNum': 3, 'skuId': '79115510034', 'defaultSwatch': False, 'skuAltImages': [{'imgId': 'DP0418202209020978M.tif', 'colorSeq': 0}, {'imgId': 'DP0418202209020987M.tif', 'colorSeq': 1}, {'imgId': 'DP0418202209020994M.tif', 'colorSeq': 2}]}, {'colorName': 'Pink', 'swatchImageId': 'DP0418202209020973S.tif', 'colorizedImageId': 'DP0418202209020983M.tif', 'colorSeqNum': 4, 'skuId': '79115510042', 'defaultSwatch': False, 'skuAltImages': [{'imgId': 'DP0418202209020989M.tif', 'colorSeq': 0}, {'imgId': 'DP0418202209021000M.tif', 'colorSeq': 1}, {'imgId': 'DP0418202209021014M.tif', 'colorSeq': 2}]}]",/p/fox-hollow-2-pc-dining-chair/ppr5008234208?pTmplType=regular&searchTerm=patio+and+outdoor+furniture&geoZip=55057&selectedSKUId=79115510026,"[{'message': 'Online Only', 'icon': 'mouse'}, {'message': 'Available for Shipping', 'icon': 'check'}]",False,791,True,862.5,862.5,RECLINER,False,True,2022-04-18T22:04:51,DP0418202209020980M.tif,DP0418202209020977M.tif,,,https://www.jcpenney.com/p/fox-hollow-2-pc-dining-chair/ppr5008234208?pTmplType=regular&searchTerm=patio+and+outdoor+furniture&geoZip=55057&selectedSKUId=79115510026,20251225,patio and outdoor furniture
Elize 2-pc. Dining Chair,ppr5008376328,,,620.0,620.0,620.0,620.0,ORIGINAL,False,False,available online only,False,False,original,False,True,"['# Pieces In Set: 2', 'Included: 2 Chair(s)', 'Features: Weather Resistant', 'Manufacturer Warranty: 90 Days Limited', 'Seating Capacity: 2']",0.0,0.0,ORIGINAL,False,False,79127050018,USD,more brands,"[{'colorName': 'Blue', 'swatchImageId': 'DP0705202307171294S.tif', 'colorizedImageId': 'DP0705202307171087M.tif', 'colorSeqNum': 1, 'skuId': '79127050018', 'defaultSwatch': False, 'skuAltImages': [{'imgId': 'DP0705202307171710M.tif', 'colorSeq': 0}, {'imgId': 'DP0705202307171916M.tif', 'colorSeq': 1}, {'imgId': 'DP0705202307172122M.tif', 'colorSeq': 2}]}, {'colorName': 'Black', 'swatchImageId': 'DP0705202307171190S.tif', 'colorizedImageId': 'DP0705202307170983M.tif', 'colorSeqNum': 2, 'skuId': '79127050026', 'defaultSwatch': False, 'skuAltImages': [{'imgId': 'DP0705202307171605M.tif', 'colorSeq': 0}, {'imgId': 'DP0705202307171813M.tif', 'colorSeq': 1}, {'imgId': 'DP0705202307172019M.tif', 'colorSeq': 2}]}]",/p/elize-2-pc-dining-chair/ppr5008376328?pTmplType=regular&searchTerm=patio+and+outdoor+furniture&geoZip=55057,"[{'message': 'Online Only', 'icon': 'mouse'}, {'message': 'Available for Shipping', 'icon': 'check'}]",False,791,True,558.0,558.0,GIFTWRAP,False,False,2023-07-10T07:08:27,DP0705202307171087M.tif,DP0705202307171710M.tif,,,https://www.jcpenney.com/p/elize-2-pc-dining-chair/ppr5008376328?pTmplType=regular&searchTerm=patio+and+outdoor+furniture&geoZip=55057,20251225,patio and outdoor furniture
Arthur 2-pc. Dining Chair,ppr5008376325,,,600.0,600.0,600.0,600.0,ORIGINAL,False,False,available online only,False,False,original,False,True,"['# Pieces In Set: 2', 'Included: 2 Chair(s)', 'Features: Weather Resistant', 'Manufacturer Warranty: 90 Days Limited', 'Seating Capacity: 2']",0.0,0.0,ORIGINAL,False,False,79127020018,USD,more brands,"[{'colorName': 'Light Brown', 'swatchImageId': 'DP0705202307162959S.tif', 'colorizedImageId': 'DP0705202307162857M.tif', 'colorSeqNum': 1, 'skuId': '79127020018', 'defaultSwatch': False, 'skuAltImages': [{'imgId': 'DP0705202307163166M.tif', 'colorSeq': 0}, {'imgId': 'DP0705202307163269M.tif', 'colorSeq': 1}, {'imgId': 'DP0705202307163372M.tif', 'colorSeq': 2}]}]",/p/arthur-2-pc-dining-chair/ppr5008376325?pTmplType=regular&searchTerm=patio+and+outdoor+furniture&geoZip=55057,"[{'message': 'Online Only', 'icon': 'mouse'}, {'message': 'Available for Shipping', 'icon': 'check'}]",False,791,True,540.0,540.0,GIFTWRAP,False,False,2023-07-10T07:08:27,DP0705202307162857M.tif,DP0705202307163166M.tif,,,https://www.jcpenney.com/p/arthur-2-pc-dining-chair/ppr5008376325?pTmplType=regular&searchTerm=patio+and+outdoor+furniture&geoZip=55057,20251225,patio and outdoor furniture
2-pc. Dining Chair,ppr5008336758,,,710.0,710.0,710.0,710.0,ORIGINAL,False,False,available online only,False,False,original,False,True,"['# Pieces In Set: 2', 'Included: 2 Chair(s)', 'Features: 4 Legs, Quick Ship', 'Seating Capacity: 2', 'Tools Required: Allen Wrench (included), Screws (included)']",0.0,0.0,ORIGINAL,False,False,79122560018,USD,more brands,"[{'colorName': 'Gray', 'swatchImageId': 'DP0314202309305122S.tif', 'colorizedImageId': 'DP0314202309304707M.tif', 'colorSeqNum': 1, 'skuId': '79122560018', 'defaultSwatch': False, 'skuAltImages': [{'imgId': 'DP0314202309304810M.tif', 'colorSeq': 0}, {'imgId': 'DP0314202309304915M.tif', 'colorSeq': 1}, {'imgId': 'DP0314202309304500M.tif', 'colorSeq': 2}]}]",/p/2-pc-dining-chair/ppr5008336758?pTmplType=regular&searchTerm=patio+and+outdoor+furniture&geoZip=55057,"[{'message': 'Online Only', 'icon': 'mouse'}, {'message': 'Available for Shipping', 'icon': 'check'}]",False,791,True,639.0,639.0,GIFTWRAP,False,False,2023-03-14T22:10:10,DP0314202309304707M.tif,DP0314202309304810M.tif,,,https://www.jcpenney.com/p/2-pc-dining-chair/ppr5008336758?pTmplType=regular&searchTerm=patio+and+outdoor+furniture&geoZip=55057,20251225,patio and outdoor furniture
Teak Traditional Slat Style Patio Dining Chair,ppr5008246702,,,400.0,400.0,400.0,400.0,ORIGINAL,False,False,available online only,False,False,original,False,True,"['Features: Quick Ship, 4 Legs', 'Joinery: Butt Joint', 'Manufacturer Warranty: 1 Year', 'Seating Capacity: 1', 'Measurements: 37.75 Height/Inches, 24.75 Width/Inches, 19.5 Depth/Inches']",0.0,0.0,ORIGINAL,False,False,79118510018,USD,more brands,"[{'colorName': 'Light Brown', 'swatchImageId': 'DP1018202507145375S.tif', 'colorizedImageId': 'DP1018202507145272M.tif', 'colorSeqNum': 1, 'skuId': '79118510018', 'defaultSwatch': False, 'skuAltImages': [{'imgId': 'DP1018202507145689M.tif', 'colorSeq': 0}, {'imgId': 'DP1018202507145584M.tif', 'colorSeq': 1}, {'imgId': 'DP1018202507145167M.tif', 'colorSeq': 2}]}]",/p/teak-traditional-slat-style-patio-dining-chair/ppr5008246702?pTmplType=regular&searchTerm=patio+and+outdoor+furniture&geoZip=55057,"[{'message': 'Online Only', 'icon': 'mouse'}, {'message': 'Available for Shipping', 'icon': 'check'}]",False,791,True,360.0,360.0,GIFTWRAP,False,False,2022-05-24T15:05:00,DP1018202507145272M.tif,DP1018202507145689M.tif,,,https://www.jcpenney.com/p/teak-traditional-slat-style-patio-dining-chair/ppr5008246702?pTmplType=regular&searchTerm=patio+and+outdoor+furniture&geoZip=55057,20251225,patio and outdoor furniture
1 Pair Dining Chair,ppr5008240316,5.0,1.0,670.0,670.0,670.0,670.0,ORIGINAL,False,False,available online only,False,False,original,False,True,"['# Pieces In Set: 1 Pair', 'Features: 2 Pack, Quick Ship', 'Manufacturer Warranty: 1 Year', 'Seating Capacity: 1', 'Measurements: 34 Height/Inches, 15.75 Width/Inches, 19.75 Depth/Inches']",0.0,0.0,ORIGINAL,False,False,79116840018,USD,more brands,"[{'colorName': 'Brown', 'swatchImageId': 'DP0420202213010632S.tif', 'colorizedImageId': 'DP0420202213010630M.tif', 'colorSeqNum': 1, 'skuId': '79116840018', 'defaultSwatch': False, 'skuAltImages': [{'imgId': 'DP0420202213010627M.tif', 'colorSeq': 0}, {'imgId': 'DP0420202213010640M.tif', 'colorSeq': 1}, {'imgId': 'DP0420202213010638M.tif', 'colorSeq': 2}]}]",/p/1-pair-dining-chair/ppr5008240316?pTmplType=regular&searchTerm=patio+and+outdoor+furniture&geoZip=55057,"[{'message': 'Online Only', 'icon': 'mouse'}, {'message': 'Available for Shipping', 'icon': 'check'}]",False,791,True,603.0,603.0,GIFTWRAP,False,False,2022-07-20T13:03:47,DP0420202213010630M.tif,DP0420202213010627M.tif,,,https://www.jcpenney.com/p/1-pair-dining-chair/ppr5008240316?pTmplType=regular&searchTerm=patio+and+outdoor+furniture&geoZip=55057,20251225,patio and outdoor furniture
Safavieh Lisbeth 2-pc. Dining Chair,ppr5008233293,,,890.0,890.0,890.0,890.0,ORIGINAL,False,False,available online only,False,False,original,False,True,"['# Pieces In Set: 2', 'Included: 2 Chair(s)', 'Features: Armless, Quick Ship, Weather Resistant', 'Joinery: Screwed, Welded Joint', 'Seating Capacity: 2']",0.0,0.0,ORIGINAL,False,False,79115190018,USD,safavieh,"[{'colorName': 'Navy White', 'swatchImageId': 'DP0404202207062620S.tif', 'colorizedImageId': 'DP0404202207062610M.tif', 'colorSeqNum': 1, 'skuId': '79115190018', 'defaultSwatch': False, 'skuAltImages': [{'imgId': 'DP0404202207062613M.tif', 'colorSeq': 0}, {'imgId': 'DP0404202207062617M.tif', 'colorSeq': 1}, {'imgId': 'DP0404202207062624M.tif', 'colorSeq': 2}]}]",/p/safavieh-lisbeth-2-pc-dining-chair/ppr5008233293?pTmplType=regular&searchTerm=patio+and+outdoor+furniture&geoZip=55057,"[{'message': 'Online Only', 'icon': 'mouse'}, {'message': 'Available for Shipping', 'icon': 'check'}]",False,791,True,667.5,667.5,RECLINER,False,False,2022-08-16T19:04:49,DP0404202207062610M.tif,DP0404202207062613M.tif,,,https://www.jcpenney.com/p/safavieh-lisbeth-2-pc-dining-chair/ppr5008233293?pTmplType=regular&searchTerm=patio+and+outdoor+furniture&geoZip=55057,20251225,patio and outdoor furniture
Safavieh Ortega Patio Collection Patio Umbrella,ppr5008094031,,,380.0,380.0,380.0,380.0,ORIGINAL,False,False,available online only,False,False,original,False,True,"['Features: Uv Protection, Collapsible, Weather Resistant', 'Shape: Octagon', 'Measurements: 98.82 Height/Inches, 100.79 Depth/Inches, 100.79 Width/Inches', 'Diameter: 9 Ft', 'Weight (lb.): 12 Lb']",0.0,0.0,ORIGINAL,False,False,79109110034,USD,safavieh,"[{'colorName': 'Beige', 'swatchImageId': 'DP0310202107032196S.tif', 'colorizedImageId': 'DP0310202107032173M.tif', 'colorSeqNum': 1, 'skuId': '79109110018', 'defaultSwatch': False, 'skuAltImages': [{'imgId': 'DP0310202107032305M.tif', 'colorSeq': 0}, {'imgId': 'DP0310202107032243M.tif', 'colorSeq': 1}, {'imgId': 'DP0310202107032266M.tif', 'colorSeq': 2}]}, {'colorName': 'Natural', 'swatchImageId': 'DP0310202107032207S.tif', 'colorizedImageId': 'DP0310202107032184M.tif', 'colorSeqNum': 2, 'skuId': '79109110026', 'defaultSwatch': False, 'skuAltImages': [{'imgId': 'DP0310202107032310M.tif', 'colorSeq': 0}, {'imgId': 'DP0310202107032254M.tif', 'colorSeq': 1}, {'imgId': 'DP0310202107032278M.tif', 'colorSeq': 2}]}, {'colorName': 'Navy', 'swatchImageId': 'DP0310202107032211S.tif', 'colorizedImageId': 'DP0310202107032188M.tif', 'colorSeqNum': 3, 'skuId': '79109110034', 'defaultSwatch': False, 'skuAltImages': [{'imgId': 'DP0310202107032258M.tif', 'colorSeq': 0}, {'imgId': 'DP0310202107032297M.tif', 'colorSeq': 1}, {'imgId': 'DP0310202107032282M.tif', 'colorSeq': 2}]}, {'colorName': 'Black', 'swatchImageId': 'DP0310202107032199S.tif', 'colorizedImageId': 'DP0310202107032177M.tif', 'colorSeqNum': 4, 'skuId': '79109110042', 'defaultSwatch': False, 'skuAltImages': [{'imgId': 'DP0310202107032247M.tif', 'colorSeq': 0}, {'imgId': 'DP0310202107032289M.tif', 'colorSeq': 1}, {'imgId': 'DP0310202107032270M.tif', 'colorSeq': 2}]}, {'colorName': 'Grey', 'swatchImageId': 'DP0310202107032203S.tif', 'colorizedImageId': 'DP0310202107032181M.tif', 'colorSeqNum': 5, 'skuId': '79109110059', 'defaultSwatch': False, 'skuAltImages': [{'imgId': 'DP0310202107032251M.tif', 'colorSeq': 0}, {'imgId': 'DP0310202107032293M.tif', 'colorSeq': 1}, {'imgId': 'DP0310202107032274M.tif', 'colorSeq': 2}]}, {'colorName': 'White', 'swatchImageId': 'DP0310202107032214S.tif', 'colorizedImageId': 'DP0310202107032192M.tif', 'colorSeqNum': 6, 'skuId': '79109110067', 'defaultSwatch': False, 'skuAltImages': [{'imgId': 'DP0310202107032262M.tif', 'colorSeq': 0}, {'imgId': 'DP0310202107032302M.tif', 'colorSeq': 1}, {'imgId': 'DP0310202107032285M.tif', 'colorSeq': 2}]}, {'colorName': 'Hunter Green', 'swatchImageId': 'DP0903202407214120S.tif', 'colorizedImageId': 'DP0903202407213509M.tif', 'colorSeqNum': 7, 'skuId': '79109110075', 'defaultSwatch': False, 'skuAltImages': [{'imgId': 'DP0903202407215340M.tif', 'colorSeq': 0}, {'imgId': 'DP0903202407214730M.tif', 'colorSeq': 1}, {'imgId': 'DP0903202407212897M.tif', 'colorSeq': 2}]}, {'colorName': 'Orange', 'swatchImageId': 'DP0903202407214222S.tif', 'colorizedImageId': 'DP0903202407213610M.tif', 'colorSeqNum': 8, 'skuId': '79109110083', 'defaultSwatch': False, 'skuAltImages': [{'imgId': 'DP0903202407215441M.tif', 'colorSeq': 0}, {'imgId': 'DP0903202407214831M.tif', 'colorSeq': 1}, {'imgId': 'DP0903202407212999M.tif', 'colorSeq': 2}]}, {'colorName': 'Pacific Blue', 'swatchImageId': 'DP0903202407214323S.tif', 'colorizedImageId': 'DP0903202407213712M.tif', 'colorSeqNum': 9, 'skuId': '79109110091', 'defaultSwatch': False, 'skuAltImages': [{'imgId': 'DP0903202407215543M.tif', 'colorSeq': 0}, {'imgId': 'DP0903202407214932M.tif', 'colorSeq': 1}, {'imgId': 'DP0903202407213101M.tif', 'colorSeq': 2}]}, {'colorName': 'Red', 'swatchImageId': 'DP0903202407214425S.tif', 'colorizedImageId': 'DP0903202407213814M.tif', 'colorSeqNum': 10, 'skuId': '79109110109', 'defaultSwatch': False, 'skuAltImages': [{'imgId': 'DP0903202407215645M.tif', 'colorSeq': 0}, {'imgId': 'DP0903202407215034M.tif', 'colorSeq': 1}, {'imgId': 'DP0903202407213203M.tif', 'colorSeq': 2}]}, {'colorName': 'Baby Blue', 'swatchImageId': 'DP0903202407214018S.tif', 'colorizedImageId': 'DP0903202407213407M.tif', 'colorSeqNum': 11, 'skuId': '79109110117', 'defaultSwatch': False, 'skuAltImages': [{'imgId': 'DP0903202407215237M.tif', 'colorSeq': 0}, {'imgId': 'DP0903202407214628M.tif', 'colorSeq': 1}, {'imgId': 'DP0903202407212795M.tif', 'colorSeq': 2}]}, {'colorName': 'Yellow', 'swatchImageId': 'DP0903202407214526S.tif', 'colorizedImageId': 'DP0903202407213916M.tif', 'colorSeqNum': 12, 'skuId': '79109110125', 'defaultSwatch': False, 'skuAltImages': [{'imgId': 'DP0903202407215746M.tif', 'colorSeq': 0}, {'imgId': 'DP0903202407215136M.tif', 'colorSeq': 1}, {'imgId': 'DP0903202407213305M.tif', 'colorSeq': 2}]}]",/p/safavieh-ortega-patio-collection-patio-umbrella/ppr5008094031?pTmplType=regular&searchTerm=patio+and+outdoor+furniture&geoZip=55057,"[{'message': 'Online Only', 'icon': 'mouse'}, {'message': 'Available for Shipping', 'icon': 'check'}]",False,791,True,342.0,342.0,GIFTWRAP,False,False,2021-03-10T22:04:04,DP0310202107032173M.tif,DP0310202107032305M.tif,,,https://www.jcpenney.com/p/safavieh-ortega-patio-collection-patio-umbrella/ppr5008094031?pTmplType=regular&searchTerm=patio+and+outdoor+furniture&geoZip=55057,20251225,patio and outdoor furniture
Safavieh Cannes Patio Umbrella,ppr5008445999,,,460.0,460.0,460.0,460.0,ORIGINAL,False,False,available online only,False,False,original,False,True,"['Features: Uv Protection, Weather Resistant, Quick Ship', 'Shape: Round', 'Measurements: 130 Depth/Inches, 130 Width/Inches, 105.5 Height/Inches', 'Diameter: 11 Ft', 'Weight (lb.): 15.5 Lb']",0.0,0.0,ORIGINAL,False,False,79131110075,USD,safavieh,"[{'colorName': 'Beige', 'swatchImageId': 'DP0423202411135481S.tif', 'colorizedImageId': 'DP0423202411134972M.tif', 'colorSeqNum': 1, 'skuId': '79131110034', 'defaultSwatch': False, 'skuAltImages': [{'imgId': 'DP0423202411135992M.tif', 'colorSeq': 0}, {'imgId': 'DP0423202411134462M.tif', 'colorSeq': 1}]}, {'colorName': 'Grey', 'swatchImageId': 'DP0423202411135582S.tif', 'colorizedImageId': 'DP0423202411135074M.tif', 'colorSeqNum': 2, 'skuId': '79131110042', 'defaultSwatch': False, 'skuAltImages': [{'imgId': 'DP0423202411140093M.tif', 'colorSeq': 0}, {'imgId': 'DP0423202411134564M.tif', 'colorSeq': 1}]}, {'colorName': 'Navy', 'swatchImageId': 'DP0423202411135684S.tif', 'colorizedImageId': 'DP0423202411135175M.tif', 'colorSeqNum': 3, 'skuId': '79131110059', 'defaultSwatch': False, 'skuAltImages': [{'imgId': 'DP0423202411140196M.tif', 'colorSeq': 0}, {'imgId': 'DP0423202411134666M.tif', 'colorSeq': 1}]}, {'colorName': 'Red', 'swatchImageId': 'DP0423202411135786S.tif', 'colorizedImageId': 'DP0423202411135278M.tif', 'colorSeqNum': 4, 'skuId': '79131110067', 'defaultSwatch': False, 'skuAltImages': [{'imgId': 'DP0423202411140298M.tif', 'colorSeq': 0}, {'imgId': 'DP0423202411134768M.tif', 'colorSeq': 1}]}, {'colorName': 'White', 'swatchImageId': 'DP0423202411135889S.tif', 'colorizedImageId': 'DP0423202411135379M.tif', 'colorSeqNum': 5, 'skuId': '79131110075', 'defaultSwatch': False, 'skuAltImages': [{'imgId': 'DP0423202411140399M.tif', 'colorSeq': 0}, {'imgId': 'DP0423202411134870M.tif', 'colorSeq': 1}]}]",/p/safavieh-cannes-patio-umbrella/ppr5008445999?pTmplType=regular&searchTerm=patio+and+outdoor+furniture&geoZip=55057,"[{'message': 'Online Only', 'icon': 'mouse'}, {'message': 'Available for Shipping', 'icon': 'check'}]",False,791,True,414.0,414.0,GIFTWRAP,False,False,2024-04-23T22:04:32,DP0423202411134972M.tif,DP0423202411135992M.tif,"[{'name': 'Few Left', 'priority': 1, 'urlParam': 'fewleft'}]",,https://www.jcpenney.com/p/safavieh-cannes-patio-umbrella/ppr5008445999?pTmplType=regular&searchTerm=patio+and+outdoor+furniture&geoZip=55057,20251225,patio and outdoor furniture
Safavieh Milan Patio Collection Patio Umbrella,ppr5008094057,,,510.0,510.0,510.0,510.0,ORIGINAL,False,False,available online only,False,False,original,False,True,"['Features: Weather Resistant, Uv Protection, Collapsible', 'Shape: Octagon', 'Measurements: 101.18 Depth/Inches, 99.61 Height/Inches, 101.18 Width/Inches', 'Diameter: 9 Ft', 'Weight (lb.): 16 Lb']",0.0,0.0,ORIGINAL,False,False,79109370042,USD,safavieh,"[{'colorName': 'White', 'swatchImageId': 'DP0310202109015708S.tif', 'colorizedImageId': 'DP0310202109015701M.tif', 'colorSeqNum': 1, 'skuId': '79109370026', 'defaultSwatch': False, 'skuAltImages': [{'imgId': 'DP0310202109015723M.tif', 'colorSeq': 0}, {'imgId': 'DP0310202109015737M.tif', 'colorSeq': 1}, {'imgId': 'DP0310202109015730M.tif', 'colorSeq': 2}]}, {'colorName': 'Navy White', 'swatchImageId': 'DP0310202109015704S.tif', 'colorizedImageId': 'DP0310202109015697M.tif', 'colorSeqNum': 2, 'skuId': '79109370018', 'defaultSwatch': False, 'skuAltImages': [{'imgId': 'DP0310202109015719M.tif', 'colorSeq': 0}, {'imgId': 'DP0310202109015733M.tif', 'colorSeq': 1}, {'imgId': 'DP0310202109015726M.tif', 'colorSeq': 2}]}, {'colorName': 'Grey', 'swatchImageId': 'DP0903202407260785S.tif', 'colorizedImageId': 'DP0903202407260174M.tif', 'colorSeqNum': 3, 'skuId': '79109370034', 'defaultSwatch': False, 'skuAltImages': [{'imgId': 'DP0903202407260480M.tif', 'colorSeq': 0}, {'imgId': 'DP0903202407255869M.tif', 'colorSeq': 1}, {'imgId': 'DP0903202407255563M.tif', 'colorSeq': 2}]}, {'colorName': 'Yellow', 'swatchImageId': 'DP0903202407260988S.tif', 'colorizedImageId': 'DP0903202407260378M.tif', 'colorSeqNum': 4, 'skuId': '79109370042', 'defaultSwatch': False, 'skuAltImages': [{'imgId': 'DP0903202407260683M.tif', 'colorSeq': 0}, {'imgId': 'DP0903202407260073M.tif', 'colorSeq': 1}, {'imgId': 'DP0903202407255766M.tif', 'colorSeq': 2}]}, {'colorName': 'Red', 'swatchImageId': 'DP0903202407260887S.tif', 'colorizedImageId': 'DP0903202407260276M.tif', 'colorSeqNum': 5, 'skuId': '79109370059', 'defaultSwatch': False, 'skuAltImages': [{'imgId': 'DP0903202407260581M.tif', 'colorSeq': 0}, {'imgId': 'DP0903202407255972M.tif', 'colorSeq': 1}, {'imgId': 'DP0903202407255664M.tif', 'colorSeq': 2}]}]",/p/safavieh-milan-patio-collection-patio-umbrella/ppr5008094057?pTmplType=regular&searchTerm=patio+and+outdoor+furniture&geoZip=55057,"[{'message': 'Online Only', 'icon': 'mouse'}, {'message': 'Available for Shipping', 'icon': 'check'}]",False,791,True,459.0,459.0,GIFTWRAP,False,False,2021-03-10T22:04:18,DP0310202109015701M.tif,DP0310202109015723M.tif,,,https://www.jcpenney.com/p/safavieh-milan-patio-collection-patio-umbrella/ppr5008094057?pTmplType=regular&searchTerm=patio+and+outdoor+furniture&geoZip=55057,20251225,patio and outdoor furniture
Safavieh Venice Patio Collection Patio Umbrella,ppr5008094051,,,490.0,490.0,490.0,490.0,ORIGINAL,False,False,available online only,False,False,original,False,True,"['Features: Collapsible, Weather Resistant, Uv Protection', 'Shape: Octagon', 'Measurements: 105.51 Height/Inches, 130 Depth/Inches, 130 Width/Inches', 'Diameter: 11 Ft', 'Weight (lb.): 16 Lb']",0.0,0.0,ORIGINAL,False,False,79109310042,USD,safavieh,"[{'colorName': 'Navy White', 'swatchImageId': 'DP0310202109015428S.tif', 'colorizedImageId': 'DP0310202109015420M.tif', 'colorSeqNum': 1, 'skuId': '79109310018', 'defaultSwatch': False, 'skuAltImages': [{'imgId': 'DP0310202109015444M.tif', 'colorSeq': 0}, {'imgId': 'DP0310202109015459M.tif', 'colorSeq': 1}, {'imgId': 'DP0310202109015451M.tif', 'colorSeq': 2}]}, {'colorName': 'White Black', 'swatchImageId': 'DP0310202109015432S.tif', 'colorizedImageId': 'DP0310202109015424M.tif', 'colorSeqNum': 2, 'skuId': '79109310026', 'defaultSwatch': False, 'skuAltImages': [{'imgId': 'DP0310202109015448M.tif', 'colorSeq': 0}, {'imgId': 'DP0310202109015463M.tif', 'colorSeq': 1}, {'imgId': 'DP0310202109015455M.tif', 'colorSeq': 2}]}, {'colorName': 'Grey', 'swatchImageId': 'DP0903202407252611S.tif', 'colorizedImageId': 'DP0903202407252001M.tif', 'colorSeqNum': 3, 'skuId': '79109310034', 'defaultSwatch': False, 'skuAltImages': [{'imgId': 'DP0903202407252306M.tif', 'colorSeq': 0}, {'imgId': 'DP0903202407252916M.tif', 'colorSeq': 1}, {'imgId': 'DP0903202407251694M.tif', 'colorSeq': 2}]}, {'colorName': 'Red', 'swatchImageId': 'DP0903202407252713S.tif', 'colorizedImageId': 'DP0903202407252102M.tif', 'colorSeqNum': 4, 'skuId': '79109310042', 'defaultSwatch': False, 'skuAltImages': [{'imgId': 'DP0903202407252408M.tif', 'colorSeq': 0}, {'imgId': 'DP0903202407251797M.tif', 'colorSeq': 1}, {'imgId': 'DP0903202407251491M.tif', 'colorSeq': 2}]}, {'colorName': 'Yellow', 'swatchImageId': 'DP0903202407252815S.tif', 'colorizedImageId': 'DP0903202407252205M.tif', 'colorSeqNum': 5, 'skuId': '79109310059', 'defaultSwatch': False, 'skuAltImages': [{'imgId': 'DP0903202407252510M.tif', 'colorSeq': 0}, {'imgId': 'DP0903202407251899M.tif', 'colorSeq': 1}, {'imgId': 'DP0903202407251593M.tif', 'colorSeq': 2}]}]",/p/safavieh-venice-patio-collection-patio-umbrella/ppr5008094051?pTmplType=regular&searchTerm=patio+and+outdoor+furniture&geoZip=55057,"[{'message': 'Online Only', 'icon': 'mouse'}, {'message': 'Available for Shipping', 'icon': 'check'}]",False,791,True,441.0,441.0,GIFTWRAP,False,False,2021-03-10T22:04:16,DP0310202109015420M.tif,DP0310202109015444M.tif,,,https://www.jcpenney.com/p/safavieh-venice-patio-collection-patio-umbrella/ppr5008094051?pTmplType=regular&searchTerm=patio+and+outdoor+furniture&geoZip=55057,20251225,patio and outdoor furniture
Safavieh Vienna Patio Collection Patio Umbrella,ppr5008094059,,,500.0,500.0,500.0,500.0,ORIGINAL,False,False,available online only,False,False,original,False,True,"['Features: Weather Resistant, Uv Protection, Collapsible', 'Shape: Octagon', 'Measurements: 99.61 Height/Inches, 101.18 Depth/Inches, 101.18 Width/Inches', 'Diameter: 9 Ft', 'Weight (lb.): 16 Lb']",0.0,0.0,ORIGINAL,False,False,79109390042,USD,safavieh,"[{'colorName': 'Grey White', 'swatchImageId': 'DP0310202109015803S.tif', 'colorizedImageId': 'DP0310202109015791M.tif', 'colorSeqNum': 1, 'skuId': '79109390018', 'defaultSwatch': False, 'skuAltImages': [{'imgId': 'DP0310202109015827M.tif', 'colorSeq': 0}, {'imgId': 'DP0310202109015849M.tif', 'colorSeq': 1}, {'imgId': 'DP0310202109015837M.tif', 'colorSeq': 2}]}, {'colorName': 'Navy White', 'swatchImageId': 'DP0310202109015808S.tif', 'colorizedImageId': 'DP0310202109015794M.tif', 'colorSeqNum': 2, 'skuId': '79109390026', 'defaultSwatch': False, 'skuAltImages': [{'imgId': 'DP0310202109015830M.tif', 'colorSeq': 0}, {'imgId': 'DP0310202109015852M.tif', 'colorSeq': 1}, {'imgId': 'DP0310202109015841M.tif', 'colorSeq': 2}]}, {'colorName': 'Black White', 'swatchImageId': 'DP0310202109015799S.tif', 'colorizedImageId': 'DP0310202109015787M.tif', 'colorSeqNum': 3, 'skuId': '79109390034', 'defaultSwatch': False, 'skuAltImages': [{'imgId': 'DP0310202109015823M.tif', 'colorSeq': 0}, {'imgId': 'DP0310202109015845M.tif', 'colorSeq': 1}, {'imgId': 'DP0310202109015834M.tif', 'colorSeq': 2}]}, {'colorName': 'Beige Stripe', 'swatchImageId': 'DP0903202407263125S.tif', 'colorizedImageId': 'DP0903202407262922M.tif', 'colorSeqNum': 4, 'skuId': '79109390042', 'defaultSwatch': False, 'skuAltImages': [{'imgId': 'DP0903202407263023M.tif', 'colorSeq': 0}, {'imgId': 'DP0903202407263227M.tif', 'colorSeq': 1}, {'imgId': 'DP0903202407262820M.tif', 'colorSeq': 2}]}]",/p/safavieh-vienna-patio-collection-patio-umbrella/ppr5008094059?pTmplType=regular&searchTerm=patio+and+outdoor+furniture&geoZip=55057,"[{'message': 'Online Only', 'icon': 'mouse'}, {'message': 'Available for Shipping', 'icon': 'check'}]",False,791,True,450.0,450.0,GIFTWRAP,False,False,2021-03-10T22:04:18,DP0310202109015791M.tif,DP0310202109015827M.tif,,,https://www.jcpenney.com/p/safavieh-vienna-patio-collection-patio-umbrella/ppr5008094059?pTmplType=regular&searchTerm=patio+and+outdoor+furniture&geoZip=55057,20251225,patio and outdoor furniture
Corliving Patio Umbrella,ppr5008345320,,,450.0,450.0,450.0,450.0,ORIGINAL,False,False,available online only,False,False,original,False,True,"['Features: Vented, Weather Resistant, Collapsible, Tiltable', 'Manufacturer Warranty: 6 Month', 'Shape: Round', 'Measurements: 96 Height/Inches, 72 Depth/Inches, 116 Width/Inches', 'Diameter: 9 Ft']",0.0,0.0,ORIGINAL,False,False,79123180042,USD,more brands,"[{'colorName': 'Taupe', 'swatchImageId': 'DP0325202307145040S.tif', 'colorizedImageId': 'DP0325202307144418M.tif', 'colorSeqNum': 1, 'skuId': '79123180034', 'defaultSwatch': False, 'skuAltImages': [{'imgId': 'DP0325202307151536M.tif', 'colorSeq': 0}, {'imgId': 'DP0325202307150907M.tif', 'colorSeq': 1}, {'imgId': 'DP0325202307150284M.tif', 'colorSeq': 2}]}, {'colorName': 'Warm White', 'swatchImageId': 'DP0325202307145144S.tif', 'colorizedImageId': 'DP0325202307144521M.tif', 'colorSeqNum': 4, 'skuId': '79123180042', 'defaultSwatch': False, 'skuAltImages': [{'imgId': 'DP0325202307151641M.tif', 'colorSeq': 0}, {'imgId': 'DP0325202307151015M.tif', 'colorSeq': 1}, {'imgId': 'DP0325202307150387M.tif', 'colorSeq': 2}]}, {'colorName': 'Wine Red', 'swatchImageId': 'DP0325202307145248S.tif', 'colorizedImageId': 'DP0325202307144625M.tif', 'colorSeqNum': 6, 'skuId': '79123180067', 'defaultSwatch': False, 'skuAltImages': [{'imgId': 'DP0325202307151745M.tif', 'colorSeq': 0}, {'imgId': 'DP0325202307151121M.tif', 'colorSeq': 1}, {'imgId': 'DP0325202307150491M.tif', 'colorSeq': 2}]}]",/p/corliving-patio-umbrella/ppr5008345320?pTmplType=regular&searchTerm=patio+and+outdoor+furniture&geoZip=55057,"[{'message': 'Online Only', 'icon': 'mouse'}, {'message': 'Available for Shipping', 'icon': 'check'}]",False,791,True,405.0,405.0,GIFTWRAP,False,False,2023-03-25T22:03:03,DP0325202307144418M.tif,DP0325202307151536M.tif,,,https://www.jcpenney.com/p/corliving-patio-umbrella/ppr5008345320?pTmplType=regular&searchTerm=patio+and+outdoor+furniture&geoZip=55057,20251225,patio and outdoor furniture
Safavieh Iris Patio Collection Patio Umbrella,ppr5008094047,,,470.0,470.0,470.0,470.0,ORIGINAL,False,False,available online only,False,False,original,False,True,"['Features: Uv Protection, Collapsible, Weather Resistant', 'Shape: Octagon', 'Measurements: 105.51 Height/Inches, 130 Width/Inches, 130 Depth/Inches', 'Diameter: 11 Ft', 'Weight (lb.): 16 Lb']",0.0,0.0,ORIGINAL,False,False,79109270034,USD,safavieh,"[{'colorName': 'Black White', 'swatchImageId': 'DP0310202109015222S.tif', 'colorizedImageId': 'DP0310202109015211M.tif', 'colorSeqNum': 1, 'skuId': '79109270018', 'defaultSwatch': False, 'skuAltImages': [{'imgId': 'DP0310202109015246M.tif', 'colorSeq': 0}, {'imgId': 'DP0310202109015269M.tif', 'colorSeq': 1}, {'imgId': 'DP0310202109015258M.tif', 'colorSeq': 2}]}, {'colorName': 'Navy White', 'swatchImageId': 'DP0310202109015230S.tif', 'colorizedImageId': 'DP0310202109015218M.tif', 'colorSeqNum': 2, 'skuId': '79109270026', 'defaultSwatch': False, 'skuAltImages': [{'imgId': 'DP0310202109015254M.tif', 'colorSeq': 0}, {'imgId': 'DP0310202109015277M.tif', 'colorSeq': 1}, {'imgId': 'DP0310202109015265M.tif', 'colorSeq': 2}]}, {'colorName': 'Grey White', 'swatchImageId': 'DP0310202109015226S.tif', 'colorizedImageId': 'DP0310202109015214M.tif', 'colorSeqNum': 3, 'skuId': '79109270034', 'defaultSwatch': False, 'skuAltImages': [{'imgId': 'DP0310202109015250M.tif', 'colorSeq': 0}, {'imgId': 'DP0310202109015273M.tif', 'colorSeq': 1}, {'imgId': 'DP0310202109015261M.tif', 'colorSeq': 2}]}]",/p/safavieh-iris-patio-collection-patio-umbrella/ppr5008094047?pTmplType=regular&searchTerm=patio+and+outdoor+furniture&geoZip=55057,"[{'message': 'Online Only', 'icon': 'mouse'}, {'message': 'Available for Shipping', 'icon': 'check'}]",False,791,True,423.0,423.0,GIFTWRAP,False,False,2021-03-10T22:04:15,DP0310202109015211M.tif,DP0310202109015246M.tif,,,https://www.jcpenney.com/p/safavieh-iris-patio-collection-patio-umbrella/ppr5008094047?pTmplType=regular&searchTerm=patio+and+outdoor+furniture&geoZip=55057,20251225,patio and outdoor furniture
Corliving Patio Umbrella,ppr5008320434,,,580.0,580.0,580.0,580.0,ORIGINAL,False,False,available online only,False,False,original,False,True,"['Features: Vented, Collapsible, Weather Resistant', 'Manufacturer Warranty: 6 Month', 'Shape: Octagon', 'Measurements: 116 Length/Inches, 124 Width/Inches, 100 Height/Inches', 'Diameter: 10 Ft']",0.0,0.0,ORIGINAL,False,False,79121230018,USD,more brands,"[{'colorName': 'White Taupe Stripe', 'swatchImageId': 'DP0103202307025479S.tif', 'colorizedImageId': 'DP0102202307090038M.tif', 'colorSeqNum': 1, 'skuId': '79121230018', 'defaultSwatch': False, 'skuAltImages': [{'imgId': 'DP0102202307091712M.tif', 'colorSeq': 0}, {'imgId': 'DP0102202307091503M.tif', 'colorSeq': 1}, {'imgId': 'DP0102202307091293M.tif', 'colorSeq': 2}]}, {'colorName': 'Green And Blue', 'swatchImageId': 'DP0103202307025376S.tif', 'colorizedImageId': 'DP0102202307085934M.tif', 'colorSeqNum': 2, 'skuId': '79121230026', 'defaultSwatch': False, 'skuAltImages': [{'imgId': 'DP0102202307091608M.tif', 'colorSeq': 0}, {'imgId': 'DP0102202307091398M.tif', 'colorSeq': 1}, {'imgId': 'DP0102202307091189M.tif', 'colorSeq': 2}]}]",/p/corliving-patio-umbrella/ppr5008320434?pTmplType=regular&searchTerm=patio+and+outdoor+furniture&geoZip=55057,"[{'message': 'Online Only', 'icon': 'mouse'}, {'message': 'Available for Shipping', 'icon': 'check'}]",False,791,True,522.0,522.0,GIFTWRAP,False,False,2022-12-30T22:03:04,DP0102202307090038M.tif,DP0102202307091712M.tif,,,https://www.jcpenney.com/p/corliving-patio-umbrella/ppr5008320434?pTmplType=regular&searchTerm=patio+and+outdoor+furniture&geoZip=55057,20251225,patio and outdoor furniture
Safavieh Elsa Patio Collection Patio Umbrella,ppr5008094061,,,480.0,480.0,480.0,480.0,ORIGINAL,False,False,available online only,False,False,original,False,True,"['Features: Uv Protection, Weather Resistant, Collapsible', 'Shape: Rectangle', 'Measurements: 106.31 Height/Inches, 118.11 Width/Inches, 78.74 Depth/Inches', 'Weight (lb.): 21 Lb', 'Assembly: Assembly Required']",0.0,0.0,ORIGINAL,False,False,79109410026,USD,safavieh,"[{'colorName': 'Black White', 'swatchImageId': 'DP0310202109015933S.tif', 'colorizedImageId': 'DP0310202109015926M.tif', 'colorSeqNum': 1, 'skuId': '79109410018', 'defaultSwatch': False, 'skuAltImages': [{'imgId': 'DP0310202109015948M.tif', 'colorSeq': 0}, {'imgId': 'DP0310202109015964M.tif', 'colorSeq': 1}, {'imgId': 'DP0310202109015956M.tif', 'colorSeq': 2}]}, {'colorName': 'Navy White', 'swatchImageId': 'DP0310202109015937S.tif', 'colorizedImageId': 'DP0310202109015929M.tif', 'colorSeqNum': 2, 'skuId': '79109410026', 'defaultSwatch': False, 'skuAltImages': [{'imgId': 'DP0310202109015952M.tif', 'colorSeq': 0}, {'imgId': 'DP0310202109015967M.tif', 'colorSeq': 1}, {'imgId': 'DP0310202109015960M.tif', 'colorSeq': 2}]}]",/p/safavieh-elsa-patio-collection-patio-umbrella/ppr5008094061?pTmplType=regular&searchTerm=patio+and+outdoor+furniture&geoZip=55057,"[{'message': 'Online Only', 'icon': 'mouse'}, {'message': 'Available for Shipping', 'icon': 'check'}]",False,791,True,432.0,432.0,GIFTWRAP,False,False,2021-03-10T22:04:19,DP0310202109015926M.tif,DP0310202109015948M.tif,,,https://www.jcpenney.com/p/safavieh-elsa-patio-collection-patio-umbrella/ppr5008094061?pTmplType=regular&searchTerm=patio+and+outdoor+furniture&geoZip=55057,20251225,patio and outdoor furniture
Safavieh Elsa Patio Collection Patio Umbrella,ppr5008094046,,,500.0,500.0,500.0,500.0,ORIGINAL,False,False,available online only,False,False,original,False,True,"['Features: Collapsible, Weather Resistant, Uv Protection', 'Shape: Octagon', 'Measurements: 105.51 Height/Inches, 130 Width/Inches, 130 Depth/Inches', 'Diameter: 11 Ft', 'Weight (lb.): 16 Lb']",0.0,0.0,ORIGINAL,False,False,79109260018,USD,safavieh,"[{'colorName': 'Black White', 'swatchImageId': 'DP0310202109015172S.tif', 'colorizedImageId': 'DP0310202109015165M.tif', 'colorSeqNum': 1, 'skuId': '79109260018', 'defaultSwatch': False, 'skuAltImages': [{'imgId': 'DP0310202109015188M.tif', 'colorSeq': 0}, {'imgId': 'DP0310202109015203M.tif', 'colorSeq': 1}, {'imgId': 'DP0310202109015195M.tif', 'colorSeq': 2}]}, {'colorName': 'Navy White', 'swatchImageId': 'DP0310202109015176S.tif', 'colorizedImageId': 'DP0310202109015169M.tif', 'colorSeqNum': 2, 'skuId': '79109260026', 'defaultSwatch': False, 'skuAltImages': [{'imgId': 'DP0310202109015191M.tif', 'colorSeq': 0}, {'imgId': 'DP0310202109015207M.tif', 'colorSeq': 1}, {'imgId': 'DP0310202109015199M.tif', 'colorSeq': 2}]}]",/p/safavieh-elsa-patio-collection-patio-umbrella/ppr5008094046?pTmplType=regular&searchTerm=patio+and+outdoor+furniture&geoZip=55057,"[{'message': 'Online Only', 'icon': 'mouse'}, {'message': 'Available for Shipping', 'icon': 'check'}]",False,791,True,450.0,450.0,GIFTWRAP,False,False,2021-03-10T22:04:15,DP0310202109015165M.tif,DP0310202109015188M.tif,,,https://www.jcpenney.com/p/safavieh-elsa-patio-collection-patio-umbrella/ppr5008094046?pTmplType=regular&searchTerm=patio+and+outdoor+furniture&geoZip=55057,20251225,patio and outdoor furniture
Patio Umbrella,ppr5008257242,,,560.0,560.0,560.0,560.0,ORIGINAL,False,False,available online only,False,False,original,False,True,"['Features: Quick Ship, Solar Powered', 'Manufacturer Warranty: 1 Year', 'Shape: Octagon', 'Measurements: 99 Height/Inches, 115 Depth/Inches, 126 Width/Inches', 'Diameter: 10 Ft']",0.0,0.0,ORIGINAL,False,False,79120090018,USD,more brands,"[{'colorName': 'Brown', 'swatchImageId': 'DP0614202207183952S.tif', 'colorizedImageId': 'DP0614202207183850M.tif', 'colorSeqNum': 1, 'skuId': '79120090018', 'defaultSwatch': False, 'skuAltImages': [{'imgId': 'DP0614202207184775M.tif', 'colorSeq': 0}, {'imgId': 'DP0614202207184672M.tif', 'colorSeq': 1}, {'imgId': 'DP0614202207184569M.tif', 'colorSeq': 2}]}]",/p/patio-umbrella/ppr5008257242?pTmplType=regular&searchTerm=patio+and+outdoor+furniture&geoZip=55057,"[{'message': 'Online Only', 'icon': 'mouse'}, {'message': 'Available for Shipping', 'icon': 'check'}]",False,791,True,504.0,504.0,GIFTWRAP,False,False,2022-06-16T13:05:48,DP0614202207183850M.tif,DP0614202207184775M.tif,"[{'name': 'Few Left', 'priority': 1, 'urlParam': 'fewleft'}]",,https://www.jcpenney.com/p/patio-umbrella/ppr5008257242?pTmplType=regular&searchTerm=patio+and+outdoor+furniture&geoZip=55057,20251225,patio and outdoor furniture
Safavieh Deidara Weather Resistant Cement Side Table,ppr5008216494,,,410.0,410.0,410.0,410.0,ORIGINAL,False,False,available online only,False,False,original,False,True,"['Included: 1 Table(s)', 'Features: Weather Resistant, Quick Ship', 'Shape: Square', 'Maximum Weight Limit: 100 Lbs', 'Table Measurements: 18.11 Height/Inches, 13.78 Width/Inches, 13.78 Length/Inches']",0.0,0.0,ORIGINAL,False,False,79115060034,USD,safavieh,"[{'colorName': 'Ivory', 'swatchImageId': 'DP0209202207035820S.tif', 'colorizedImageId': 'DP0209202207035754M.tif', 'colorSeqNum': 1, 'skuId': '79115060026', 'defaultSwatch': False, 'skuAltImages': [{'imgId': 'DP0209202207035776M.tif', 'colorSeq': 0}, {'imgId': 'DP0209202207035798M.tif', 'colorSeq': 1}, {'imgId': 'DP0209202207035733M.tif', 'colorSeq': 2}]}, {'colorName': 'Black', 'swatchImageId': 'DP0209202207035805S.tif', 'colorizedImageId': 'DP0209202207035740M.tif', 'colorSeqNum': 3, 'skuId': '79115060034', 'defaultSwatch': False, 'skuAltImages': [{'imgId': 'DP0209202207035762M.tif', 'colorSeq': 0}, {'imgId': 'DP0209202207035783M.tif', 'colorSeq': 1}, {'imgId': 'DP0209202207035719M.tif', 'colorSeq': 2}]}]",/p/safavieh-deidara-weather-resistant-cement-side-table/ppr5008216494?pTmplType=regular&searchTerm=patio+and+outdoor+furniture&geoZip=55057,"[{'message': 'Online Only', 'icon': 'mouse'}, {'message': 'Available for Shipping', 'icon': 'check'}]",False,791,True,369.0,369.0,GIFTWRAP,False,False,2022-02-09T22:03:21,DP0209202207035754M.tif,DP0209202207035776M.tif,,,https://www.jcpenney.com/p/safavieh-deidara-weather-resistant-cement-side-table/ppr5008216494?pTmplType=regular&searchTerm=patio+and+outdoor+furniture&geoZip=55057,20251225,patio and outdoor furniture
Athena Patio Collection Weather Resistant Concrete Side Table,ppr5008094575,,,410.0,410.0,410.0,410.0,ORIGINAL,False,False,available online only,False,False,original,False,True,"['Included: 1 Table(s)', 'Features: Quick Ship, Weather Resistant', 'Shape: Round', 'Bar Measurements: 17.7 Height/Inches, 14.9 Width/Inches, 14.9 Depth/Inches', 'Maximum Weight Limit: 50 Lbs']",0.0,0.0,ORIGINAL,False,False,79109750018,USD,more brands,"[{'colorName': 'Dark Grey', 'swatchImageId': 'DP0311202113020183S.tif', 'colorizedImageId': 'DP0311202113020175M.tif', 'colorSeqNum': 1, 'skuId': '79109750018', 'defaultSwatch': False, 'skuAltImages': [{'imgId': 'DP0311202113020214M.tif', 'colorSeq': 0}, {'imgId': 'DP0311202113020206M.tif', 'colorSeq': 1}, {'imgId': 'DP0311202113020199M.tif', 'colorSeq': 2}]}, {'colorName': 'Ivory', 'swatchImageId': 'DP0311202113020187S.tif', 'colorizedImageId': 'DP0311202113020179M.tif', 'colorSeqNum': 2, 'skuId': '79109750026', 'defaultSwatch': False, 'skuAltImages': [{'imgId': 'DP0322202115005063M.tif', 'colorSeq': 0}, {'imgId': 'DP0311202113020219M.tif', 'colorSeq': 1}, {'imgId': 'DP0311202113020210M.tif', 'colorSeq': 2}]}]",/p/athena-patio-collection-weather-resistant-concrete-side-table/ppr5008094575?pTmplType=regular&searchTerm=patio+and+outdoor+furniture&geoZip=55057,"[{'message': 'Online Only', 'icon': 'mouse'}, {'message': 'Available for Shipping', 'icon': 'check'}]",False,791,True,369.0,369.0,GIFTWRAP,False,False,2021-03-11T22:03:11,DP0311202113020175M.tif,DP0311202113020214M.tif,,,https://www.jcpenney.com/p/athena-patio-collection-weather-resistant-concrete-side-table/ppr5008094575?pTmplType=regular&searchTerm=patio+and+outdoor+furniture&geoZip=55057,20251225,patio and outdoor furniture
Safavieh Haruki Patio Collection Concrete Side Table,ppr5008094552,,,390.0,390.0,390.0,390.0,ORIGINAL,False,False,available online only,False,False,original,False,True,"['Included: 1 Table(s)', 'Features: Quick Ship, Water Resistant', 'Shape: Round', 'Maximum Weight Limit: 50 Lbs', 'Table Measurements: 13.7 Width/Inches, 17.7 Height/Inches, 13.7 Length/Inches']",0.0,0.0,ORIGINAL,False,False,79109700018,USD,safavieh,"[{'colorName': 'Dark Grey', 'swatchImageId': 'DP0311202113015964S.tif', 'colorizedImageId': 'DP0311202113015956M.tif', 'colorSeqNum': 1, 'skuId': '79109700018', 'defaultSwatch': False, 'skuAltImages': [{'imgId': 'DP0311202113015988M.tif', 'colorSeq': 0}, {'imgId': 'DP0311202113015996M.tif', 'colorSeq': 1}, {'imgId': 'DP0311202113015979M.tif', 'colorSeq': 2}]}, {'colorName': 'Ivory', 'swatchImageId': 'DP0311202113015967S.tif', 'colorizedImageId': 'DP0311202113015960M.tif', 'colorSeqNum': 2, 'skuId': '79109700026', 'defaultSwatch': False, 'skuAltImages': [{'imgId': 'DP0311202113015992M.tif', 'colorSeq': 0}, {'imgId': 'DP0322202115005042M.tif', 'colorSeq': 1}, {'imgId': 'DP0311202113020000M.tif', 'colorSeq': 2}]}]",/p/safavieh-haruki-patio-collection-concrete-side-table/ppr5008094552?pTmplType=regular&searchTerm=patio+and+outdoor+furniture&geoZip=55057,"[{'message': 'Online Only', 'icon': 'mouse'}, {'message': 'Available for Shipping', 'icon': 'check'}]",False,791,True,351.0,351.0,GIFTWRAP,False,False,2021-03-11T22:03:10,DP0311202113015956M.tif,DP0311202113015988M.tif,,,https://www.jcpenney.com/p/safavieh-haruki-patio-collection-concrete-side-table/ppr5008094552?pTmplType=regular&searchTerm=patio+and+outdoor+furniture&geoZip=55057,20251225,patio and outdoor furniture
Zea Side Table,ppr5008451450,,,280.0,280.0,280.0,280.0,ORIGINAL,False,False,available online only,False,False,original,False,True,"['Included: 1 Table(s)', 'Features: Quick Ship, Easy Installation', 'Joinery: Screwed', 'Manufacturer Warranty: 6 Month', 'Shape: Square']",0.0,0.0,ORIGINAL,False,False,79131600018,USD,more brands,"[{'colorName': 'White', 'swatchImageId': 'DP0513202415132545S.tif', 'colorizedImageId': 'DP0513202415132341M.tif', 'colorSeqNum': 1, 'skuId': '79131600018', 'defaultSwatch': False, 'skuAltImages': [{'imgId': 'DP0513202415132442M.tif', 'colorSeq': 0}, {'imgId': 'DP0513202415132239M.tif', 'colorSeq': 1}, {'imgId': 'DP0513202415132137M.tif', 'colorSeq': 2}]}]",/p/zea-side-table/ppr5008451450?pTmplType=regular&searchTerm=patio+and+outdoor+furniture&geoZip=55057,"[{'message': 'Online Only', 'icon': 'mouse'}, {'message': 'Available for Shipping', 'icon': 'check'}]",False,791,True,252.0,252.0,GIFTWRAP,False,False,2024-05-13T22:04:56,DP0513202415132341M.tif,DP0513202415132442M.tif,,,https://www.jcpenney.com/p/zea-side-table/ppr5008451450?pTmplType=regular&searchTerm=patio+and+outdoor+furniture&geoZip=55057,20251225,patio and outdoor furniture
Salem Folding Rattan Side Table,ppr5008431402,,,200.0,200.0,200.0,200.0,ORIGINAL,False,False,available online only,False,False,original,False,True,"['Included: 1 Table(s)', 'Features: Folding', 'Manufacturer Warranty: 90 Days Limited', 'Shape: Rectangle', 'Dining Height: Standard Height']",0.0,0.0,ORIGINAL,False,False,79129800018,USD,more brands,"[{'colorName': 'Brown', 'swatchImageId': 'DP0212202407434216S.tif', 'colorizedImageId': 'DP0221202407151767M.tif', 'colorSeqNum': 1, 'skuId': '79129800018', 'defaultSwatch': False, 'skuAltImages': [{'imgId': 'DP0221202407151871M.tif', 'colorSeq': 0}, {'imgId': 'DP0221202407151561M.tif', 'colorSeq': 2}, {'imgId': 'DP0212202407434113M.tif', 'colorSeq': 4}]}]",/p/salem-folding-rattan-side-table/ppr5008431402?pTmplType=regular&searchTerm=patio+and+outdoor+furniture&geoZip=55057,"[{'message': 'Online Only', 'icon': 'mouse'}, {'message': 'Available for Shipping', 'icon': 'check'}]",False,791,True,180.0,180.0,GIFTWRAP,False,False,2024-02-12T22:05:45,DP0221202407151767M.tif,DP0221202407151871M.tif,,,https://www.jcpenney.com/p/salem-folding-rattan-side-table/ppr5008431402?pTmplType=regular&searchTerm=patio+and+outdoor+furniture&geoZip=55057,20251225,patio and outdoor furniture
Safavieh Button Patio Side Tables Weather Resistant Cement Side Table,ppr5008216463,,,630.0,630.0,630.0,630.0,ORIGINAL,False,False,available online only,False,False,original,False,True,"['Included: 1 Table(s)', 'Features: Weather Resistant, Quick Ship', 'Shape: Round', 'Maximum Weight Limit: 175 Lbs', 'Table Measurements: 16.5 Length/Inches, 16.5 Width/Inches, 18.1 Height/Inches']",0.0,0.0,ORIGINAL,False,False,79114950018,USD,safavieh,"[{'colorName': 'Black', 'swatchImageId': 'DP0209202207035121S.tif', 'colorizedImageId': 'DP0209202207035105M.tif', 'colorSeqNum': 1, 'skuId': '79114950018', 'defaultSwatch': False, 'skuAltImages': [{'imgId': 'DP0209202207035113M.tif', 'colorSeq': 0}, {'imgId': 'DP0209202207035098M.tif', 'colorSeq': 1}, {'imgId': 'DP0209202207035129M.tif', 'colorSeq': 2}]}]",/p/safavieh-button-patio-side-tables-weather-resistant-cement-side-table/ppr5008216463?pTmplType=regular&searchTerm=patio+and+outdoor+furniture&geoZip=55057,"[{'message': 'Online Only', 'icon': 'mouse'}, {'message': 'Available for Shipping', 'icon': 'check'}]",False,791,True,567.0,567.0,GIFTWRAP,False,False,2022-02-13T17:03:18,DP0209202207035105M.tif,DP0209202207035113M.tif,,,https://www.jcpenney.com/p/safavieh-button-patio-side-tables-weather-resistant-cement-side-table/ppr5008216463?pTmplType=regular&searchTerm=patio+and+outdoor+furniture&geoZip=55057,20251225,patio and outdoor furniture
Safavieh Zuri Patio Collection Weather Resistant Concrete Side Table,ppr5008094568,,,440.0,440.0,440.0,440.0,ORIGINAL,False,False,available online only,False,False,original,False,True,"['Included: 1 Table(s)', 'Features: Quick Ship, Weather Resistant', 'Shape: Round', 'Maximum Weight Limit: 50 Lbs', 'Weight (lb.): 29 Lb']",0.0,0.0,ORIGINAL,False,False,79109720018,USD,safavieh,"[{'colorName': 'Ivory', 'swatchImageId': 'DP0311202113020055S.tif', 'colorizedImageId': 'DP0311202113020051M.tif', 'colorSeqNum': 1, 'skuId': '79109720018', 'defaultSwatch': False, 'skuAltImages': [{'imgId': 'DP0311202113020067M.tif', 'colorSeq': 0}, {'imgId': 'DP0322202115005053M.tif', 'colorSeq': 1}, {'imgId': 'DP0311202113020063M.tif', 'colorSeq': 3}]}]",/p/safavieh-zuri-patio-collection-weather-resistant-concrete-side-table/ppr5008094568?pTmplType=regular&searchTerm=patio+and+outdoor+furniture&geoZip=55057,"[{'message': 'Online Only', 'icon': 'mouse'}, {'message': 'Available for Shipping', 'icon': 'check'}]",False,791,True,396.0,396.0,GIFTWRAP,False,False,2021-03-11T22:03:10,DP0311202113020051M.tif,DP0311202113020067M.tif,,,https://www.jcpenney.com/p/safavieh-zuri-patio-collection-weather-resistant-concrete-side-table/ppr5008094568?pTmplType=regular&searchTerm=patio+and+outdoor+furniture&geoZip=55057,20251225,patio and outdoor furniture
Signature Design by Ashley® Visola Collection Weather Resistant Patio Side Table,ppr5008092983,,,400.0,400.0,400.0,400.0,ORIGINAL,False,False,available online only,False,False,original,False,True,"['Included: 1 Table(s)', 'Features: Weather Resistant', 'Joinery: Nailed, Butt Joint, Screwed', 'Tools Required: Screws (included), Allen Wrench (included)', 'Weight (lb.): 27 Lb']",0.0,0.0,ORIGINAL,False,False,79108920018,USD,signature design by ashley,"[{'colorName': 'Gray', 'swatchImageId': 'DP0406202107021076S.tif', 'colorizedImageId': 'DP0406202107021051M.tif', 'colorSeqNum': 1, 'skuId': '79108920018', 'defaultSwatch': False, 'skuAltImages': [{'imgId': 'DP0406202107021082M.tif', 'colorSeq': 0}, {'imgId': 'DP0406202107021068M.tif', 'colorSeq': 1}, {'imgId': 'DP0406202107021064M.tif', 'colorSeq': 2}]}]",/p/signature-design-by-ashley-visola-collection-weather-resistant-patio-side-table/ppr5008092983?pTmplType=regular&searchTerm=patio+and+outdoor+furniture&geoZip=55057,"[{'message': 'Online Only', 'icon': 'mouse'}, {'message': 'Available for Shipping', 'icon': 'check'}]",False,791,True,360.0,360.0,GIFTWRAP,False,False,2021-04-06T22:03:48,DP0406202107021051M.tif,DP0406202107021082M.tif,,,https://www.jcpenney.com/p/signature-design-by-ashley-visola-collection-weather-resistant-patio-side-table/ppr5008092983?pTmplType=regular&searchTerm=patio+and+outdoor+furniture&geoZip=55057,20251225,patio and outdoor furniture
Brooklyn Sofa,ppr5008431417,,,1650.0,1650.0,1650.0,1650.0,ORIGINAL,False,False,available online only,False,False,original,False,True,"['Included: 3 Seat Cushion(s), 1 Sofa(s), 3 Seat Back Cushion(s)', 'Features: Water Repellent, Uv Protection, Removable Cushions', 'Manufacturer Warranty: 90 Days Limited', 'Seating Capacity: 3', 'Tools Required: Allen Wrench (included), Screws (included)']",0.0,0.0,ORIGINAL,False,False,79129940018,USD,more brands,"[{'colorName': 'Beige', 'swatchImageId': 'DP0212202407453951S.tif', 'colorizedImageId': 'DP0226202407032809M.tif', 'colorSeqNum': 1, 'skuId': '79129940018', 'defaultSwatch': False, 'skuAltImages': [{'imgId': 'DP0226202407032911M.tif', 'colorSeq': 0}, {'imgId': 'DP0226202407032603M.tif', 'colorSeq': 2}, {'imgId': 'DP0212202407453848M.tif', 'colorSeq': 4}]}]",/p/brooklyn-sofa/ppr5008431417?pTmplType=regular&searchTerm=patio+and+outdoor+furniture&geoZip=55057,"[{'message': 'Online Only', 'icon': 'mouse'}, {'message': 'Available for Shipping', 'icon': 'check'}]",False,791,True,1237.5,1237.5,RECLINER,False,False,2024-02-12T22:05:49,DP0226202407032809M.tif,DP0226202407032911M.tif,,,https://www.jcpenney.com/p/brooklyn-sofa/ppr5008431417?pTmplType=regular&searchTerm=patio+and+outdoor+furniture&geoZip=55057,20251225,patio and outdoor furniture
Safavieh California Bar Stool,ppr5008341764,,,650.0,650.0,650.0,650.0,ORIGINAL,False,False,available online only,False,False,original,False,True,"['Included: 1 Stool(s)', 'Features: Armless', 'Seating Capacity: 1', 'Measurements: 46.5 Height/Inches, 19.75 Width/Inches, 19.75 Depth/Inches', 'Dining Height: Bar Height']",0.0,0.0,ORIGINAL,False,False,79122890042,USD,safavieh,"[{'colorName': 'Natural', 'swatchImageId': 'DP0317202307285746S.tif', 'colorizedImageId': 'DP0317202307283674M.tif', 'colorSeqNum': 1, 'skuId': '79122890018', 'defaultSwatch': False, 'skuAltImages': [{'imgId': 'DP0317202307284191M.tif', 'colorSeq': 0}, {'imgId': 'DP0317202307284709M.tif', 'colorSeq': 1}, {'imgId': 'DP0317202307290266M.tif', 'colorSeq': 2}]}, {'colorName': 'Navy', 'swatchImageId': 'DP0317202307285850S.tif', 'colorizedImageId': 'DP0317202307283777M.tif', 'colorSeqNum': 2, 'skuId': '79122890026', 'defaultSwatch': False, 'skuAltImages': [{'imgId': 'DP0317202307284294M.tif', 'colorSeq': 0}, {'imgId': 'DP0317202307284812M.tif', 'colorSeq': 1}, {'imgId': 'DP0317202307290369M.tif', 'colorSeq': 2}]}, {'colorName': 'White', 'swatchImageId': 'DP0317202307290058S.tif', 'colorizedImageId': 'DP0317202307283984M.tif', 'colorSeqNum': 3, 'skuId': '79122890034', 'defaultSwatch': False, 'skuAltImages': [{'imgId': 'DP0317202307284501M.tif', 'colorSeq': 0}, {'imgId': 'DP0317202307285019M.tif', 'colorSeq': 1}, {'imgId': 'DP0317202307290578M.tif', 'colorSeq': 2}]}, {'colorName': 'White Navy', 'swatchImageId': 'DP0317202307290161S.tif', 'colorizedImageId': 'DP0317202307284088M.tif', 'colorSeqNum': 4, 'skuId': '79122890042', 'defaultSwatch': False, 'skuAltImages': [{'imgId': 'DP0317202307284605M.tif', 'colorSeq': 0}, {'imgId': 'DP0317202307285125M.tif', 'colorSeq': 1}, {'imgId': 'DP0317202307290681M.tif', 'colorSeq': 2}]}, {'colorName': 'Navy White', 'swatchImageId': 'DP0317202307285954S.tif', 'colorizedImageId': 'DP0317202307283881M.tif', 'colorSeqNum': 5, 'skuId': '79122890059', 'defaultSwatch': False, 'skuAltImages': [{'imgId': 'DP0317202307284398M.tif', 'colorSeq': 0}, {'imgId': 'DP0317202307284915M.tif', 'colorSeq': 1}, {'imgId': 'DP0317202307290474M.tif', 'colorSeq': 2}]}]",/p/safavieh-california-bar-stool/ppr5008341764?pTmplType=regular&searchTerm=patio+and+outdoor+furniture&geoZip=55057,"[{'message': 'Online Only', 'icon': 'mouse'}, {'message': 'Available for Shipping', 'icon': 'check'}]",False,791,True,585.0,585.0,GIFTWRAP,False,False,2023-03-17T22:03:29,DP0317202307283674M.tif,DP0317202307284191M.tif,,,https://www.jcpenney.com/p/safavieh-california-bar-stool/ppr5008341764?pTmplType=regular&searchTerm=patio+and+outdoor+furniture&geoZip=55057,20251225,patio and outdoor furniture
Tusto Contemporary 2-pc. Counter Height Bar Stool,ppr5008234221,,,1220.0,1220.0,1220.0,1220.0,ORIGINAL,False,False,available online only,False,False,original,False,True,"['# Pieces In Set: 2', 'Included: 2 Chair(s)', 'Features: Armless, Outdoor, Waterproof, 4 Legs, Quick Ship, Weather Resistant', 'Joinery: Cam And Bolt Lock', 'Manufacturer Warranty: 1 Year']",0.0,0.0,ORIGINAL,False,False,79115640018,USD,more brands,"[{'colorName': 'Blue', 'swatchImageId': 'DP0418202209021298S.tif', 'colorizedImageId': 'DP0418202209021295M.tif', 'colorSeqNum': 1, 'skuId': '79115640018', 'defaultSwatch': False, 'skuAltImages': [{'imgId': 'DP0418202209021297M.tif', 'colorSeq': 0}, {'imgId': 'DP0418202209021291M.tif', 'colorSeq': 1}, {'imgId': 'DP0418202209021294M.tif', 'colorSeq': 2}]}]",/p/tusto-contemporary-2-pc-counter-height-bar-stool/ppr5008234221?pTmplType=regular&searchTerm=patio+and+outdoor+furniture&geoZip=55057,"[{'message': 'Online Only', 'icon': 'mouse'}, {'message': 'Available for Shipping', 'icon': 'check'}]",False,791,True,915.0,915.0,RECLINER,False,False,2022-04-18T22:04:57,DP0418202209021295M.tif,DP0418202209021297M.tif,,,https://www.jcpenney.com/p/tusto-contemporary-2-pc-counter-height-bar-stool/ppr5008234221?pTmplType=regular&searchTerm=patio+and+outdoor+furniture&geoZip=55057,20251225,patio and outdoor furniture
Patio Umbrella,ppr5008257243,4.7143,7.0,580.0,580.0,580.0,580.0,ORIGINAL,False,False,available online only,False,False,original,False,True,"['Features: Quick Ship, Solar Powered', 'Manufacturer Warranty: 1 Year', 'Shape: Octagon', 'Measurements: 127 Width/Inches, 115.5 Depth/Inches, 94.5 Height/Inches', 'Diameter: 10 Ft']",0.0,0.0,ORIGINAL,False,False,79120130034,USD,more brands,"[{'colorName': 'Green', 'swatchImageId': 'DP0615202207333676S.tif', 'colorizedImageId': 'DP0615202207333471M.tif', 'colorSeqNum': 1, 'skuId': '79120130018', 'defaultSwatch': False, 'skuAltImages': [{'imgId': 'DP0615202207335317M.tif', 'colorSeq': 0}, {'imgId': 'DP0615202207335114M.tif', 'colorSeq': 1}, {'imgId': 'DP0615202207334909M.tif', 'colorSeq': 2}]}, {'colorName': 'Smoke', 'swatchImageId': 'DP0614202207185704S.tif', 'colorizedImageId': 'DP0614202207185084M.tif', 'colorSeqNum': 2, 'skuId': '79120130034', 'defaultSwatch': False, 'skuAltImages': [{'imgId': 'DP0614202207194667M.tif', 'colorSeq': 0}, {'imgId': 'DP0614202207194050M.tif', 'colorSeq': 1}, {'imgId': 'DP0614202207193428M.tif', 'colorSeq': 2}]}, {'colorName': 'Red', 'swatchImageId': 'DP0614202207185807S.tif', 'colorizedImageId': 'DP0614202207185188M.tif', 'colorSeqNum': 3, 'skuId': '79120130042', 'defaultSwatch': False, 'skuAltImages': [{'imgId': 'DP0614202207194769M.tif', 'colorSeq': 0}, {'imgId': 'DP0614202207194154M.tif', 'colorSeq': 1}, {'imgId': 'DP0614202207193533M.tif', 'colorSeq': 2}]}, {'colorName': 'Blue', 'swatchImageId': 'DP0614202207185497S.tif', 'colorizedImageId': 'DP0614202207184878M.tif', 'colorSeqNum': 4, 'skuId': '79120130059', 'defaultSwatch': False, 'skuAltImages': [{'imgId': 'DP0614202207194462M.tif', 'colorSeq': 0}, {'imgId': 'DP0614202207193842M.tif', 'colorSeq': 1}, {'imgId': 'DP0614202207193222M.tif', 'colorSeq': 2}]}]",/p/patio-umbrella/ppr5008257243?pTmplType=regular&searchTerm=patio+and+outdoor+furniture&geoZip=55057,"[{'message': 'Online Only', 'icon': 'mouse'}, {'message': 'Available for Shipping', 'icon': 'check'}]",False,791,True,522.0,522.0,GIFTWRAP,False,False,2022-06-16T13:05:48,DP0615202207333471M.tif,DP0615202207335317M.tif,"[{'name': 'Few Left', 'priority': 1, 'urlParam': 'fewleft'}]",,https://www.jcpenney.com/p/patio-umbrella/ppr5008257243?pTmplType=regular&searchTerm=patio+and+outdoor+furniture&geoZip=55057,20251225,patio and outdoor furniture
Patio Umbrella,ppr5008257241,5.0,5.0,510.0,510.0,510.0,510.0,ORIGINAL,False,False,available online only,False,False,original,False,True,"['Features: Quick Ship, Rust Resistant', 'Manufacturer Warranty: 1 Year', 'Shape: Octagon', 'Measurements: 126 Width/Inches, 115 Depth/Inches, 98 Height/Inches', 'Diameter: 10 Ft']",0.0,0.0,ORIGINAL,False,False,79120080018,USD,more brands,"[{'colorName': 'Brown', 'swatchImageId': 'DP0614202207182919S.tif', 'colorizedImageId': 'DP1022202517085110M.tif', 'colorSeqNum': 1, 'skuId': '79120080018', 'defaultSwatch': False, 'skuAltImages': [{'imgId': 'DP1022202517085528M.tif', 'colorSeq': 0}, {'imgId': 'DP1022202517085423M.tif', 'colorSeq': 1}, {'imgId': 'DP1022202517085320M.tif', 'colorSeq': 2}]}]",/p/patio-umbrella/ppr5008257241?pTmplType=regular&searchTerm=patio+and+outdoor+furniture&geoZip=55057,"[{'message': 'Online Only', 'icon': 'mouse'}, {'message': 'Available for Shipping', 'icon': 'check'}]",False,791,True,459.0,459.0,GIFTWRAP,False,False,2022-06-16T13:05:48,DP1022202517085110M.tif,DP1022202517085528M.tif,,,https://www.jcpenney.com/p/patio-umbrella/ppr5008257241?pTmplType=regular&searchTerm=patio+and+outdoor+furniture&geoZip=55057,20251225,patio and outdoor furniture
Safavieh Kobina Bench,ppr5008350961,,,450.0,450.0,450.0,450.0,ORIGINAL,False,False,available online only,False,False,original,False,True,"['Included: 1 Bench(es)', 'Features: Outdoor', 'Joinery: Screwed', 'Seating Capacity: 2', 'Tools Required: Screws (included)']",0.0,0.0,ORIGINAL,False,False,79123560026,USD,safavieh,"[{'colorName': 'Natural', 'swatchImageId': 'DP0426202307222167S.tif', 'colorizedImageId': 'DP0426202307221444M.tif', 'colorSeqNum': 1, 'skuId': '79123560018', 'defaultSwatch': False, 'skuAltImages': [{'imgId': 'DP0426202307224331M.tif', 'colorSeq': 0}, {'imgId': 'DP0426202307224847M.tif', 'colorSeq': 1}, {'imgId': 'DP0426202307223508M.tif', 'colorSeq': 2}]}, {'colorName': 'Grey Grey Rope', 'swatchImageId': 'DP0426202307222064S.tif', 'colorizedImageId': 'DP0426202307221341M.tif', 'colorSeqNum': 2, 'skuId': '79123560026', 'defaultSwatch': False, 'skuAltImages': [{'imgId': 'DP0426202307223714M.tif', 'colorSeq': 0}, {'imgId': 'DP0426202307224538M.tif', 'colorSeq': 1}, {'imgId': 'DP0426202307225053M.tif', 'colorSeq': 2}]}, {'colorName': 'Black Black Rope', 'swatchImageId': 'DP0426202307221960S.tif', 'colorizedImageId': 'DP0426202307221238M.tif', 'colorSeqNum': 3, 'skuId': '79123560034', 'defaultSwatch': False, 'skuAltImages': [{'imgId': 'DP0426202307223611M.tif', 'colorSeq': 0}, {'imgId': 'DP0426202307224434M.tif', 'colorSeq': 1}, {'imgId': 'DP0426202307224950M.tif', 'colorSeq': 2}]}, {'colorName': 'Natural White', 'swatchImageId': 'DP0426202307222373S.tif', 'colorizedImageId': 'DP0426202307221651M.tif', 'colorSeqNum': 4, 'skuId': '79123560042', 'defaultSwatch': False, 'skuAltImages': [{'imgId': 'DP0426202307223920M.tif', 'colorSeq': 0}, {'imgId': 'DP0426202307224744M.tif', 'colorSeq': 1}, {'imgId': 'DP0426202307225259M.tif', 'colorSeq': 2}]}, {'colorName': 'Natural Black', 'swatchImageId': 'DP0426202307222270S.tif', 'colorizedImageId': 'DP0426202307221547M.tif', 'colorSeqNum': 5, 'skuId': '79123560059', 'defaultSwatch': False, 'skuAltImages': [{'imgId': 'DP0426202307223817M.tif', 'colorSeq': 0}, {'imgId': 'DP0426202307224641M.tif', 'colorSeq': 1}, {'imgId': 'DP0426202307225156M.tif', 'colorSeq': 2}]}]",/p/safavieh-kobina-bench/ppr5008350961?pTmplType=regular&searchTerm=patio+and+outdoor+furniture&geoZip=55057,"[{'message': 'Online Only', 'icon': 'mouse'}, {'message': 'Available for Shipping', 'icon': 'check'}]",False,791,True,405.0,405.0,GIFTWRAP,False,False,2023-04-26T22:04:04,DP0426202307221444M.tif,DP0426202307224331M.tif,,,https://www.jcpenney.com/p/safavieh-kobina-bench/ppr5008350961?pTmplType=regular&searchTerm=patio+and+outdoor+furniture&geoZip=55057,20251225,patio and outdoor furniture
Safavieh Adina Collection Bench,ppr5008091380,,,430.0,430.0,430.0,430.0,ORIGINAL,False,False,available online only,False,False,original,False,True,"['Included: 1 Bench(es)', 'Features: Quick Ship, Water Resistant', 'Joinery: Welded Joint, Screwed', 'Seating Capacity: 2', 'Tools Required: Screws (included), Allen Wrench (included)']",0.0,0.0,ORIGINAL,False,False,79108770018,USD,safavieh,"[{'colorName': 'Antique White', 'swatchImageId': 'DP0302202115031864S.tif', 'colorizedImageId': 'DP0302202115031852M.tif', 'colorSeqNum': 1, 'skuId': '79108770018', 'defaultSwatch': False, 'skuAltImages': [{'imgId': 'DP0302202115031915M.tif', 'colorSeq': 0}, {'imgId': 'DP0302202115031901M.tif', 'colorSeq': 1}, {'imgId': 'DP0302202115031889M.tif', 'colorSeq': 2}]}, {'colorName': 'Rustic Brown', 'swatchImageId': 'DP0302202115031868S.tif', 'colorizedImageId': 'DP0302202115031856M.tif', 'colorSeqNum': 2, 'skuId': '79108770026', 'defaultSwatch': False, 'skuAltImages': [{'imgId': 'DP0302202115031922M.tif', 'colorSeq': 0}, {'imgId': 'DP0302202115031907M.tif', 'colorSeq': 1}, {'imgId': 'DP0302202115031893M.tif', 'colorSeq': 2}]}, {'colorName': 'Antique Blue', 'swatchImageId': 'DP0302202115031860S.tif', 'colorizedImageId': 'DP0302202115031848M.tif', 'colorSeqNum': 3, 'skuId': '79108770034', 'defaultSwatch': False, 'skuAltImages': [{'imgId': 'DP0302202115031911M.tif', 'colorSeq': 0}, {'imgId': 'DP0302202115031897M.tif', 'colorSeq': 1}, {'imgId': 'DP0302202115031884M.tif', 'colorSeq': 2}]}, {'colorName': 'Antique Green', 'swatchImageId': 'DP0903202407200248S.tif', 'colorizedImageId': 'DP0903202407200146M.tif', 'colorSeqNum': 4, 'skuId': '79108770042', 'defaultSwatch': False, 'skuAltImages': [{'imgId': 'DP0903202407200758M.tif', 'colorSeq': 0}, {'imgId': 'DP0903202407195943M.tif', 'colorSeq': 1}, {'imgId': 'DP0903202407200554M.tif', 'colorSeq': 2}]}]",/p/safavieh-adina-collection-bench/ppr5008091380?pTmplType=regular&searchTerm=patio+and+outdoor+furniture&geoZip=55057,"[{'message': 'Online Only', 'icon': 'mouse'}, {'message': 'Available for Shipping', 'icon': 'check'}]",False,791,True,387.0,387.0,GIFTWRAP,False,False,2021-03-02T22:04:32,DP0302202115031852M.tif,DP0302202115031915M.tif,,,https://www.jcpenney.com/p/safavieh-adina-collection-bench/ppr5008091380?pTmplType=regular&searchTerm=patio+and+outdoor+furniture&geoZip=55057,20251225,patio and outdoor furniture
Safavieh Luca Collection Folding Bench,ppr5008091373,,,610.0,610.0,610.0,610.0,ORIGINAL,False,False,available online only,False,False,original,False,True,"['Included: 1 Bench(es)', 'Features: Water Resistant, Quick Ship, Folding', 'Joinery: Screwed, Glued, Nailed', 'Seating Capacity: 2', 'Measurements: 23.6 Width/Inches, 23.6 Depth/Inches, 31.5 Height/Inches']",0.0,0.0,ORIGINAL,False,False,79108710034,USD,safavieh,"[{'colorName': 'Ash Grey', 'swatchImageId': 'DP0302202115031489S.tif', 'colorizedImageId': 'DP0302202115031481M.tif', 'colorSeqNum': 1, 'skuId': '79108710018', 'defaultSwatch': False, 'skuAltImages': [{'imgId': 'DP0302202115031517M.tif', 'colorSeq': 0}, {'imgId': 'DP0302202115031509M.tif', 'colorSeq': 1}, {'imgId': 'DP0302202115031500M.tif', 'colorSeq': 2}]}, {'colorName': 'Beach House Blue', 'swatchImageId': 'DP0302202115031493S.tif', 'colorizedImageId': 'DP0302202115031485M.tif', 'colorSeqNum': 2, 'skuId': '79108710026', 'defaultSwatch': False, 'skuAltImages': [{'imgId': 'DP0302202115031522M.tif', 'colorSeq': 0}, {'imgId': 'DP0302202115031513M.tif', 'colorSeq': 1}, {'imgId': 'DP0302202115031504M.tif', 'colorSeq': 2}]}, {'colorName': 'Brown', 'swatchImageId': 'DP0903202407192177S.tif', 'colorizedImageId': 'DP0903202407191872M.tif', 'colorSeqNum': 3, 'skuId': '79108710034', 'defaultSwatch': False, 'skuAltImages': [{'imgId': 'DP0903202407192584M.tif', 'colorSeq': 0}, {'imgId': 'DP0903202407192991M.tif', 'colorSeq': 1}, {'imgId': 'DP0903202407192788M.tif', 'colorSeq': 2}]}, {'colorName': 'Dark Slate Gray', 'swatchImageId': 'DP0903202407192279S.tif', 'colorizedImageId': 'DP0903202407191974M.tif', 'colorSeqNum': 4, 'skuId': '79108710042', 'defaultSwatch': False, 'skuAltImages': [{'imgId': 'DP0903202407192076M.tif', 'colorSeq': 0}, {'imgId': 'DP0903202407192381M.tif', 'colorSeq': 1}, {'imgId': 'DP0903202407192890M.tif', 'colorSeq': 2}]}]",/p/safavieh-luca-collection-folding-bench/ppr5008091373?pTmplType=regular&searchTerm=patio+and+outdoor+furniture&geoZip=55057,"[{'message': 'Online Only', 'icon': 'mouse'}, {'message': 'Available for Shipping', 'icon': 'check'}]",False,791,True,549.0,549.0,GIFTWRAP,False,False,2021-03-02T22:04:30,DP0302202115031481M.tif,DP0302202115031517M.tif,,,https://www.jcpenney.com/p/safavieh-luca-collection-folding-bench/ppr5008091373?pTmplType=regular&searchTerm=patio+and+outdoor+furniture&geoZip=55057,20251225,patio and outdoor furniture
Safavieh Mopani Patio Collection Ottoman,ppr5008090569,,,240.0,240.0,240.0,240.0,ORIGINAL,False,False,available online only,False,False,original,False,True,"['Included: 1 Ottoman(s)', 'Features: Water Resistant, Quick Ship', 'Joinery: Nailed, Screwed', 'Seating Capacity: 1', 'Tools Required: Screws (included), Allen Wrench (included)']",0.0,0.0,ORIGINAL,False,False,79108530026,USD,safavieh,"[{'colorName': 'Ash Grey', 'swatchImageId': 'DP0302202115030811S.tif', 'colorizedImageId': 'DP0302202115030803M.tif', 'colorSeqNum': 1, 'skuId': '79108530018', 'defaultSwatch': False, 'skuAltImages': [{'imgId': 'DP0302202115030835M.tif', 'colorSeq': 0}, {'imgId': 'DP0302202115030826M.tif', 'colorSeq': 1}, {'imgId': 'DP0302202115030819M.tif', 'colorSeq': 2}]}, {'colorName': 'Natural', 'swatchImageId': 'DP0302202115030815S.tif', 'colorizedImageId': 'DP0302202115030807M.tif', 'colorSeqNum': 2, 'skuId': '79108530026', 'defaultSwatch': False, 'skuAltImages': [{'imgId': 'DP0302202115030838M.tif', 'colorSeq': 0}, {'imgId': 'DP0302202115030830M.tif', 'colorSeq': 1}, {'imgId': 'DP0302202115030823M.tif', 'colorSeq': 2}]}, {'colorName': 'White', 'swatchImageId': 'DP0903202407182279S.tif', 'colorizedImageId': 'DP0903202407181974M.tif', 'colorSeqNum': 3, 'skuId': '79108530034', 'defaultSwatch': False, 'skuAltImages': [{'imgId': 'DP0903202407182076M.tif', 'colorSeq': 0}, {'imgId': 'DP0903202407181564M.tif', 'colorSeq': 1}, {'imgId': 'DP0903202407181769M.tif', 'colorSeq': 2}]}, {'colorName': 'Dark Slate Gray', 'swatchImageId': 'DP0903202407182178S.tif', 'colorizedImageId': 'DP0903202407181871M.tif', 'colorSeqNum': 4, 'skuId': '79108530042', 'defaultSwatch': False, 'skuAltImages': [{'imgId': 'DP0903202407181463M.tif', 'colorSeq': 0}, {'imgId': 'DP0903202407182381M.tif', 'colorSeq': 1}, {'imgId': 'DP0903202407181667M.tif', 'colorSeq': 2}]}]",/p/safavieh-mopani-patio-collection-ottoman/ppr5008090569?pTmplType=regular&searchTerm=patio+and+outdoor+furniture&geoZip=55057,"[{'message': 'Online Only', 'icon': 'mouse'}, {'message': 'Available for Shipping', 'icon': 'check'}]",False,791,True,216.0,216.0,GIFTWRAP,False,False,2021-03-02T22:04:27,DP0302202115030803M.tif,DP0302202115030835M.tif,,,https://www.jcpenney.com/p/safavieh-mopani-patio-collection-ottoman/ppr5008090569?pTmplType=regular&searchTerm=patio+and+outdoor+furniture&geoZip=55057,20251225,patio and outdoor furniture
Safavieh Del Bench,ppr5008350957,,,760.0,760.0,760.0,760.0,ORIGINAL,False,False,available online only,False,False,original,False,True,"['Included: 1 Bench(es)', 'Features: Outdoor', 'Joinery: Screwed', 'Seating Capacity: 3', 'Tools Required: Screws (included)']",0.0,0.0,ORIGINAL,False,False,79123520026,USD,safavieh,"[{'colorName': 'Natural Beige', 'swatchImageId': 'DP0426202307204169S.tif', 'colorizedImageId': 'DP0426202307203860M.tif', 'colorSeqNum': 1, 'skuId': '79123520018', 'defaultSwatch': False, 'skuAltImages': [{'imgId': 'DP0426202307204890M.tif', 'colorSeq': 0}, {'imgId': 'DP0426202307203345M.tif', 'colorSeq': 1}, {'imgId': 'DP0426202307205301M.tif', 'colorSeq': 2}]}, {'colorName': 'Ash Grey Beige', 'swatchImageId': 'DP0426202307204066S.tif', 'colorizedImageId': 'DP0426202307203757M.tif', 'colorSeqNum': 2, 'skuId': '79123520026', 'defaultSwatch': False, 'skuAltImages': [{'imgId': 'DP0426202307204786M.tif', 'colorSeq': 0}, {'imgId': 'DP0426202307203242M.tif', 'colorSeq': 1}, {'imgId': 'DP0426202307205198M.tif', 'colorSeq': 2}]}]",/p/safavieh-del-bench/ppr5008350957?pTmplType=regular&searchTerm=patio+and+outdoor+furniture&geoZip=55057,"[{'message': 'Online Only', 'icon': 'mouse'}, {'message': 'Available for Shipping', 'icon': 'check'}]",False,791,True,570.0,570.0,RECLINER,False,False,2023-04-26T22:04:03,DP0426202307203860M.tif,DP0426202307204890M.tif,,,https://www.jcpenney.com/p/safavieh-del-bench/ppr5008350957?pTmplType=regular&searchTerm=patio+and+outdoor+furniture&geoZip=55057,20251225,patio and outdoor furniture
Bradbury Wood Patio Bench,ppr5008214544,,,800.0,800.0,800.0,800.0,ORIGINAL,False,False,available online only,False,False,original,False,True,"['Included: 1 Bench(es)', 'Features: Weather Resistant, Quick Ship, Cushioned', 'Joinery: Glued, Screwed, Nailed', 'Seating Capacity: 3', 'Tools Required: Screws (included), Allen Wrench (included)']",0.0,0.0,ORIGINAL,False,False,79114610018,USD,safavieh,"[{'colorName': 'Natural Beige', 'swatchImageId': 'DP0204202207020936S.tif', 'colorizedImageId': 'DP0204202207020919M.tif', 'colorSeqNum': 1, 'skuId': '79114610018', 'defaultSwatch': False, 'skuAltImages': [{'imgId': 'DP0204202207020928M.tif', 'colorSeq': 0}, {'imgId': 'DP0204202207020902M.tif', 'colorSeq': 1}, {'imgId': 'DP0204202207020910M.tif', 'colorSeq': 2}]}, {'colorName': 'Slate Grey Beige', 'swatchImageId': 'DP0204202207020940S.tif', 'colorizedImageId': 'DP0204202207020924M.tif', 'colorSeqNum': 2, 'skuId': '79114610026', 'defaultSwatch': False, 'skuAltImages': [{'imgId': 'DP0204202207020932M.tif', 'colorSeq': 0}, {'imgId': 'DP0204202207020906M.tif', 'colorSeq': 1}, {'imgId': 'DP0204202207020915M.tif', 'colorSeq': 2}]}]",/p/bradbury-wood-patio-bench/ppr5008214544?pTmplType=regular&searchTerm=patio+and+outdoor+furniture&geoZip=55057,"[{'message': 'Online Only', 'icon': 'mouse'}, {'message': 'Available for Shipping', 'icon': 'check'}]",False,791,True,600.0,600.0,RECLINER,False,False,2022-02-04T22:02:42,DP0204202207020919M.tif,DP0204202207020928M.tif,,,https://www.jcpenney.com/p/bradbury-wood-patio-bench/ppr5008214544?pTmplType=regular&searchTerm=patio+and+outdoor+furniture&geoZip=55057,20251225,patio and outdoor furniture
Fresno Iron Bench,ppr5008367072,,,350.0,350.0,350.0,350.0,ORIGINAL,False,False,available online only,False,False,original,False,True,"['Included: 1 Bench(es)', 'Features: Easy Care, Easy Clean, 4 Legs, Quick Ship', 'Manufacturer Warranty: 90 Days Limited', 'Seating Capacity: 2', 'Tools Required: Screws (included), Allen Wrench (included)']",0.0,0.0,ORIGINAL,False,False,79125440018,USD,more brands,"[{'colorName': 'Dark Brown Black', 'swatchImageId': 'DP1023202515132268S.tif', 'colorizedImageId': 'DP1023202515132162M.tif', 'colorSeqNum': 1, 'skuId': '79125440018', 'defaultSwatch': False, 'skuAltImages': [{'imgId': 'DP1023202515132685M.tif', 'colorSeq': 0}, {'imgId': 'DP1023202515132582M.tif', 'colorSeq': 1}, {'imgId': 'DP1023202515132372M.tif', 'colorSeq': 2}]}]",/p/fresno-iron-bench/ppr5008367072?pTmplType=regular&searchTerm=patio+and+outdoor+furniture&geoZip=55057,"[{'message': 'Online Only', 'icon': 'mouse'}, {'message': 'Available for Shipping', 'icon': 'check'}]",False,791,True,315.0,315.0,GIFTWRAP,False,False,2025-10-23T22:05:41,DP1023202515132162M.tif,DP1023202515132685M.tif,"[{'name': 'NEW', 'priority': 1, 'urlParam': 'new'}]",,https://www.jcpenney.com/p/fresno-iron-bench/ppr5008367072?pTmplType=regular&searchTerm=patio+and+outdoor+furniture&geoZip=55057,20251225,patio and outdoor furniture
Carlisle Iron Bench,ppr5008342404,,,1150.0,1150.0,1150.0,1150.0,ORIGINAL,False,False,available online only,False,False,original,False,True,"['Included: 1 Table(s)', 'Features: Quick Ship, 4 Legs', 'Tools Required: Allen Wrench (included), Screws (included)', 'Bench Measurements: 35.5 Depth/Inches', 'Chair Measurements: 29.5 Height/Inches']",0.0,0.0,ORIGINAL,False,False,79123060018,USD,more brands,"[{'colorName': 'Light Gray', 'swatchImageId': 'DP0317202307314459S.tif', 'colorizedImageId': 'DP0317202307314148M.tif', 'colorSeqNum': 1, 'skuId': '79123060018', 'defaultSwatch': False, 'skuAltImages': [{'imgId': 'DP0317202307314251M.tif', 'colorSeq': 0}, {'imgId': 'DP0317202307314354M.tif', 'colorSeq': 1}, {'imgId': 'DP0317202307314667M.tif', 'colorSeq': 2}]}]",/p/carlisle-iron-bench/ppr5008342404?pTmplType=regular&searchTerm=patio+and+outdoor+furniture&geoZip=55057,"[{'message': 'Online Only', 'icon': 'mouse'}, {'message': 'Available for Shipping', 'icon': 'check'}]",False,791,True,862.5,862.5,RECLINER,False,False,2023-03-17T22:03:35,DP0317202307314148M.tif,DP0317202307314251M.tif,,,https://www.jcpenney.com/p/carlisle-iron-bench/ppr5008342404?pTmplType=regular&searchTerm=patio+and+outdoor+furniture&geoZip=55057,20251225,patio and outdoor furniture
Signature Design by Ashley® Fairen Trail 2-pc. Counter Height Rust Resistant Bar Stool,ppr5008359888,,,2600.0,2600.0,2600.0,2600.0,ORIGINAL,False,False,available online only,False,False,original,False,True,"['# Pieces In Set: 2', 'Included: 2 Stool(s)', 'Features: Waterproof, Quick Ship, Outdoor, Weather Resistant, Rust Resistant, Non-Toxic, 4 Legs', 'Seating Capacity: 2', 'Tools Required: Screws (included), Allen Wrench (included)']",0.0,0.0,ORIGINAL,False,False,79124060018,USD,signature design by ashley,"[{'colorName': 'Light Brown', 'swatchImageId': 'DP0524202307270219S.tif', 'colorizedImageId': 'DP0524202307265909M.tif', 'colorSeqNum': 1, 'skuId': '79124060018', 'defaultSwatch': False, 'skuAltImages': [{'imgId': 'DP0524202307270012M.tif', 'colorSeq': 0}, {'imgId': 'DP0524202307270116M.tif', 'colorSeq': 1}, {'imgId': 'DP0524202307265702M.tif', 'colorSeq': 2}]}]",/p/signature-design-by-ashley-fairen-trail-2-pc-counter-height-rust-resistant-bar-stool/ppr5008359888?pTmplType=regular&searchTerm=patio+and+outdoor+furniture&geoZip=55057,"[{'message': 'Online Only', 'icon': 'mouse'}, {'message': 'Available for Shipping', 'icon': 'check'}]",False,791,True,1950.0,1950.0,RECLINER,False,False,2023-05-24T22:03:39,DP0524202307265909M.tif,DP0524202307270012M.tif,,,https://www.jcpenney.com/p/signature-design-by-ashley-fairen-trail-2-pc-counter-height-rust-resistant-bar-stool/ppr5008359888?pTmplType=regular&searchTerm=patio+and+outdoor+furniture&geoZip=55057,20251225,patio and outdoor furniture
Niez 2-pc. Counter Height Bar Stool,ppr5008330507,,,500.0,500.0,500.0,500.0,ORIGINAL,False,False,available online only,False,False,original,False,True,"['# Pieces In Set: 2', 'Included: 2 Stool(s)', 'Features: Quick Ship, Water Resistant', 'Manufacturer Warranty: 90 Days Limited', 'Seating Capacity: 2']",0.0,0.0,ORIGINAL,False,False,79121730018,USD,more brands,"[{'colorName': 'Black  Ivory', 'swatchImageId': 'DP0215202309155615S.tif', 'colorizedImageId': 'DP0215202309155513M.tif', 'colorSeqNum': 1, 'skuId': '79121730018', 'defaultSwatch': False, 'skuAltImages': [{'imgId': 'DP0215202309155925M.tif', 'colorSeq': 0}, {'imgId': 'DP0215202309160028M.tif', 'colorSeq': 1}, {'imgId': 'DP0215202309160130M.tif', 'colorSeq': 2}]}]",/p/niez-2-pc-counter-height-bar-stool/ppr5008330507?pTmplType=regular&searchTerm=patio+and+outdoor+furniture&geoZip=55057,"[{'message': 'Online Only', 'icon': 'mouse'}, {'message': 'Available for Shipping', 'icon': 'check'}]",False,791,True,450.0,450.0,GIFTWRAP,False,False,2023-02-15T22:06:03,DP0215202309155513M.tif,DP0215202309155925M.tif,,,https://www.jcpenney.com/p/niez-2-pc-counter-height-bar-stool/ppr5008330507?pTmplType=regular&searchTerm=patio+and+outdoor+furniture&geoZip=55057,20251225,patio and outdoor furniture
Linum Home Textiles Chaise Lounge Cover Chair Protector,ppr5008609724,,,102.99,102.99,148.0,148.0,SALE,False,False,available online only,False,False,original,False,True,"['Features: Pocket, Washable', 'Measurements: 102 Length/Inches, 32 Width/Inches', 'Base Material: 100% Cotton', 'Fiber Content: 100% Cotton', 'Care: Tumble Dry, Do Not Bleach, Machine Wash']",0.0,0.0,SALE,False,False,70908630026,USD,more brands,"[{'colorName': 'Aqua', 'swatchImageId': 'DP0924202509042228S.tif', 'colorizedImageId': 'DP0924202509041601M.tif', 'colorSeqNum': 1, 'skuId': '70908630026', 'defaultSwatch': False, 'skuAltImages': [{'imgId': 'DP0924202509041915M.tif', 'colorSeq': 0}, {'imgId': 'DP0924202509041287M.tif', 'colorSeq': 1}, {'imgId': 'DP0924202509040974M.tif', 'colorSeq': 2}]}]",/p/linum-home-textiles-chaise-lounge-cover-chair-protector/ppr5008609724?pTmplType=regular&searchTerm=patio+and+outdoor+furniture&geoZip=55057,"[{'message': 'Online Only', 'icon': 'mouse'}, {'message': 'Available for Shipping', 'icon': 'check'}]",False,709,True,72.09,72.09,YULETIDE,False,False,2025-09-24T22:03:13,DP0924202509041601M.tif,DP0924202509041915M.tif,,,https://www.jcpenney.com/p/linum-home-textiles-chaise-lounge-cover-chair-protector/ppr5008609724?pTmplType=regular&searchTerm=patio+and+outdoor+furniture&geoZip=55057,20251225,patio and outdoor furniture
Safavieh Solano Collection Lounge Chair,ppr5008088349,,,1190.0,1190.0,1190.0,1190.0,ORIGINAL,False,False,available online only,False,False,original,False,True,"['Included: 1 Seat Cushion(s), 1 Seat Back Cushion(s), 1 Chair(s)', 'Features: Removable Cushion Covers, Folding, Quick Ship, Weather Resistant', 'Joinery: Glued, Nailed', 'Seating Capacity: 1', 'Tools Required: Allen Wrench (included), Screws (included)']",0.0,0.0,ORIGINAL,False,False,79101330034,USD,safavieh,"[{'colorName': 'Black Stripe', 'swatchImageId': 'DP0224202107044378S.tif', 'colorizedImageId': 'DP0224202107044351M.tif', 'colorSeqNum': 1, 'skuId': '79101330067', 'defaultSwatch': False, 'skuAltImages': [{'imgId': 'DP0224202107044481M.tif', 'colorSeq': 0}, {'imgId': 'DP0224202107044455M.tif', 'colorSeq': 1}, {'imgId': 'DP0224202107044429M.tif', 'colorSeq': 2}]}, {'colorName': 'Natural Beige', 'swatchImageId': 'DP0224202107044389S.tif', 'colorizedImageId': 'DP0224202107044363M.tif', 'colorSeqNum': 2, 'skuId': '79101330026', 'defaultSwatch': False, 'skuAltImages': [{'imgId': 'DP0224202107044493M.tif', 'colorSeq': 0}, {'imgId': 'DP0224202107044465M.tif', 'colorSeq': 1}, {'imgId': 'DP0224202107044440M.tif', 'colorSeq': 2}]}, {'colorName': 'Natural Navy', 'swatchImageId': 'DP0224202107044392S.tif', 'colorizedImageId': 'DP0224202107044367M.tif', 'colorSeqNum': 3, 'skuId': '79101330034', 'defaultSwatch': False, 'skuAltImages': [{'imgId': 'DP0224202107044497M.tif', 'colorSeq': 0}, {'imgId': 'DP0224202107044469M.tif', 'colorSeq': 1}, {'imgId': 'DP0224202107044444M.tif', 'colorSeq': 2}]}, {'colorName': 'Ash Grey White', 'swatchImageId': 'DP0224202107044374S.tif', 'colorizedImageId': 'DP0224202107044347M.tif', 'colorSeqNum': 5, 'skuId': '79101330059', 'defaultSwatch': False, 'skuAltImages': [{'imgId': 'DP0224202107044476M.tif', 'colorSeq': 0}, {'imgId': 'DP0224202107044451M.tif', 'colorSeq': 1}, {'imgId': 'DP0224202107044426M.tif', 'colorSeq': 2}]}, {'colorName': 'Grey Stripe', 'swatchImageId': 'DP0224202107044385S.tif', 'colorizedImageId': 'DP0224202107044360M.tif', 'colorSeqNum': 6, 'skuId': '79101330075', 'defaultSwatch': False, 'skuAltImages': [{'imgId': 'DP0224202107044489M.tif', 'colorSeq': 0}, {'imgId': 'DP0224202107044462M.tif', 'colorSeq': 1}, {'imgId': 'DP0224202107044437M.tif', 'colorSeq': 2}]}, {'colorName': 'Navy Stripe', 'swatchImageId': 'DP0224202107044396S.tif', 'colorizedImageId': 'DP0224202107044371M.tif', 'colorSeqNum': 7, 'skuId': '79101330083', 'defaultSwatch': False, 'skuAltImages': [{'imgId': 'DP0224202107044501M.tif', 'colorSeq': 0}, {'imgId': 'DP0224202107044472M.tif', 'colorSeq': 1}, {'imgId': 'DP0224202107044447M.tif', 'colorSeq': 2}]}]",/p/safavieh-solano-collection-lounge-chair/ppr5008088349?pTmplType=regular&searchTerm=patio+and+outdoor+furniture&geoZip=55057,"[{'message': 'Online Only', 'icon': 'mouse'}, {'message': 'Available for Shipping', 'icon': 'check'}]",False,791,True,892.5,892.5,RECLINER,False,False,2021-02-24T22:04:45,DP0224202107044351M.tif,DP0224202107044481M.tif,,,https://www.jcpenney.com/p/safavieh-solano-collection-lounge-chair/ppr5008088349?pTmplType=regular&searchTerm=patio+and+outdoor+furniture&geoZip=55057,20251225,patio and outdoor furniture
Safavieh Colley Lounge Chair,ppr5008236708,,,890.0,890.0,890.0,890.0,ORIGINAL,False,False,available online only,False,False,original,False,True,"['Included: 1 Seat Back Cushion(s), 1 Seat Cushion(s), 1 Chair(s)', 'Features: Water Resistant, Quick Ship', 'Joinery: Welded Joint, Screwed', 'Seating Capacity: 1', 'Tools Required: Screws (included), Allen Wrench (included)']",0.0,0.0,ORIGINAL,False,False,79116270026,USD,safavieh,"[{'colorName': 'Black', 'swatchImageId': 'DP0413202209024553S.tif', 'colorizedImageId': 'DP0413202209024544M.tif', 'colorSeqNum': 1, 'skuId': '79116270018', 'defaultSwatch': False, 'skuAltImages': [{'imgId': 'DP0413202209024577M.tif', 'colorSeq': 0}, {'imgId': 'DP0413202209024616M.tif', 'colorSeq': 1}, {'imgId': 'DP0413202209024628M.tif', 'colorSeq': 2}]}, {'colorName': 'Beige White', 'swatchImageId': 'DP0413202209024552S.tif', 'colorizedImageId': 'DP0413202209024542M.tif', 'colorSeqNum': 2, 'skuId': '79116270026', 'defaultSwatch': False, 'skuAltImages': [{'imgId': 'DP0413202209024578M.tif', 'colorSeq': 0}, {'imgId': 'DP0413202209024614M.tif', 'colorSeq': 1}, {'imgId': 'DP0413202209024624M.tif', 'colorSeq': 2}]}, {'colorName': 'Grey Brown', 'swatchImageId': 'DP0413202209024555S.tif', 'colorizedImageId': 'DP0413202209024547M.tif', 'colorSeqNum': 3, 'skuId': '79116270034', 'defaultSwatch': False, 'skuAltImages': [{'imgId': 'DP0413202209024611M.tif', 'colorSeq': 0}, {'imgId': 'DP0413202209024580M.tif', 'colorSeq': 1}, {'imgId': 'DP0413202209024594M.tif', 'colorSeq': 2}]}, {'colorName': 'Natural', 'swatchImageId': 'DP0413202209024556S.tif', 'colorizedImageId': 'DP0413202209024549M.tif', 'colorSeqNum': 4, 'skuId': '79116270042', 'defaultSwatch': False, 'skuAltImages': [{'imgId': 'DP0413202209024583M.tif', 'colorSeq': 0}, {'imgId': 'DP0413202209024597M.tif', 'colorSeq': 1}, {'imgId': 'DP0413202209024620M.tif', 'colorSeq': 2}]}]",/p/safavieh-colley-lounge-chair/ppr5008236708?pTmplType=regular&searchTerm=patio+and+outdoor+furniture&geoZip=55057,"[{'message': 'Online Only', 'icon': 'mouse'}, {'message': 'Available for Shipping', 'icon': 'check'}]",False,791,True,667.5,667.5,RECLINER,False,False,2022-04-13T22:03:29,DP0413202209024544M.tif,DP0413202209024577M.tif,,,https://www.jcpenney.com/p/safavieh-colley-lounge-chair/ppr5008236708?pTmplType=regular&searchTerm=patio+and+outdoor+furniture&geoZip=55057,20251225,patio and outdoor furniture
Safavieh Loren Foldable Sling Chair 2-pc. Sling Chair,ppr5008081343,,,580.0,580.0,580.0,580.0,ORIGINAL,False,False,available online only,False,False,original,False,True,"['# Pieces In Set: 2', 'Included: 2 Chair(s)', 'Features: Weather Resistant, Quick Ship, Folding', 'Joinery: Screwed', 'Seating Capacity: 1']",0.0,0.0,ORIGINAL,False,False,79105010042,USD,safavieh,"[{'colorName': 'Black White', 'swatchImageId': 'DP0209202115031049S.tif', 'colorizedImageId': 'DP0209202115031037M.tif', 'colorSeqNum': 1, 'skuId': '79105010042', 'defaultSwatch': False, 'skuAltImages': [{'imgId': 'DP0209202115031085M.tif', 'colorSeq': 0}, {'imgId': 'DP0209202115031073M.tif', 'colorSeq': 1}, {'imgId': 'DP0209202115031061M.tif', 'colorSeq': 2}]}, {'colorName': 'Navy White', 'swatchImageId': 'DP0209202115031057S.tif', 'colorizedImageId': 'DP0209202115031045M.tif', 'colorSeqNum': 2, 'skuId': '79105010026', 'defaultSwatch': False, 'skuAltImages': [{'imgId': 'DP0209202115031092M.tif', 'colorSeq': 0}, {'imgId': 'DP0209202115031081M.tif', 'colorSeq': 1}, {'imgId': 'DP0209202115031069M.tif', 'colorSeq': 2}]}, {'colorName': 'Grey White', 'swatchImageId': 'DP0209202115031053S.tif', 'colorizedImageId': 'DP0209202115031041M.tif', 'colorSeqNum': 3, 'skuId': '79105010034', 'defaultSwatch': False, 'skuAltImages': [{'imgId': 'DP0209202115031088M.tif', 'colorSeq': 0}, {'imgId': 'DP0209202115031077M.tif', 'colorSeq': 1}, {'imgId': 'DP0209202115031065M.tif', 'colorSeq': 2}]}]",/p/safavieh-loren-foldable-sling-chair-2-pc-sling-chair/ppr5008081343?pTmplType=regular&searchTerm=patio+and+outdoor+furniture&geoZip=55057,"[{'message': 'Online Only', 'icon': 'mouse'}, {'message': 'Available for Shipping', 'icon': 'check'}]",False,791,True,522.0,522.0,GIFTWRAP,False,False,2021-02-09T22:06:25,DP0209202115031037M.tif,DP0209202115031085M.tif,,,https://www.jcpenney.com/p/safavieh-loren-foldable-sling-chair-2-pc-sling-chair/ppr5008081343?pTmplType=regular&searchTerm=patio+and+outdoor+furniture&geoZip=55057,20251225,patio and outdoor furniture
Hanlee 2-pc. Folding Adriondack Chair,ppr5008376334,,,720.0,720.0,720.0,720.0,ORIGINAL,False,False,available online only,False,False,original,False,True,"['# Pieces In Set: 2', 'Included: 2 Chair(s)', 'Features: Folding', 'Manufacturer Warranty: 90 Days Limited', 'Seating Capacity: 2']",0.0,0.0,ORIGINAL,False,False,79127100018,USD,more brands,"[{'colorName': 'Dark Gray', 'swatchImageId': 'DP0705202307182412S.tif', 'colorizedImageId': 'DP0705202307181588M.tif', 'colorSeqNum': 1, 'skuId': '79127100018', 'defaultSwatch': False, 'skuAltImages': [{'imgId': 'DP0705202307181794M.tif', 'colorSeq': 0}, {'imgId': 'DP0705202307182001M.tif', 'colorSeq': 1}, {'imgId': 'DP0705202307181382M.tif', 'colorSeq': 2}]}, {'colorName': 'Gray', 'swatchImageId': 'DP0705202307182515S.tif', 'colorizedImageId': 'DP0705202307181691M.tif', 'colorSeqNum': 2, 'skuId': '79127100026', 'defaultSwatch': False, 'skuAltImages': [{'imgId': 'DP0705202307181897M.tif', 'colorSeq': 0}, {'imgId': 'DP0705202307182103M.tif', 'colorSeq': 1}, {'imgId': 'DP0705202307181485M.tif', 'colorSeq': 2}]}]",/p/hanlee-2-pc-folding-adriondack-chair/ppr5008376334?pTmplType=regular&searchTerm=patio+and+outdoor+furniture&geoZip=55057,"[{'message': 'Online Only', 'icon': 'mouse'}, {'message': 'Available for Shipping', 'icon': 'check'}]",False,791,True,648.0,648.0,GIFTWRAP,False,False,2023-07-10T07:08:27,DP0705202307181588M.tif,DP0705202307181794M.tif,,,https://www.jcpenney.com/p/hanlee-2-pc-folding-adriondack-chair/ppr5008376334?pTmplType=regular&searchTerm=patio+and+outdoor+furniture&geoZip=55057,20251225,patio and outdoor furniture
Zea Rocking Chair,ppr5008451442,,,400.0,400.0,400.0,400.0,ORIGINAL,False,False,available online only,False,False,original,False,True,"['Included: 1 Chair(s)', 'Features: Quick Ship, Rocking', 'Joinery: Screwed', 'Manufacturer Warranty: 6 Month', 'Seating Capacity: 1']",0.0,0.0,ORIGINAL,False,False,79131560018,USD,more brands,"[{'colorName': 'Brown', 'swatchImageId': 'DP0513202415130510S.tif', 'colorizedImageId': 'DP0513202415130204M.tif', 'colorSeqNum': 1, 'skuId': '79131560018', 'defaultSwatch': False, 'skuAltImages': [{'imgId': 'DP0513202415130306M.tif', 'colorSeq': 0}, {'imgId': 'DP0513202415130407M.tif', 'colorSeq': 1}, {'imgId': 'DP0513202415130102M.tif', 'colorSeq': 2}]}]",/p/zea-rocking-chair/ppr5008451442?pTmplType=regular&searchTerm=patio+and+outdoor+furniture&geoZip=55057,"[{'message': 'Online Only', 'icon': 'mouse'}, {'message': 'Available for Shipping', 'icon': 'check'}]",False,791,True,360.0,360.0,GIFTWRAP,False,False,2024-05-13T22:04:56,DP0513202415130204M.tif,DP0513202415130306M.tif,"[{'name': 'Few Left', 'priority': 1, 'urlParam': 'fewleft'}]",,https://www.jcpenney.com/p/zea-rocking-chair/ppr5008451442?pTmplType=regular&searchTerm=patio+and+outdoor+furniture&geoZip=55057,20251225,patio and outdoor furniture
Modesta Adjustable Lounge Chair,ppr5008429780,,,880.0,880.0,880.0,880.0,ORIGINAL,False,False,available online only,False,False,original,False,True,"['Included: 1 Chair(s)', 'Features: Easy Care, Weather Resistant, Adjustable', 'Manufacturer Warranty: 90 Days Limited', 'Seating Capacity: 1', 'Tools Required: Allen Wrench (included)']",0.0,0.0,ORIGINAL,False,False,79129120018,USD,more brands,"[{'colorName': 'Black', 'swatchImageId': 'DP1001202407192461S.tif', 'colorizedImageId': 'DP1001202407192156M.tif', 'colorSeqNum': 1, 'skuId': '79129120018', 'defaultSwatch': False, 'skuAltImages': [{'imgId': 'DP1001202407192664M.tif', 'colorSeq': 0}, {'imgId': 'DP1001202407192258M.tif', 'colorSeq': 1}, {'imgId': 'DP1016202407121234M.tif', 'colorSeq': 2}]}]",/p/modesta-adjustable-lounge-chair/ppr5008429780?pTmplType=regular&searchTerm=patio+and+outdoor+furniture&geoZip=55057,"[{'message': 'Online Only', 'icon': 'mouse'}, {'message': 'Available for Shipping', 'icon': 'check'}]",False,791,True,660.0,660.0,RECLINER,False,False,2024-10-01T22:02:47,DP1001202407192156M.tif,DP1001202407192664M.tif,,,https://www.jcpenney.com/p/modesta-adjustable-lounge-chair/ppr5008429780?pTmplType=regular&searchTerm=patio+and+outdoor+furniture&geoZip=55057,20251225,patio and outdoor furniture
Perla Adjustable 4-pc. Lounge Chair,ppr5008429776,,,3150.0,3150.0,3150.0,3150.0,ORIGINAL,False,False,available online only,False,False,original,False,True,"['# Pieces In Set: 4', 'Included: 4 Seat Cushion(s), 4 Chair(s)', 'Features: Wheeled, Adjustable, Easy Clean', 'Manufacturer Warranty: 90 Days Limited', 'Seating Capacity: 4']",0.0,0.0,ORIGINAL,False,False,79129080018,USD,more brands,"[{'colorName': 'Cream', 'swatchImageId': 'DP1001202407185309S.tif', 'colorizedImageId': 'DP1001202407185004M.tif', 'colorSeqNum': 1, 'skuId': '79129080018', 'defaultSwatch': False, 'skuAltImages': [{'imgId': 'DP1001202407185512M.tif', 'colorSeq': 0}, {'imgId': 'DP1001202407185105M.tif', 'colorSeq': 1}, {'imgId': 'DP1016202407121030M.tif', 'colorSeq': 2}]}]",/p/perla-adjustable-4-pc-lounge-chair/ppr5008429776?pTmplType=regular&searchTerm=patio+and+outdoor+furniture&geoZip=55057,"[{'message': 'Online Only', 'icon': 'mouse'}, {'message': 'Available for Shipping', 'icon': 'check'}]",False,791,True,2362.5,2362.5,RECLINER,False,False,2024-10-01T22:02:46,DP1001202407185004M.tif,DP1001202407185512M.tif,,,https://www.jcpenney.com/p/perla-adjustable-4-pc-lounge-chair/ppr5008429776?pTmplType=regular&searchTerm=patio+and+outdoor+furniture&geoZip=55057,20251225,patio and outdoor furniture
Thira Adjustable 2-pc. Lounge Chair,ppr5008376402,,,1450.0,1450.0,1450.0,1450.0,ORIGINAL,False,False,available online only,False,False,original,False,True,"['# Pieces In Set: 2', 'Included: 2 Chair(s)', 'Features: Easy Clean, 4 Legs, Adjustable, Water Resistant', 'Manufacturer Warranty: 90 Days Limited', 'Seating Capacity: 2']",0.0,0.0,ORIGINAL,False,False,79127720018,USD,more brands,"[{'colorName': 'Mix Mocha', 'swatchImageId': 'DP0706202307310777S.tif', 'colorizedImageId': 'DP0706202307310674M.tif', 'colorSeqNum': 1, 'skuId': '79127720018', 'defaultSwatch': False, 'skuAltImages': [{'imgId': 'DP0706202307310984M.tif', 'colorSeq': 0}, {'imgId': 'DP0706202307311087M.tif', 'colorSeq': 1}, {'imgId': 'DP0706202307311190M.tif', 'colorSeq': 2}]}]",/p/thira-adjustable-2-pc-lounge-chair/ppr5008376402?pTmplType=regular&searchTerm=patio+and+outdoor+furniture&geoZip=55057,"[{'message': 'Online Only', 'icon': 'mouse'}, {'message': 'Available for Shipping', 'icon': 'check'}]",False,791,True,1087.5,1087.5,RECLINER,False,False,2023-07-10T07:08:27,DP0706202307310674M.tif,DP0706202307310984M.tif,,,https://www.jcpenney.com/p/thira-adjustable-2-pc-lounge-chair/ppr5008376402?pTmplType=regular&searchTerm=patio+and+outdoor+furniture&geoZip=55057,20251225,patio and outdoor furniture
Genser 2-pc. Upholstered Club Chair,ppr5008376211,,,1330.0,1330.0,1330.0,1330.0,ORIGINAL,False,False,available online only,False,False,original,False,True,"['# Pieces In Set: 2', 'Included: 2 Chair(s)', 'Features: Upholstered', 'Manufacturer Warranty: 90 Days Limited', 'Seating Capacity: 2']",0.0,0.0,ORIGINAL,False,False,79126530018,USD,more brands,"[{'colorName': 'Brown Beige', 'swatchImageId': 'DP0705202307084334S.tif', 'colorizedImageId': 'DP0705202307083922M.tif', 'colorSeqNum': 1, 'skuId': '79126530018', 'defaultSwatch': False, 'skuAltImages': [{'imgId': 'DP0705202307084025M.tif', 'colorSeq': 0}, {'imgId': 'DP0705202307084128M.tif', 'colorSeq': 1}, {'imgId': 'DP0705202307083716M.tif', 'colorSeq': 2}]}]",/p/genser-2-pc-upholstered-club-chair/ppr5008376211?pTmplType=regular&searchTerm=patio+and+outdoor+furniture&geoZip=55057,"[{'message': 'Online Only', 'icon': 'mouse'}, {'message': 'Available for Shipping', 'icon': 'check'}]",False,791,True,997.5,997.5,RECLINER,False,False,2023-07-10T07:08:27,DP0705202307083922M.tif,DP0705202307084025M.tif,,,https://www.jcpenney.com/p/genser-2-pc-upholstered-club-chair/ppr5008376211?pTmplType=regular&searchTerm=patio+and+outdoor+furniture&geoZip=55057,20251225,patio and outdoor furniture
Dover 4-pc.,ppr5008376210,,,3010.0,3010.0,3010.0,3010.0,ORIGINAL,False,False,available online only,False,False,original,False,True,"['# Pieces In Set: 4', 'Included: 4 Chair(s)', 'Features: Back Support', 'Manufacturer Warranty: 90 Days Limited', 'Seating Capacity: 4']",0.0,0.0,ORIGINAL,False,False,79126520018,USD,more brands,"[{'colorName': 'Brown', 'swatchImageId': 'DP0705202307083200S.tif', 'colorizedImageId': 'DP0705202307082891M.tif', 'colorSeqNum': 1, 'skuId': '79126520018', 'defaultSwatch': False, 'skuAltImages': [{'imgId': 'DP0705202307082994M.tif', 'colorSeq': 0}, {'imgId': 'DP0705202307083304M.tif', 'colorSeq': 1}, {'imgId': 'DP0705202307082685M.tif', 'colorSeq': 2}]}]",/p/dover-4-pc/ppr5008376210?pTmplType=regular&searchTerm=patio+and+outdoor+furniture&geoZip=55057,"[{'message': 'Online Only', 'icon': 'mouse'}, {'message': 'Available for Shipping', 'icon': 'check'}]",False,791,True,2257.5,2257.5,RECLINER,False,False,2023-07-10T07:08:27,DP0705202307082891M.tif,DP0705202307082994M.tif,,,https://www.jcpenney.com/p/dover-4-pc/ppr5008376210?pTmplType=regular&searchTerm=patio+and+outdoor+furniture&geoZip=55057,20251225,patio and outdoor furniture
Safavieh Jackman 3-pc. Lounge Chair,ppr5008357167,,,900.0,900.0,900.0,900.0,ORIGINAL,False,False,available online only,False,False,original,False,True,"['# Pieces In Set: 3', 'Included: 1 Chair(s), 1 Seat Cushion(s), 1 Seat Back Cushion(s)', 'Features: Wheeled, Cushioned', 'Joinery: Screwed', 'Seating Capacity: 1']",0.0,0.0,ORIGINAL,False,False,79123950026,USD,safavieh,"[{'colorName': 'Light Grey', 'swatchImageId': 'DP0508202309205149S.tif', 'colorizedImageId': 'DP0508202309204326M.tif', 'colorSeqNum': 1, 'skuId': '79123950026', 'defaultSwatch': False, 'skuAltImages': [{'imgId': 'DP0508202309204531M.tif', 'colorSeq': 0}, {'imgId': 'DP0508202309204737M.tif', 'colorSeq': 1}, {'imgId': 'DP0508202309204943M.tif', 'colorSeq': 2}]}]",/p/safavieh-jackman-3-pc-lounge-chair/ppr5008357167?pTmplType=regular&searchTerm=patio+and+outdoor+furniture&geoZip=55057,"[{'message': 'Online Only', 'icon': 'mouse'}, {'message': 'Available for Shipping', 'icon': 'check'}]",False,791,True,675.0,675.0,RECLINER,False,False,2023-05-09T00:11:31,DP0508202309204326M.tif,DP0508202309204531M.tif,"[{'name': 'Few Left', 'priority': 1, 'urlParam': 'fewleft'}]",,https://www.jcpenney.com/p/safavieh-jackman-3-pc-lounge-chair/ppr5008357167?pTmplType=regular&searchTerm=patio+and+outdoor+furniture&geoZip=55057,20251225,patio and outdoor furniture
Safavieh Daria 2 Pack,ppr5008349098,,,850.0,850.0,850.0,850.0,ORIGINAL,False,False,available online only,False,False,original,False,True,"['# Pieces In Set: 2-Pack', 'Included: 2 Chair(s)', 'Joinery: Screwed', 'Seating Capacity: 1', 'Measurements: 18 Height/Inches, 21.5 Depth/Inches, 35 Width/Inches']",0.0,0.0,ORIGINAL,False,False,79123370018,USD,safavieh,"[{'colorName': 'Black', 'swatchImageId': 'DP0405202309251979S.tif', 'colorizedImageId': 'DP0405202309251668M.tif', 'colorSeqNum': 1, 'skuId': '79123370018', 'defaultSwatch': False, 'skuAltImages': [{'imgId': 'DP0405202309251771M.tif', 'colorSeq': 0}, {'imgId': 'DP0405202309251875M.tif', 'colorSeq': 1}, {'imgId': 'DP0405202309252186M.tif', 'colorSeq': 2}]}]",/p/safavieh-daria-2-pack/ppr5008349098?pTmplType=regular&searchTerm=patio+and+outdoor+furniture&geoZip=55057,"[{'message': 'Online Only', 'icon': 'mouse'}, {'message': 'Available for Shipping', 'icon': 'check'}]",False,791,True,637.5,637.5,RECLINER,False,False,2023-04-05T22:05:16,DP0405202309251668M.tif,DP0405202309251771M.tif,,,https://www.jcpenney.com/p/safavieh-daria-2-pack/ppr5008349098?pTmplType=regular&searchTerm=patio+and+outdoor+furniture&geoZip=55057,20251225,patio and outdoor furniture
Cliff 2-pc.,ppr5008342398,,,940.0,940.0,940.0,940.0,ORIGINAL,False,False,available online only,False,False,original,False,True,"['# Pieces In Set: 2', 'Included: 2 Chair(s)', 'Features: Quick Ship, Stackable, 4 Legs', 'Seating Capacity: 2', 'Tools Required: Screws (included), Allen Wrench (included)']",0.0,0.0,ORIGINAL,False,False,79123040018,USD,more brands,"[{'colorName': 'Gray', 'swatchImageId': 'DP0317202307312487S.tif', 'colorizedImageId': 'DP0317202307312174M.tif', 'colorSeqNum': 1, 'skuId': '79123040018', 'defaultSwatch': False, 'skuAltImages': [{'imgId': 'DP0317202307312278M.tif', 'colorSeq': 0}, {'imgId': 'DP0317202307312590M.tif', 'colorSeq': 1}, {'imgId': 'DP0317202307311966M.tif', 'colorSeq': 2}]}]",/p/cliff-2-pc/ppr5008342398?pTmplType=regular&searchTerm=patio+and+outdoor+furniture&geoZip=55057,"[{'message': 'Online Only', 'icon': 'mouse'}, {'message': 'Available for Shipping', 'icon': 'check'}]",False,791,True,705.0,705.0,RECLINER,False,False,2023-03-17T22:03:34,DP0317202307312174M.tif,DP0317202307312278M.tif,,,https://www.jcpenney.com/p/cliff-2-pc/ppr5008342398?pTmplType=regular&searchTerm=patio+and+outdoor+furniture&geoZip=55057,20251225,patio and outdoor furniture
Cape Coral Lounge Chair,ppr5008336643,,,1020.0,1020.0,1020.0,1020.0,ORIGINAL,False,False,available online only,False,False,original,False,True,"['Included: 1 Chair(s)', 'Features: 4 Legs', 'Seating Capacity: 1', 'Tools Required: Screws (included), Allen Wrench (included)', 'Chair Measurements: 25.25 Depth/Inches']",0.0,0.0,ORIGINAL,False,False,79122400018,USD,more brands,"[{'colorName': 'White', 'swatchImageId': 'DP0314202309281536S.tif', 'colorizedImageId': 'DP0314202309281122M.tif', 'colorSeqNum': 1, 'skuId': '79122400018', 'defaultSwatch': False, 'skuAltImages': [{'imgId': 'DP0314202309281742M.tif', 'colorSeq': 0}, {'imgId': 'DP0314202309281226M.tif', 'colorSeq': 1}, {'imgId': 'DP0314202309281330M.tif', 'colorSeq': 2}]}]",/p/cape-coral-lounge-chair/ppr5008336643?pTmplType=regular&searchTerm=patio+and+outdoor+furniture&geoZip=55057,"[{'message': 'Online Only', 'icon': 'mouse'}, {'message': 'Available for Shipping', 'icon': 'check'}]",False,791,True,765.0,765.0,RECLINER,False,False,2023-03-14T22:10:06,DP0314202309281122M.tif,DP0314202309281742M.tif,,,https://www.jcpenney.com/p/cape-coral-lounge-chair/ppr5008336643?pTmplType=regular&searchTerm=patio+and+outdoor+furniture&geoZip=55057,20251225,patio and outdoor furniture
Jamaica Adjustable Lounge Chair,ppr5008336641,,,710.0,710.0,710.0,710.0,ORIGINAL,False,False,available online only,False,False,original,False,True,"['Included: 1 Chair(s)', 'Features: Adjustable, Quick Ship, 4 Legs', 'Seating Capacity: 1', 'Tools Required: Allen Wrench (included)', 'Chair Measurements: 12 Height/Inches, 25.5 Depth/Inches, 77.25 Width/Inches']",0.0,0.0,ORIGINAL,False,False,79122380018,USD,more brands,"[{'colorName': 'Brown', 'swatchImageId': 'DP0314202309275669S.tif', 'colorizedImageId': 'DP0314202309275254M.tif', 'colorSeqNum': 1, 'skuId': '79122380018', 'defaultSwatch': False, 'skuAltImages': [{'imgId': 'DP0314202309275358M.tif', 'colorSeq': 0}, {'imgId': 'DP0314202309275462M.tif', 'colorSeq': 1}, {'imgId': 'DP0314202309275046M.tif', 'colorSeq': 2}]}]",/p/jamaica-adjustable-lounge-chair/ppr5008336641?pTmplType=regular&searchTerm=patio+and+outdoor+furniture&geoZip=55057,"[{'message': 'Online Only', 'icon': 'mouse'}, {'message': 'Available for Shipping', 'icon': 'check'}]",False,791,True,639.0,639.0,GIFTWRAP,False,False,2023-03-14T22:10:06,DP0314202309275254M.tif,DP0314202309275358M.tif,,,https://www.jcpenney.com/p/jamaica-adjustable-lounge-chair/ppr5008336641?pTmplType=regular&searchTerm=patio+and+outdoor+furniture&geoZip=55057,20251225,patio and outdoor furniture
Salem Adjustable 2-pc. Lounge Chair,ppr5008336634,,,1690.0,1690.0,1690.0,1690.0,ORIGINAL,False,False,available online only,False,False,original,False,True,"['# Pieces In Set: 2', 'Included: 2 Chair(s)', 'Features: Quick Ship, Adjustable, 4 Legs', 'Seating Capacity: 2', 'Chair Measurements: 30 Depth/Inches, 12 Height/Inches, 83 Width/Inches']",0.0,0.0,ORIGINAL,False,False,79122310026,USD,more brands,"[{'colorName': 'Gray', 'swatchImageId': 'DP0314202309264173S.tif', 'colorizedImageId': 'DP0314202309263758M.tif', 'colorSeqNum': 1, 'skuId': '79122310026', 'defaultSwatch': False, 'skuAltImages': [{'imgId': 'DP0314202309263862M.tif', 'colorSeq': 0}, {'imgId': 'DP0314202309263967M.tif', 'colorSeq': 1}, {'imgId': 'DP0314202309263551M.tif', 'colorSeq': 2}]}]",/p/salem-adjustable-2-pc-lounge-chair/ppr5008336634?pTmplType=regular&searchTerm=patio+and+outdoor+furniture&geoZip=55057,"[{'message': 'Online Only', 'icon': 'mouse'}, {'message': 'Available for Shipping', 'icon': 'check'}]",False,791,True,1267.5,1267.5,RECLINER,False,False,2023-03-14T22:10:04,DP0314202309263758M.tif,DP0314202309263862M.tif,,,https://www.jcpenney.com/p/salem-adjustable-2-pc-lounge-chair/ppr5008336634?pTmplType=regular&searchTerm=patio+and+outdoor+furniture&geoZip=55057,20251225,patio and outdoor furniture
Cape Coral 2-pc. Club Chair,ppr5008330493,,,1495.0,1495.0,1495.0,1495.0,ORIGINAL,False,False,available online only,False,False,original,False,True,"['# Pieces In Set: 2', 'Included: 2 Chair(s)', 'Features: Quick Ship, Water Resistant', 'Manufacturer Warranty: 90 Days Limited', 'Seating Capacity: 2']",0.0,0.0,ORIGINAL,False,False,79121590018,USD,more brands,"[{'colorName': 'Dark Gray  Gray', 'swatchImageId': 'DP0215202309132671S.tif', 'colorizedImageId': 'DP0215202309132568M.tif', 'colorSeqNum': 1, 'skuId': '79121590018', 'defaultSwatch': False, 'skuAltImages': [{'imgId': 'DP0215202309132877M.tif', 'colorSeq': 0}, {'imgId': 'DP0215202309132980M.tif', 'colorSeq': 1}, {'imgId': 'DP0215202309133084M.tif', 'colorSeq': 2}]}]",/p/cape-coral-2-pc-club-chair/ppr5008330493?pTmplType=regular&searchTerm=patio+and+outdoor+furniture&geoZip=55057,"[{'message': 'Online Only', 'icon': 'mouse'}, {'message': 'Available for Shipping', 'icon': 'check'}]",False,791,True,1121.25,1121.25,RECLINER,False,False,2023-02-15T22:05:59,DP0215202309132568M.tif,DP0215202309132877M.tif,,,https://www.jcpenney.com/p/cape-coral-2-pc-club-chair/ppr5008330493?pTmplType=regular&searchTerm=patio+and+outdoor+furniture&geoZip=55057,20251225,patio and outdoor furniture
Hermosa 2-pc. Armchair,ppr5008330492,,,550.0,550.0,550.0,550.0,ORIGINAL,False,False,available online only,False,False,original,False,True,"['# Pieces In Set: 2', 'Included: 2 Chair(s)', 'Features: Quick Ship, Water Resistant', 'Manufacturer Warranty: 90 Days Limited', 'Seating Capacity: 2']",0.0,0.0,ORIGINAL,False,False,79121580018,USD,more brands,"[{'colorName': 'Teak  Cream', 'swatchImageId': 'DP0215202309131742S.tif', 'colorizedImageId': 'DP0215202309131638M.tif', 'colorSeqNum': 1, 'skuId': '79121580018', 'defaultSwatch': False, 'skuAltImages': [{'imgId': 'DP0215202309131946M.tif', 'colorSeq': 0}, {'imgId': 'DP0215202309132049M.tif', 'colorSeq': 1}, {'imgId': 'DP0215202309132153M.tif', 'colorSeq': 2}]}]",/p/hermosa-2-pc-armchair/ppr5008330492?pTmplType=regular&searchTerm=patio+and+outdoor+furniture&geoZip=55057,"[{'message': 'Online Only', 'icon': 'mouse'}, {'message': 'Available for Shipping', 'icon': 'check'}]",False,791,True,495.0,495.0,GIFTWRAP,False,False,2023-02-15T22:05:59,DP0215202309131638M.tif,DP0215202309131946M.tif,,,https://www.jcpenney.com/p/hermosa-2-pc-armchair/ppr5008330492?pTmplType=regular&searchTerm=patio+and+outdoor+furniture&geoZip=55057,20251225,patio and outdoor furniture
Waverly Lounge Chair 2-pc. Lounge Chair,ppr5008328406,,,1020.0,1020.0,1020.0,1020.0,ORIGINAL,False,False,available online only,False,False,original,False,True,"['# Pieces In Set: 2', 'Included: 2 Chair(s)', 'Features: Quick Ship, 4 Legs', 'Manufacturer Warranty: 90 Days', 'Seating Capacity: 2']",0.0,0.0,ORIGINAL,False,False,79121420018,USD,more brands,"[{'colorName': 'Brown', 'swatchImageId': 'DP0204202307060128S.tif', 'colorizedImageId': 'DP0204202307055819M.tif', 'colorSeqNum': 1, 'skuId': '79121420018', 'defaultSwatch': False, 'skuAltImages': [{'imgId': 'DP0204202307055923M.tif', 'colorSeq': 0}, {'imgId': 'DP0204202307055614M.tif', 'colorSeq': 1}, {'imgId': 'DP0204202307060026M.tif', 'colorSeq': 2}]}]",/p/waverly-lounge-chair-2-pc-lounge-chair/ppr5008328406?pTmplType=regular&searchTerm=patio+and+outdoor+furniture&geoZip=55057,"[{'message': 'Online Only', 'icon': 'mouse'}, {'message': 'Available for Shipping', 'icon': 'check'}]",False,791,True,765.0,765.0,RECLINER,False,False,2023-02-06T07:06:07,DP0204202307055819M.tif,DP0204202307055923M.tif,,,https://www.jcpenney.com/p/waverly-lounge-chair-2-pc-lounge-chair/ppr5008328406?pTmplType=regular&searchTerm=patio+and+outdoor+furniture&geoZip=55057,20251225,patio and outdoor furniture
Cape Lounge Chair Adjustable 4-pc. Lounge Chair,ppr5008328383,,,2380.0,2380.0,2380.0,2380.0,ORIGINAL,False,False,available online only,False,False,original,False,True,"['# Pieces In Set: 4', 'Included: 4 Chair(s)', 'Features: Quick Ship, 4 Legs, Adjustable', 'Manufacturer Warranty: 90 Days', 'Seating Capacity: 4']",0.0,0.0,ORIGINAL,False,False,79121280018,USD,more brands,"[{'colorName': 'Gray', 'swatchImageId': 'DP0204202307032473S.tif', 'colorizedImageId': 'DP0204202307032166M.tif', 'colorSeqNum': 1, 'skuId': '79121280018', 'defaultSwatch': False, 'skuAltImages': [{'imgId': 'DP0204202307032268M.tif', 'colorSeq': 0}, {'imgId': 'DP0204202307031960M.tif', 'colorSeq': 1}, {'imgId': 'DP0204202307032370M.tif', 'colorSeq': 2}]}]",/p/cape-lounge-chair-adjustable-4-pc-lounge-chair/ppr5008328383?pTmplType=regular&searchTerm=patio+and+outdoor+furniture&geoZip=55057,"[{'message': 'Online Only', 'icon': 'mouse'}, {'message': 'Available for Shipping', 'icon': 'check'}]",False,791,True,1785.0,1785.0,RECLINER,False,False,2023-02-06T07:06:07,DP0204202307032166M.tif,DP0204202307032268M.tif,,,https://www.jcpenney.com/p/cape-lounge-chair-adjustable-4-pc-lounge-chair/ppr5008328383?pTmplType=regular&searchTerm=patio+and+outdoor+furniture&geoZip=55057,20251225,patio and outdoor furniture
Signature Design by Ashley® Visola 2-pc. Patio Lounge Chair,ppr5008244953,,,2400.0,2400.0,2400.0,2400.0,ORIGINAL,False,False,available online only,False,False,original,False,True,"['# Pieces In Set: 2', 'Included: 2 Chair(s)', 'Features: Weather Resistant, 2 Pack', 'Joinery: Screwed, Butt Joint', 'Manufacturer Warranty: 1 Year Parts Limited']",0.0,0.0,ORIGINAL,False,False,79118260018,USD,signature design by ashley,"[{'colorName': 'Gray', 'swatchImageId': 'DP0614202211164988S.tif', 'colorizedImageId': 'DP0614202211164782M.tif', 'colorSeqNum': 1, 'skuId': '79118260018', 'defaultSwatch': False, 'skuAltImages': [{'imgId': 'DP0614202211164885M.tif', 'colorSeq': 0}, {'imgId': 'DP0614202211164578M.tif', 'colorSeq': 1}, {'imgId': 'DP0614202211164680M.tif', 'colorSeq': 2}]}]",/p/signature-design-by-ashley-visola-2-pc-patio-lounge-chair/ppr5008244953?pTmplType=regular&searchTerm=patio+and+outdoor+furniture&geoZip=55057,"[{'message': 'Online Only', 'icon': 'mouse'}, {'message': 'Available for Shipping', 'icon': 'check'}]",False,791,True,1800.0,1800.0,RECLINER,False,False,2022-06-14T22:05:59,DP0614202211164782M.tif,DP0614202211164885M.tif,,,https://www.jcpenney.com/p/signature-design-by-ashley-visola-2-pc-patio-lounge-chair/ppr5008244953?pTmplType=regular&searchTerm=patio+and+outdoor+furniture&geoZip=55057,20251225,patio and outdoor furniture
Sunnydaze® Dalia 45-Inch Hanging Egg Chair,ppr5008102469,5.0,1.0,750.0,750.0,750.0,750.0,ORIGINAL,False,False,available online only,False,False,original,False,True,"['Included: 1 Seat Back Cushion(s), 1 Seat Cushion(s), 1 Chair(s)', 'Features: Weather Resistant, Quick Ship, Water Resistant', 'Joinery: Welded Joint', 'Manufacturer Warranty: 1 Year', 'Seating Capacity: 1']",0.0,0.0,ORIGINAL,False,False,79112080018,USD,more brands,"[{'colorName': 'Blue', 'swatchImageId': 'DP0406202107022334S.tif', 'colorizedImageId': 'DP0406202107022327M.tif', 'colorSeqNum': 1, 'skuId': '79112080018', 'defaultSwatch': False}]",/p/sunnydaze-dalia-45-inch-hanging-egg-chair/ppr5008102469?pTmplType=regular&searchTerm=patio+and+outdoor+furniture&geoZip=55057,"[{'message': 'Online Only', 'icon': 'mouse'}, {'message': 'Available for Shipping', 'icon': 'check'}]",False,791,True,,,,False,False,2021-04-13T21:02:35,DP0406202107022327M.tif,,,,https://www.jcpenney.com/p/sunnydaze-dalia-45-inch-hanging-egg-chair/ppr5008102469?pTmplType=regular&searchTerm=patio+and+outdoor+furniture&geoZip=55057,20251225,patio and outdoor furniture
Safavieh Alma Patio Collection Lounge Chair,ppr5008088355,,,770.0,770.0,770.0,770.0,ORIGINAL,False,False,available online only,False,False,original,False,True,"['Included: 1 Chair(s), 1 Seat Cushion(s), 1 Seat Back Cushion(s)', 'Features: Folding, Quick Ship, Removable Cushion Covers, Weather Resistant', 'Joinery: Welded Joint, Nailed', 'Seating Capacity: 1', 'Tools Required: Screws (included), Allen Wrench (included)']",0.0,0.0,ORIGINAL,False,False,79101370026,USD,safavieh,"[{'colorName': 'Brown Beige', 'swatchImageId': 'DP0224202107044627S.tif', 'colorizedImageId': 'DP0224202107044623M.tif', 'colorSeqNum': 1, 'skuId': '79101370026', 'defaultSwatch': False, 'skuAltImages': [{'imgId': 'DP0224202107044637M.tif', 'colorSeq': 0}, {'imgId': 'DP0224202107044634M.tif', 'colorSeq': 1}, {'imgId': 'DP0224202107044630M.tif', 'colorSeq': 2}]}]",/p/safavieh-alma-patio-collection-lounge-chair/ppr5008088355?pTmplType=regular&searchTerm=patio+and+outdoor+furniture&geoZip=55057,"[{'message': 'Online Only', 'icon': 'mouse'}, {'message': 'Available for Shipping', 'icon': 'check'}]",False,791,True,577.5,577.5,RECLINER,False,False,2021-02-24T22:04:47,DP0224202107044623M.tif,DP0224202107044637M.tif,,,https://www.jcpenney.com/p/safavieh-alma-patio-collection-lounge-chair/ppr5008088355?pTmplType=regular&searchTerm=patio+and+outdoor+furniture&geoZip=55057,20251225,patio and outdoor furniture
Spink Alcapulco Chair,ppr5008455147,,,940.0,940.0,940.0,940.0,ORIGINAL,False,False,available online only,False,False,original,False,True,"['Included: 1 Chair(s)', 'Features: Easy Installation', 'Joinery: Screwed', 'Manufacturer Warranty: 6 Month', 'Seating Capacity: 1']",0.0,0.0,ORIGINAL,True,False,79131640018,USD,more brands,"[{'colorName': 'Black', 'swatchImageId': 'DP0524202413371375S.tif', 'colorizedImageId': 'DP0524202413371070M.tif', 'colorSeqNum': 1, 'skuId': '79131640018', 'defaultSwatch': False, 'skuAltImages': [{'imgId': 'DP0524202413371172M.tif', 'colorSeq': 0}, {'imgId': 'DP0524202413371273M.tif', 'colorSeq': 1}, {'imgId': 'DP0524202413370968M.tif', 'colorSeq': 2}]}]",/p/spink-alcapulco-chair/ppr5008455147?pTmplType=regular&searchTerm=patio+and+outdoor+furniture&geoZip=55057,"[{'message': 'Online Only', 'icon': 'mouse'}, {'message': 'Available for Shipping', 'icon': 'check'}]",False,791,True,705.0,705.0,RECLINER,False,False,2024-05-24T22:09:01,DP0524202413371070M.tif,DP0524202413371172M.tif,,,https://www.jcpenney.com/p/spink-alcapulco-chair/ppr5008455147?pTmplType=regular&searchTerm=patio+and+outdoor+furniture&geoZip=55057,20251225,patio and outdoor furniture
Sunnydaze Collection Patio Umbrella Base,ppr5008095858,5.0,5.0,280.0,280.0,280.0,280.0,ORIGINAL,False,False,available online only,False,False,original,False,True,"['Features: Weather Resistant, Quick Ship', 'Manufacturer Warranty: 1 Year', 'Shape: Round', 'Measurements: 18 Length/Inches, 3.25 Height/Inches, 26.5 Width/Inches', 'Weight (lb.): 15 Lb']",0.0,0.0,ORIGINAL,False,False,79111110018,USD,more brands,"[{'colorName': 'Black', 'swatchImageId': 'DP0318202107031575S.tif', 'colorizedImageId': 'DP0318202107031570M.tif', 'colorSeqNum': 1, 'skuId': '79111110018', 'defaultSwatch': False, 'skuAltImages': [{'imgId': 'DP0318202107031613M.tif', 'colorSeq': 0}, {'imgId': 'DP0318202107031609M.tif', 'colorSeq': 1}, {'imgId': 'DP0318202107031604M.tif', 'colorSeq': 2}]}]",/p/sunnydaze-collection-patio-umbrella-base/ppr5008095858?pTmplType=regular&searchTerm=patio+and+outdoor+furniture&geoZip=55057,"[{'message': 'Online Only', 'icon': 'mouse'}, {'message': 'Available for Shipping', 'icon': 'check'}]",False,791,True,,,,False,False,2021-03-18T22:02:45,DP0318202107031570M.tif,DP0318202107031613M.tif,,,https://www.jcpenney.com/p/sunnydaze-collection-patio-umbrella-base/ppr5008095858?pTmplType=regular&searchTerm=patio+and+outdoor+furniture&geoZip=55057,20251225,patio and outdoor furniture
Safavieh Athens Patio Collection Patio Umbrella,ppr5008094039,,,430.0,430.0,430.0,430.0,ORIGINAL,False,False,available online only,False,False,original,False,True,"['Features: Collapsible, Weather Resistant, Uv Protection', 'Shape: Octagon', 'Measurements: 98.82 Height/Inches, 100.79 Depth/Inches, 100.79 Width/Inches', 'Diameter: 9 Ft', 'Weight (lb.): 12 Lb']",0.0,0.0,ORIGINAL,False,False,79109190109,USD,safavieh,"[{'colorName': 'Blue White', 'swatchImageId': 'DP0310202109014544S.tif', 'colorizedImageId': 'DP0310202109014521M.tif', 'colorSeqNum': 1, 'skuId': '79109190034', 'defaultSwatch': False, 'skuAltImages': [{'imgId': 'DP0310202109014588M.tif', 'colorSeq': 0}, {'imgId': 'DP0310202109014632M.tif', 'colorSeq': 1}, {'imgId': 'DP0310202109014610M.tif', 'colorSeq': 2}]}, {'colorName': 'Navy White', 'swatchImageId': 'DP0310202109014555S.tif', 'colorizedImageId': 'DP0310202109014533M.tif', 'colorSeqNum': 2, 'skuId': '79109190018', 'defaultSwatch': False, 'skuAltImages': [{'imgId': 'DP0310202109014599M.tif', 'colorSeq': 0}, {'imgId': 'DP0310202109014643M.tif', 'colorSeq': 1}, {'imgId': 'DP0310202109014621M.tif', 'colorSeq': 2}]}, {'colorName': 'Beige White', 'swatchImageId': 'DP0310202109014540S.tif', 'colorizedImageId': 'DP0310202109014518M.tif', 'colorSeqNum': 3, 'skuId': '79109190026', 'defaultSwatch': False, 'skuAltImages': [{'imgId': 'DP0310202109014585M.tif', 'colorSeq': 0}, {'imgId': 'DP0310202109014628M.tif', 'colorSeq': 1}, {'imgId': 'DP0310202109014606M.tif', 'colorSeq': 2}]}, {'colorName': 'Brown White', 'swatchImageId': 'DP0310202109014548S.tif', 'colorizedImageId': 'DP0310202109014525M.tif', 'colorSeqNum': 4, 'skuId': '79109190042', 'defaultSwatch': False, 'skuAltImages': [{'imgId': 'DP0310202109014592M.tif', 'colorSeq': 0}, {'imgId': 'DP0310202109014635M.tif', 'colorSeq': 1}, {'imgId': 'DP0310202109014614M.tif', 'colorSeq': 2}]}, {'colorName': 'Dark Green White', 'swatchImageId': 'DP0310202109014552S.tif', 'colorizedImageId': 'DP0310202109014529M.tif', 'colorSeqNum': 5, 'skuId': '79109190059', 'defaultSwatch': False, 'skuAltImages': [{'imgId': 'DP0310202109014595M.tif', 'colorSeq': 0}, {'imgId': 'DP0310202109014639M.tif', 'colorSeq': 1}, {'imgId': 'DP0310202109014617M.tif', 'colorSeq': 2}]}, {'colorName': 'Red White', 'swatchImageId': 'DP0310202109014559S.tif', 'colorizedImageId': 'DP0310202109014536M.tif', 'colorSeqNum': 6, 'skuId': '79109190067', 'defaultSwatch': False, 'skuAltImages': [{'imgId': 'DP0310202109014603M.tif', 'colorSeq': 0}, {'imgId': 'DP0310202109014646M.tif', 'colorSeq': 1}, {'imgId': 'DP0310202109014624M.tif', 'colorSeq': 2}]}, {'colorName': 'Black', 'swatchImageId': 'DP0903202407224733S.tif', 'colorizedImageId': 'DP0903202407224327M.tif', 'colorSeqNum': 7, 'skuId': '79109190075', 'defaultSwatch': False, 'skuAltImages': [{'imgId': 'DP0903202407225546M.tif', 'colorSeq': 0}, {'imgId': 'DP0903202407225140M.tif', 'colorSeq': 1}, {'imgId': 'DP0903202407223919M.tif', 'colorSeq': 2}]}, {'colorName': 'Orange', 'swatchImageId': 'DP0903202407224835S.tif', 'colorizedImageId': 'DP0903202407224429M.tif', 'colorSeqNum': 8, 'skuId': '79109190083', 'defaultSwatch': False, 'skuAltImages': [{'imgId': 'DP0903202407225648M.tif', 'colorSeq': 0}, {'imgId': 'DP0903202407225241M.tif', 'colorSeq': 1}, {'imgId': 'DP0903202407224022M.tif', 'colorSeq': 2}]}, {'colorName': 'Yellow', 'swatchImageId': 'DP0903202407225038S.tif', 'colorizedImageId': 'DP0903202407224632M.tif', 'colorSeqNum': 10, 'skuId': '79109190109', 'defaultSwatch': False, 'skuAltImages': [{'imgId': 'DP0903202407225851M.tif', 'colorSeq': 0}, {'imgId': 'DP0903202407225444M.tif', 'colorSeq': 1}, {'imgId': 'DP0903202407224225M.tif', 'colorSeq': 2}]}]",/p/safavieh-athens-patio-collection-patio-umbrella/ppr5008094039?pTmplType=regular&searchTerm=patio+and+outdoor+furniture&geoZip=55057,"[{'message': 'Online Only', 'icon': 'mouse'}, {'message': 'Available for Shipping', 'icon': 'check'}]",False,791,True,387.0,387.0,GIFTWRAP,False,False,2021-03-10T22:04:11,DP0310202109014521M.tif,DP0310202109014588M.tif,,,https://www.jcpenney.com/p/safavieh-athens-patio-collection-patio-umbrella/ppr5008094039?pTmplType=regular&searchTerm=patio+and+outdoor+furniture&geoZip=55057,20251225,patio and outdoor furniture
Safavieh Iris Patio Collection Patio Umbrella,ppr5008094035,,,410.0,410.0,410.0,410.0,ORIGINAL,False,False,available online only,False,False,original,False,True,"['Features: Uv Protection, Weather Resistant, Collapsible', 'Shape: Octagon', 'Measurements: 98.82 Height/Inches, 100.79 Width/Inches, 100.79 Depth/Inches', 'Diameter: 9 Ft', 'Weight (lb.): 13 Lb']",0.0,0.0,ORIGINAL,False,False,79109150018,USD,safavieh,"[{'colorName': 'Black White Chrome', 'swatchImageId': 'DP0310202107032508S.tif', 'colorizedImageId': 'DP0310202107032481M.tif', 'colorSeqNum': 1, 'skuId': '79109150059', 'defaultSwatch': False, 'skuAltImages': [{'imgId': 'DP0310202107032564M.tif', 'colorSeq': 0}, {'imgId': 'DP0310202107032613M.tif', 'colorSeq': 1}, {'imgId': 'DP0310202107032590M.tif', 'colorSeq': 2}]}, {'colorName': 'Black White', 'swatchImageId': 'DP0310202107032504S.tif', 'colorizedImageId': 'DP0310202107032477M.tif', 'colorSeqNum': 3, 'skuId': '79109150018', 'defaultSwatch': False, 'skuAltImages': [{'imgId': 'DP0310202107032560M.tif', 'colorSeq': 0}, {'imgId': 'DP0310202107032609M.tif', 'colorSeq': 1}, {'imgId': 'DP0310202107032586M.tif', 'colorSeq': 2}]}, {'colorName': 'Navy White', 'swatchImageId': 'DP0310202107032519S.tif', 'colorizedImageId': 'DP0310202107032493M.tif', 'colorSeqNum': 4, 'skuId': '79109150026', 'defaultSwatch': False, 'skuAltImages': [{'imgId': 'DP0310202107032574M.tif', 'colorSeq': 0}, {'imgId': 'DP0310202107032621M.tif', 'colorSeq': 1}, {'imgId': 'DP0310202107032598M.tif', 'colorSeq': 2}]}, {'colorName': 'Grey White', 'swatchImageId': 'DP0310202107032516S.tif', 'colorizedImageId': 'DP0310202107032489M.tif', 'colorSeqNum': 5, 'skuId': '79109150042', 'defaultSwatch': False, 'skuAltImages': [{'imgId': 'DP0310202107032569M.tif', 'colorSeq': 0}, {'imgId': 'DP0310202107032617M.tif', 'colorSeq': 1}, {'imgId': 'DP0310202107032594M.tif', 'colorSeq': 2}]}, {'colorName': 'Navy White Chrome', 'swatchImageId': 'DP0310202107032523S.tif', 'colorizedImageId': 'DP0310202107032497M.tif', 'colorSeqNum': 6, 'skuId': '79109150067', 'defaultSwatch': False, 'skuAltImages': [{'imgId': 'DP0310202107032578M.tif', 'colorSeq': 0}, {'imgId': 'DP0310202107032602M.tif', 'colorSeq': 1}, {'imgId': 'DP0310202107032549M.tif', 'colorSeq': 2}]}, {'colorName': 'Dark Grey White', 'swatchImageId': 'DP0310202107032512S.tif', 'colorizedImageId': 'DP0310202107032485M.tif', 'colorSeqNum': 7, 'skuId': '79109150075', 'defaultSwatch': False, 'skuAltImages': [{'imgId': 'DP0310202107032556M.tif', 'colorSeq': 0}, {'imgId': 'DP0310202107032538M.tif', 'colorSeq': 1}]}, {'colorName': 'Pacific Blue Strip', 'swatchImageId': 'DP0906202407312984S.tif', 'colorizedImageId': 'DP0906202407312883M.tif', 'colorSeqNum': 8, 'skuId': '79109150083', 'defaultSwatch': False, 'skuAltImages': [{'imgId': 'DP0906202407313187M.tif', 'colorSeq': 0}, {'imgId': 'DP0906202407313086M.tif', 'colorSeq': 1}, {'imgId': 'DP0906202407312781M.tif', 'colorSeq': 2}]}, {'colorName': 'Red Stripe', 'swatchImageId': 'DP0903202407220662S.tif', 'colorizedImageId': 'DP0903202407220356M.tif', 'colorSeqNum': 9, 'skuId': '79109150091', 'defaultSwatch': False, 'skuAltImages': [{'imgId': 'DP0903202407221274M.tif', 'colorSeq': 0}, {'imgId': 'DP0903202407220968M.tif', 'colorSeq': 1}, {'imgId': 'DP0903202407220051M.tif', 'colorSeq': 2}]}, {'colorName': 'Baby Blue White', 'swatchImageId': 'DP0903202407220458S.tif', 'colorizedImageId': 'DP0903202407220153M.tif', 'colorSeqNum': 10, 'skuId': '79109150109', 'defaultSwatch': False, 'skuAltImages': [{'imgId': 'DP0903202407221069M.tif', 'colorSeq': 0}, {'imgId': 'DP0903202407220763M.tif', 'colorSeq': 1}, {'imgId': 'DP0903202407215848M.tif', 'colorSeq': 2}]}]",/p/safavieh-iris-patio-collection-patio-umbrella/ppr5008094035?pTmplType=regular&searchTerm=patio+and+outdoor+furniture&geoZip=55057,"[{'message': 'Online Only', 'icon': 'mouse'}, {'message': 'Available for Shipping', 'icon': 'check'}]",False,791,True,369.0,369.0,GIFTWRAP,False,False,2021-03-10T22:04:05,DP0310202107032481M.tif,DP0310202107032564M.tif,,,https://www.jcpenney.com/p/safavieh-iris-patio-collection-patio-umbrella/ppr5008094035?pTmplType=regular&searchTerm=patio+and+outdoor+furniture&geoZip=55057,20251225,patio and outdoor furniture
Safavieh Cannes Patio Collection Patio Umbrella,ppr5008094041,,,420.0,420.0,420.0,420.0,ORIGINAL,False,False,available online only,False,False,original,False,True,"['Features: Weather Resistant, Collapsible, Uv Protection', 'Shape: Octagon', 'Measurements: 98.82 Height/Inches, 105.51 Depth/Inches, 105.51 Width/Inches', 'Diameter: 9 Ft', 'Weight (lb.): 16 Lb']",0.0,0.0,ORIGINAL,False,False,79109210083,USD,safavieh,"[{'colorName': 'Beige', 'swatchImageId': 'DP0310202109014780S.tif', 'colorizedImageId': 'DP0310202109014761M.tif', 'colorSeqNum': 1, 'skuId': '79109210018', 'defaultSwatch': False, 'skuAltImages': [{'imgId': 'DP0310202109014836M.tif', 'colorSeq': 0}, {'imgId': 'DP0310202109014817M.tif', 'colorSeq': 1}, {'imgId': 'DP0310202109014855M.tif', 'colorSeq': 2}]}, {'colorName': 'Grey', 'swatchImageId': 'DP0310202109014784S.tif', 'colorizedImageId': 'DP0310202109014765M.tif', 'colorSeqNum': 2, 'skuId': '79109210026', 'defaultSwatch': False, 'skuAltImages': [{'imgId': 'DP0310202109014840M.tif', 'colorSeq': 0}, {'imgId': 'DP0310202109014821M.tif', 'colorSeq': 1}, {'imgId': 'DP0310202109014858M.tif', 'colorSeq': 2}]}, {'colorName': 'Navy', 'swatchImageId': 'DP0310202109014788S.tif', 'colorizedImageId': 'DP0310202109014769M.tif', 'colorSeqNum': 3, 'skuId': '79109210034', 'defaultSwatch': False, 'skuAltImages': [{'imgId': 'DP0310202109014844M.tif', 'colorSeq': 0}, {'imgId': 'DP0310202109014825M.tif', 'colorSeq': 1}, {'imgId': 'DP0310202109014862M.tif', 'colorSeq': 2}]}, {'colorName': 'Red', 'swatchImageId': 'DP0310202109014791S.tif', 'colorizedImageId': 'DP0310202109014772M.tif', 'colorSeqNum': 4, 'skuId': '79109210042', 'defaultSwatch': False, 'skuAltImages': [{'imgId': 'DP0310202109014847M.tif', 'colorSeq': 0}, {'imgId': 'DP0310202109014828M.tif', 'colorSeq': 1}, {'imgId': 'DP0310202109014866M.tif', 'colorSeq': 2}]}, {'colorName': 'Hunter Green', 'swatchImageId': 'DP0903202413034531S.tif', 'colorizedImageId': 'DP0903202413034226M.tif', 'colorSeqNum': 6, 'skuId': '79109210067', 'defaultSwatch': False, 'skuAltImages': [{'imgId': 'DP0903202413035142M.tif', 'colorSeq': 0}, {'imgId': 'DP0903202413034836M.tif', 'colorSeq': 1}, {'imgId': 'DP0903202413033921M.tif', 'colorSeq': 2}]}, {'colorName': 'Baby Blue', 'swatchImageId': 'DP0903202413034430S.tif', 'colorizedImageId': 'DP0903202413034125M.tif', 'colorSeqNum': 7, 'skuId': '79109210075', 'defaultSwatch': False, 'skuAltImages': [{'imgId': 'DP0903202413035041M.tif', 'colorSeq': 0}, {'imgId': 'DP0903202413034734M.tif', 'colorSeq': 1}, {'imgId': 'DP0903202413033820M.tif', 'colorSeq': 2}]}, {'colorName': 'Yellow', 'swatchImageId': 'DP0903202413034633S.tif', 'colorizedImageId': 'DP0903202413034328M.tif', 'colorSeqNum': 8, 'skuId': '79109210083', 'defaultSwatch': False, 'skuAltImages': [{'imgId': 'DP0903202413035244M.tif', 'colorSeq': 0}, {'imgId': 'DP0903202413034938M.tif', 'colorSeq': 1}, {'imgId': 'DP0903202413034023M.tif', 'colorSeq': 2}]}]",/p/safavieh-cannes-patio-collection-patio-umbrella/ppr5008094041?pTmplType=regular&searchTerm=patio+and+outdoor+furniture&geoZip=55057,"[{'message': 'Online Only', 'icon': 'mouse'}, {'message': 'Available for Shipping', 'icon': 'check'}]",False,791,True,378.0,378.0,GIFTWRAP,False,False,2021-03-10T22:04:12,DP0310202109014761M.tif,DP0310202109014836M.tif,,,https://www.jcpenney.com/p/safavieh-cannes-patio-collection-patio-umbrella/ppr5008094041?pTmplType=regular&searchTerm=patio+and+outdoor+furniture&geoZip=55057,20251225,patio and outdoor furniture
Safavieh Elegant Patio Collection Patio Umbrella,ppr5008094071,,,410.0,410.0,410.0,410.0,ORIGINAL,False,False,available online only,False,False,original,False,True,"['Features: Uv Protection, Weather Resistant, Collapsible', 'Shape: Square', 'Measurements: 103.54 Height/Inches, 90 Width/Inches, 90 Depth/Inches', 'Weight (lb.): 13 Lb', 'Assembly: Assembly Required']",0.0,0.0,ORIGINAL,False,False,79109510042,USD,safavieh,"[{'colorName': 'Navy White', 'swatchImageId': 'DP0310202109020507S.tif', 'colorizedImageId': 'DP0310202109020495M.tif', 'colorSeqNum': 1, 'skuId': '79109510018', 'defaultSwatch': False, 'skuAltImages': [{'imgId': 'DP0310202109020530M.tif', 'colorSeq': 0}, {'imgId': 'DP0310202109020552M.tif', 'colorSeq': 1}, {'imgId': 'DP0310202109020541M.tif', 'colorSeq': 2}]}, {'colorName': 'Beige White', 'swatchImageId': 'DP0310202109020502S.tif', 'colorizedImageId': 'DP0310202109020491M.tif', 'colorSeqNum': 2, 'skuId': '79109510026', 'defaultSwatch': False, 'skuAltImages': [{'imgId': 'DP0310202109020527M.tif', 'colorSeq': 0}, {'imgId': 'DP0310202109020548M.tif', 'colorSeq': 1}, {'imgId': 'DP0310202109020537M.tif', 'colorSeq': 2}]}, {'colorName': 'White Black', 'swatchImageId': 'DP0310202109020511S.tif', 'colorizedImageId': 'DP0310202109020498M.tif', 'colorSeqNum': 3, 'skuId': '79109510034', 'defaultSwatch': False, 'skuAltImages': [{'imgId': 'DP0310202109020534M.tif', 'colorSeq': 0}, {'imgId': 'DP0310202109020556M.tif', 'colorSeq': 1}, {'imgId': 'DP0310202109020545M.tif', 'colorSeq': 2}]}, {'colorName': 'Yellow', 'swatchImageId': 'DP0903202407283548S.tif', 'colorizedImageId': 'DP0903202407283140M.tif', 'colorSeqNum': 4, 'skuId': '79109510042', 'defaultSwatch': False, 'skuAltImages': [{'imgId': 'DP0903202407283345M.tif', 'colorSeq': 0}, {'imgId': 'DP0903202407283751M.tif', 'colorSeq': 1}, {'imgId': 'DP0903202407282937M.tif', 'colorSeq': 2}]}, {'colorName': 'Red', 'swatchImageId': 'DP0903202407283447S.tif', 'colorizedImageId': 'DP0903202407283039M.tif', 'colorSeqNum': 5, 'skuId': '79109510059', 'defaultSwatch': False, 'skuAltImages': [{'imgId': 'DP0903202407283243M.tif', 'colorSeq': 0}, {'imgId': 'DP0903202407283650M.tif', 'colorSeq': 1}, {'imgId': 'DP0903202407282835M.tif', 'colorSeq': 2}]}]",/p/safavieh-elegant-patio-collection-patio-umbrella/ppr5008094071?pTmplType=regular&searchTerm=patio+and+outdoor+furniture&geoZip=55057,"[{'message': 'Online Only', 'icon': 'mouse'}, {'message': 'Available for Shipping', 'icon': 'check'}]",False,791,True,369.0,369.0,GIFTWRAP,False,False,2021-03-10T22:04:23,DP0310202109020495M.tif,DP0310202109020530M.tif,,,https://www.jcpenney.com/p/safavieh-elegant-patio-collection-patio-umbrella/ppr5008094071?pTmplType=regular&searchTerm=patio+and+outdoor+furniture&geoZip=55057,20251225,patio and outdoor furniture
Safavieh Venice Patio Collection Patio Umbrella,ppr5008094066,,,480.0,480.0,480.0,480.0,ORIGINAL,False,False,available online only,False,False,original,False,True,"['Features: Uv Protection, Collapsible, Weather Resistant', 'Shape: Rectangle', 'Measurements: 78.74 Depth/Inches, 118.11 Width/Inches, 106.31 Height/Inches', 'Weight (lb.): 21 Lb', 'Assembly: Assembly Required']",0.0,0.0,ORIGINAL,False,False,79109460034,USD,safavieh,"[{'colorName': 'Navy White', 'swatchImageId': 'DP0310202109020189S.tif', 'colorizedImageId': 'DP0310202109020181M.tif', 'colorSeqNum': 1, 'skuId': '79109460018', 'defaultSwatch': False, 'skuAltImages': [{'imgId': 'DP0310202109020206M.tif', 'colorSeq': 0}, {'imgId': 'DP0310202109020223M.tif', 'colorSeq': 1}, {'imgId': 'DP0310202109020214M.tif', 'colorSeq': 2}]}, {'colorName': 'White Black', 'swatchImageId': 'DP0310202109020194S.tif', 'colorizedImageId': 'DP0310202109020185M.tif', 'colorSeqNum': 2, 'skuId': '79109460026', 'defaultSwatch': False, 'skuAltImages': [{'imgId': 'DP0310202109020210M.tif', 'colorSeq': 0}, {'imgId': 'DP0310202109020219M.tif', 'colorSeq': 1}, {'imgId': 'DP0310202109020202M.tif', 'colorSeq': 2}]}, {'colorName': 'Grey', 'swatchImageId': 'DP0903202407280389S.tif', 'colorizedImageId': 'DP0903202407275779M.tif', 'colorSeqNum': 3, 'skuId': '79109460034', 'defaultSwatch': False, 'skuAltImages': [{'imgId': 'DP0903202407280084M.tif', 'colorSeq': 0}, {'imgId': 'DP0903202407280694M.tif', 'colorSeq': 1}, {'imgId': 'DP0903202407275474M.tif', 'colorSeq': 2}]}, {'colorName': 'Red', 'swatchImageId': 'DP0903202407280491S.tif', 'colorizedImageId': 'DP0903202407275880M.tif', 'colorSeqNum': 4, 'skuId': '79109460042', 'defaultSwatch': False, 'skuAltImages': [{'imgId': 'DP0903202407280186M.tif', 'colorSeq': 0}, {'imgId': 'DP0903202407275576M.tif', 'colorSeq': 1}, {'imgId': 'DP0903202407275270M.tif', 'colorSeq': 2}]}, {'colorName': 'Yellow', 'swatchImageId': 'DP0903202407280592S.tif', 'colorizedImageId': 'DP0903202407275982M.tif', 'colorSeqNum': 5, 'skuId': '79109460059', 'defaultSwatch': False, 'skuAltImages': [{'imgId': 'DP0903202407280287M.tif', 'colorSeq': 0}, {'imgId': 'DP0903202407275677M.tif', 'colorSeq': 1}, {'imgId': 'DP0903202407275372M.tif', 'colorSeq': 2}]}]",/p/safavieh-venice-patio-collection-patio-umbrella/ppr5008094066?pTmplType=regular&searchTerm=patio+and+outdoor+furniture&geoZip=55057,"[{'message': 'Online Only', 'icon': 'mouse'}, {'message': 'Available for Shipping', 'icon': 'check'}]",False,791,True,432.0,432.0,GIFTWRAP,False,False,2021-03-10T22:04:21,DP0310202109020181M.tif,DP0310202109020206M.tif,,,https://www.jcpenney.com/p/safavieh-venice-patio-collection-patio-umbrella/ppr5008094066?pTmplType=regular&searchTerm=patio+and+outdoor+furniture&geoZip=55057,20251225,patio and outdoor furniture
Safavieh Venice Patio Collection Patio Umbrella,ppr5008094058,,,490.0,490.0,490.0,490.0,ORIGINAL,False,False,available online only,False,False,original,False,True,"['Features: Weather Resistant, Uv Protection, Collapsible', 'Shape: Octagon', 'Measurements: 99.61 Height/Inches, 101.18 Depth/Inches, 101.18 Width/Inches', 'Diameter: 9 Ft', 'Weight (lb.): 16 Lb']",0.0,0.0,ORIGINAL,False,False,79109380018,USD,safavieh,"[{'colorName': 'Navy White', 'swatchImageId': 'DP0310202109015749S.tif', 'colorizedImageId': 'DP0310202109015741M.tif', 'colorSeqNum': 1, 'skuId': '79109380018', 'defaultSwatch': False, 'skuAltImages': [{'imgId': 'DP0310202109015764M.tif', 'colorSeq': 0}, {'imgId': 'DP0310202109015779M.tif', 'colorSeq': 1}, {'imgId': 'DP0310202109015771M.tif', 'colorSeq': 2}]}, {'colorName': 'White Black', 'swatchImageId': 'DP0310202109015753S.tif', 'colorizedImageId': 'DP0310202109015745M.tif', 'colorSeqNum': 2, 'skuId': '79109380026', 'defaultSwatch': False, 'skuAltImages': [{'imgId': 'DP0310202109015768M.tif', 'colorSeq': 0}, {'imgId': 'DP0310202109015783M.tif', 'colorSeq': 1}, {'imgId': 'DP0310202109015775M.tif', 'colorSeq': 2}]}, {'colorName': 'Grey', 'swatchImageId': 'DP0903202407262310S.tif', 'colorizedImageId': 'DP0903202407261700M.tif', 'colorSeqNum': 3, 'skuId': '79109380034', 'defaultSwatch': False, 'skuAltImages': [{'imgId': 'DP0903202407262005M.tif', 'colorSeq': 0}, {'imgId': 'DP0903202407262616M.tif', 'colorSeq': 1}, {'imgId': 'DP0903202407261395M.tif', 'colorSeq': 2}]}, {'colorName': 'Red', 'swatchImageId': 'DP0903202407262412S.tif', 'colorizedImageId': 'DP0903202407261802M.tif', 'colorSeqNum': 4, 'skuId': '79109380042', 'defaultSwatch': False, 'skuAltImages': [{'imgId': 'DP0903202407262107M.tif', 'colorSeq': 0}, {'imgId': 'DP0903202407261497M.tif', 'colorSeq': 1}, {'imgId': 'DP0903202407261192M.tif', 'colorSeq': 2}]}, {'colorName': 'Yellow', 'swatchImageId': 'DP0903202407262514S.tif', 'colorizedImageId': 'DP0903202407261904M.tif', 'colorSeqNum': 5, 'skuId': '79109380059', 'defaultSwatch': False, 'skuAltImages': [{'imgId': 'DP0903202407262208M.tif', 'colorSeq': 0}, {'imgId': 'DP0903202407261598M.tif', 'colorSeq': 1}, {'imgId': 'DP0903202407261293M.tif', 'colorSeq': 2}]}]",/p/safavieh-venice-patio-collection-patio-umbrella/ppr5008094058?pTmplType=regular&searchTerm=patio+and+outdoor+furniture&geoZip=55057,"[{'message': 'Online Only', 'icon': 'mouse'}, {'message': 'Available for Shipping', 'icon': 'check'}]",False,791,True,441.0,441.0,GIFTWRAP,False,False,2021-03-10T22:04:18,DP0310202109015741M.tif,DP0310202109015764M.tif,,,https://www.jcpenney.com/p/safavieh-venice-patio-collection-patio-umbrella/ppr5008094058?pTmplType=regular&searchTerm=patio+and+outdoor+furniture&geoZip=55057,20251225,patio and outdoor furniture
Square Patio Umbrella,ppr5007987644,,,240.0,240.0,240.0,240.0,ORIGINAL,False,False,available online only,False,False,original,False,True,"['Features: Uv Protection', 'Assembly: Ready-To-Assemble', 'Base Material: 100% Steel', 'Finish: Painted', 'Care: Wipe Clean, Spot Clean']",0.0,0.0,ORIGINAL,False,False,79105830075,USD,more brands,"[{'colorName': 'Crimson Red', 'swatchImageId': 'DP0316202107025795S.tif', 'colorizedImageId': 'DP0316202107025743M.tif', 'colorSeqNum': 1, 'skuId': '79105830117', 'defaultSwatch': False, 'skuAltImages': [{'imgId': 'DP0316202107025850M.tif', 'colorSeq': 0}, {'imgId': 'DP0316202107030225M.tif', 'colorSeq': 1}, {'imgId': 'DP0316202107030171M.tif', 'colorSeq': 2}]}, {'colorName': 'Warm White', 'swatchImageId': 'DP0316202107025829S.tif', 'colorizedImageId': 'DP0316202107025773M.tif', 'colorSeqNum': 4, 'skuId': '79105830026', 'defaultSwatch': False, 'skuAltImages': [{'imgId': 'DP0316202107025888M.tif', 'colorSeq': 0}, {'imgId': 'DP0316202107030253M.tif', 'colorSeq': 1}, {'imgId': 'DP0316202107030202M.tif', 'colorSeq': 2}]}, {'colorName': 'Lime Green', 'swatchImageId': 'DP0316202107025803S.tif', 'colorizedImageId': 'DP0316202107025752M.tif', 'colorSeqNum': 8, 'skuId': '79105830075', 'defaultSwatch': False, 'skuAltImages': [{'imgId': 'DP0316202107025859M.tif', 'colorSeq': 0}, {'imgId': 'DP0316202107030233M.tif', 'colorSeq': 1}, {'imgId': 'DP0316202107030181M.tif', 'colorSeq': 2}]}, {'colorName': 'Yellow', 'swatchImageId': 'DP0316202107025839S.tif', 'colorizedImageId': 'DP0316202107025781M.tif', 'colorSeqNum': 10, 'skuId': '79105830091', 'defaultSwatch': False, 'skuAltImages': [{'imgId': 'DP0316202107025897M.tif', 'colorSeq': 0}, {'imgId': 'DP0316202107030262M.tif', 'colorSeq': 1}, {'imgId': 'DP0316202107030210M.tif', 'colorSeq': 2}]}]",/p/square-patio-umbrella/ppr5007987644?pTmplType=regular&searchTerm=patio+and+outdoor+furniture&geoZip=55057,"[{'message': 'Online Only', 'icon': 'mouse'}, {'message': 'Available for Shipping', 'icon': 'check'}]",False,791,True,216.0,216.0,GIFTWRAP,False,False,2020-09-08T15:03:33,DP0316202107025743M.tif,DP0316202107025850M.tif,,,https://www.jcpenney.com/p/square-patio-umbrella/ppr5007987644?pTmplType=regular&searchTerm=patio+and+outdoor+furniture&geoZip=55057,20251225,patio and outdoor furniture
Safavieh Iris Patio Collection Patio Umbrella,ppr5008094070,,,390.0,390.0,390.0,390.0,ORIGINAL,False,False,available online only,False,False,original,False,True,"['Features: Collapsible, Weather Resistant, Uv Protection', 'Shape: Square', 'Measurements: 103.54 Height/Inches, 90 Depth/Inches, 90 Width/Inches', 'Weight (lb.): 13 Lb', 'Assembly: Assembly Required']",0.0,0.0,ORIGINAL,False,False,79109500018,USD,safavieh,"[{'colorName': 'Black White', 'swatchImageId': 'DP0310202109020435S.tif', 'colorizedImageId': 'DP0310202109020424M.tif', 'colorSeqNum': 1, 'skuId': '79109500018', 'defaultSwatch': False, 'skuAltImages': [{'imgId': 'DP0310202109020457M.tif', 'colorSeq': 0}, {'imgId': 'DP0310202109020480M.tif', 'colorSeq': 1}, {'imgId': 'DP0310202109020468M.tif', 'colorSeq': 2}]}, {'colorName': 'Navy White', 'swatchImageId': 'DP0310202109020443S.tif', 'colorizedImageId': 'DP0310202109020432M.tif', 'colorSeqNum': 2, 'skuId': '79109500026', 'defaultSwatch': False, 'skuAltImages': [{'imgId': 'DP0310202109020465M.tif', 'colorSeq': 0}, {'imgId': 'DP0310202109020487M.tif', 'colorSeq': 1}, {'imgId': 'DP0310202109020476M.tif', 'colorSeq': 2}]}, {'colorName': 'Grey White', 'swatchImageId': 'DP0310202109020439S.tif', 'colorizedImageId': 'DP0310202109020428M.tif', 'colorSeqNum': 3, 'skuId': '79109500034', 'defaultSwatch': False, 'skuAltImages': [{'imgId': 'DP0310202109020461M.tif', 'colorSeq': 0}, {'imgId': 'DP0310202109020483M.tif', 'colorSeq': 1}, {'imgId': 'DP0310202109020472M.tif', 'colorSeq': 2}]}]",/p/safavieh-iris-patio-collection-patio-umbrella/ppr5008094070?pTmplType=regular&searchTerm=patio+and+outdoor+furniture&geoZip=55057,"[{'message': 'Online Only', 'icon': 'mouse'}, {'message': 'Available for Shipping', 'icon': 'check'}]",False,791,True,351.0,351.0,GIFTWRAP,False,False,2021-03-10T22:04:22,DP0310202109020424M.tif,DP0310202109020457M.tif,,,https://www.jcpenney.com/p/safavieh-iris-patio-collection-patio-umbrella/ppr5008094070?pTmplType=regular&searchTerm=patio+and+outdoor+furniture&geoZip=55057,20251225,patio and outdoor furniture
Safavieh Hurst Patio Collection Patio Umbrella,ppr5008094033,,,310.0,310.0,310.0,310.0,ORIGINAL,False,False,available online only,False,False,original,False,True,"['Features: Collapsible, Weather Resistant, Uv Protection', 'Shape: Octagon', 'Measurements: 103.15 Width/Inches, 92.12 Height/Inches, 103.15 Depth/Inches', 'Diameter: 9 Ft', 'Weight (lb.): 13 Lb']",0.0,0.0,ORIGINAL,False,False,79109130026,USD,safavieh,"[{'colorName': 'Navy', 'swatchImageId': 'DP0310202107032376S.tif', 'colorizedImageId': 'DP0310202107032364M.tif', 'colorSeqNum': 1, 'skuId': '79109130018', 'defaultSwatch': False, 'skuAltImages': [{'imgId': 'DP0310202107032402M.tif', 'colorSeq': 0}, {'imgId': 'DP0310202107032424M.tif', 'colorSeq': 1}, {'imgId': 'DP0310202107032413M.tif', 'colorSeq': 2}]}, {'colorName': 'Black', 'swatchImageId': 'DP0310202107032372S.tif', 'colorizedImageId': 'DP0310202107032360M.tif', 'colorSeqNum': 2, 'skuId': '79109130026', 'defaultSwatch': False, 'skuAltImages': [{'imgId': 'DP0310202107032398M.tif', 'colorSeq': 0}, {'imgId': 'DP0310202107032420M.tif', 'colorSeq': 1}, {'imgId': 'DP0310202107032409M.tif', 'colorSeq': 2}]}, {'colorName': 'White', 'swatchImageId': 'DP0310202107032381S.tif', 'colorizedImageId': 'DP0310202107032368M.tif', 'colorSeqNum': 3, 'skuId': '79109130034', 'defaultSwatch': False, 'skuAltImages': [{'imgId': 'DP0310202107032405M.tif', 'colorSeq': 0}, {'imgId': 'DP0310202107032428M.tif', 'colorSeq': 1}, {'imgId': 'DP0310202107032417M.tif', 'colorSeq': 2}]}]",/p/safavieh-hurst-patio-collection-patio-umbrella/ppr5008094033?pTmplType=regular&searchTerm=patio+and+outdoor+furniture&geoZip=55057,"[{'message': 'Online Only', 'icon': 'mouse'}, {'message': 'Available for Shipping', 'icon': 'check'}]",False,791,True,279.0,279.0,GIFTWRAP,False,False,2021-03-10T22:04:05,DP0310202107032364M.tif,DP0310202107032402M.tif,,,https://www.jcpenney.com/p/safavieh-hurst-patio-collection-patio-umbrella/ppr5008094033?pTmplType=regular&searchTerm=patio+and+outdoor+furniture&geoZip=55057,20251225,patio and outdoor furniture
Iris Outdoor Patio Umbrella,ppr5008212537,,,480.0,480.0,480.0,480.0,ORIGINAL,False,False,available online only,False,False,original,False,True,"['Features: Quick Ship, Uv Protection, Weather Resistant, Collapsible', 'Shape: Octagon', 'Measurements: 99.61 Height/Inches, 101.18 Length/Inches, 101.18 Depth/Inches', 'Diameter: 9 Ft', 'Weight (lb.): 15 Lb']",0.0,0.0,ORIGINAL,False,False,79114480018,USD,safavieh,"[{'colorName': 'Navy White', 'swatchImageId': 'DP0127202211022182S.tif', 'colorizedImageId': 'DP0127202211022164M.tif', 'colorSeqNum': 1, 'skuId': '79114480018', 'defaultSwatch': False, 'skuAltImages': [{'imgId': 'DP0127202211022192M.tif', 'colorSeq': 0}, {'imgId': 'DP0127202211022155M.tif', 'colorSeq': 1}, {'imgId': 'DP0127202211022173M.tif', 'colorSeq': 2}]}, {'colorName': 'Grey White', 'swatchImageId': 'DP0127202211022178S.tif', 'colorizedImageId': 'DP0127202211022160M.tif', 'colorSeqNum': 2, 'skuId': '79114480026', 'defaultSwatch': False, 'skuAltImages': [{'imgId': 'DP0127202211022187M.tif', 'colorSeq': 0}, {'imgId': 'DP0127202211022151M.tif', 'colorSeq': 1}, {'imgId': 'DP0127202211022169M.tif', 'colorSeq': 2}]}]",/p/iris-outdoor-patio-umbrella/ppr5008212537?pTmplType=regular&searchTerm=patio+and+outdoor+furniture&geoZip=55057,"[{'message': 'Online Only', 'icon': 'mouse'}, {'message': 'Available for Shipping', 'icon': 'check'}]",False,791,True,432.0,432.0,GIFTWRAP,False,False,2022-01-27T22:04:20,DP0127202211022164M.tif,DP0127202211022192M.tif,,,https://www.jcpenney.com/p/iris-outdoor-patio-umbrella/ppr5008212537?pTmplType=regular&searchTerm=patio+and+outdoor+furniture&geoZip=55057,20251225,patio and outdoor furniture
Patio Umbrella,ppr5008255102,,,430.4,430.4,430.4,430.4,ORIGINAL,False,False,available online only,False,False,original,False,True,"['Features: Tiltable, Quick Ship', 'Manufacturer Warranty: 1 Year', 'Shape: Octagon', 'Measurements: 103 Width/Inches, 103 Depth/Inches, 92.5 Height/Inches', 'Diameter: 9 Ft']",0.0,0.0,ORIGINAL,False,False,79119880018,USD,more brands,"[{'colorName': 'Dark Blue', 'swatchImageId': 'DP0614202207161717S.tif', 'colorizedImageId': 'DP0614202207161612M.tif', 'colorSeqNum': 1, 'skuId': '79119880018', 'defaultSwatch': False, 'skuAltImages': [{'imgId': 'DP0614202207162344M.tif', 'colorSeq': 0}, {'imgId': 'DP0614202207162241M.tif', 'colorSeq': 1}, {'imgId': 'DP0614202207162136M.tif', 'colorSeq': 2}]}]",/p/patio-umbrella/ppr5008255102?pTmplType=regular&searchTerm=patio+and+outdoor+furniture&geoZip=55057,"[{'message': 'Online Only', 'icon': 'mouse'}, {'message': 'Available for Shipping', 'icon': 'check'}]",False,791,True,387.36,387.36,GIFTWRAP,False,False,2022-06-15T17:11:50,DP0614202207161612M.tif,DP0614202207162344M.tif,,,https://www.jcpenney.com/p/patio-umbrella/ppr5008255102?pTmplType=regular&searchTerm=patio+and+outdoor+furniture&geoZip=55057,20251225,patio and outdoor furniture
Patio Umbrella,ppr5008255099,,,940.0,940.0,940.0,940.0,ORIGINAL,False,False,available online only,False,False,original,False,True,"['Features: Quick Ship, Solar Powered', 'Manufacturer Warranty: 1 Year', 'Shape: Octagon', 'Measurements: 127 Width/Inches, 115.5 Depth/Inches, 94.5 Height/Inches', 'Diameter: 9 Ft']",0.0,0.0,ORIGINAL,False,False,79119850018,USD,more brands,"[{'colorName': 'Dark Blue', 'swatchImageId': 'DP0614202207152719S.tif', 'colorizedImageId': 'DP0614202207152616M.tif', 'colorSeqNum': 1, 'skuId': '79119850018', 'defaultSwatch': False, 'skuAltImages': [{'imgId': 'DP0614202207153544M.tif', 'colorSeq': 0}, {'imgId': 'DP0614202207153441M.tif', 'colorSeq': 1}, {'imgId': 'DP0614202207153336M.tif', 'colorSeq': 2}]}]",/p/patio-umbrella/ppr5008255099?pTmplType=regular&searchTerm=patio+and+outdoor+furniture&geoZip=55057,"[{'message': 'Online Only', 'icon': 'mouse'}, {'message': 'Available for Shipping', 'icon': 'check'}]",False,791,True,705.0,705.0,RECLINER,False,False,2022-06-30T21:03:52,DP0614202207152616M.tif,DP0614202207153544M.tif,,,https://www.jcpenney.com/p/patio-umbrella/ppr5008255099?pTmplType=regular&searchTerm=patio+and+outdoor+furniture&geoZip=55057,20251225,patio and outdoor furniture
Safavieh Tiki Patio Collection Patio Umbrella,ppr5008094044,,,530.0,530.0,530.0,530.0,ORIGINAL,False,False,available online only,False,False,original,False,True,"['Features: Collapsible', 'Shape: Octagon', 'Measurements: 100.79 Depth/Inches', 'Diameter: 9 Ft', 'Weight (lb.): 13 Lb']",0.0,0.0,ORIGINAL,False,False,79109240018,USD,safavieh,"[{'colorName': 'Tan', 'swatchImageId': 'DP0310202109015077S.tif', 'colorizedImageId': 'DP0310202109015073M.tif', 'colorSeqNum': 1, 'skuId': '79109240018', 'defaultSwatch': False, 'skuAltImages': [{'imgId': 'DP0310202109015085M.tif', 'colorSeq': 0}, {'imgId': 'DP0310202109015089M.tif', 'colorSeq': 1}, {'imgId': 'DP0310202109015093M.tif', 'colorSeq': 2}]}]",/p/safavieh-tiki-patio-collection-patio-umbrella/ppr5008094044?pTmplType=regular&searchTerm=patio+and+outdoor+furniture&geoZip=55057,"[{'message': 'Online Only', 'icon': 'mouse'}, {'message': 'Available for Shipping', 'icon': 'check'}]",False,791,True,477.0,477.0,GIFTWRAP,False,False,2021-03-16T12:10:14,DP0310202109015073M.tif,DP0310202109015085M.tif,,,https://www.jcpenney.com/p/safavieh-tiki-patio-collection-patio-umbrella/ppr5008094044?pTmplType=regular&searchTerm=patio+and+outdoor+furniture&geoZip=55057,20251225,patio and outdoor furniture
Modesta 2-pc. Lounge Set,ppr5008429788,,,1450.0,1450.0,1450.0,1450.0,ORIGINAL,False,False,available online only,False,False,original,False,True,"['# Pieces In Set: 2', 'Included: 2 Chair(s)', 'Features: Adjustable, Weather Resistant, Easy Care', 'Manufacturer Warranty: 90 Days Limited', 'Seating Capacity: 2']",0.0,0.0,ORIGINAL,False,False,79129200018,USD,more brands,"[{'colorName': 'Black', 'swatchImageId': 'DP1001202407203782S.tif', 'colorizedImageId': 'DP1001202407203477M.tif', 'colorSeqNum': 1, 'skuId': '79129200018', 'defaultSwatch': False, 'skuAltImages': [{'imgId': 'DP1001202407203579M.tif', 'colorSeq': 0}, {'imgId': 'DP1028202409201378M.tif', 'colorSeq': 1}, {'imgId': 'DP1028202409201276M.tif', 'colorSeq': 2}]}]",/p/modesta-2-pc-lounge-set/ppr5008429788?pTmplType=regular&searchTerm=patio+and+outdoor+furniture&geoZip=55057,"[{'message': 'Online Only', 'icon': 'mouse'}, {'message': 'Available for Shipping', 'icon': 'check'}]",False,791,True,1087.5,1087.5,RECLINER,False,False,2024-10-01T22:02:49,DP1001202407203477M.tif,DP1001202407203579M.tif,,,https://www.jcpenney.com/p/modesta-2-pc-lounge-set/ppr5008429788?pTmplType=regular&searchTerm=patio+and+outdoor+furniture&geoZip=55057,20251225,patio and outdoor furniture
5-pc. Bistro Set,ppr5008336599,,,920.0,920.0,920.0,920.0,ORIGINAL,False,False,available online only,False,False,original,False,True,"['# Pieces In Set: 5', 'Included: 2 Chair(s), 1 Table(s), 2 Seat Cushion(s)', 'Features: Upholstered, 4 Legs, Quick Ship', 'Seating Capacity: 2', 'Shape: Circle']",0.0,0.0,ORIGINAL,False,False,79122030018,USD,more brands,"[{'colorName': 'Brown Beige Teak', 'swatchImageId': 'DP0314202309220275S.tif', 'colorizedImageId': 'DP0314202309215860M.tif', 'colorSeqNum': 1, 'skuId': '79122030018', 'defaultSwatch': False, 'skuAltImages': [{'imgId': 'DP0314202309215963M.tif', 'colorSeq': 0}, {'imgId': 'DP0314202309220067M.tif', 'colorSeq': 1}, {'imgId': 'DP0314202309215653M.tif', 'colorSeq': 2}]}]",/p/5-pc-bistro-set/ppr5008336599?pTmplType=regular&searchTerm=patio+and+outdoor+furniture&geoZip=55057,"[{'message': 'Online Only', 'icon': 'mouse'}, {'message': 'Available for Shipping', 'icon': 'check'}]",False,791,True,690.0,690.0,RECLINER,False,False,2023-03-14T22:09:57,DP0314202309215860M.tif,DP0314202309215963M.tif,,,https://www.jcpenney.com/p/5-pc-bistro-set/ppr5008336599?pTmplType=regular&searchTerm=patio+and+outdoor+furniture&geoZip=55057,20251225,patio and outdoor furniture
Safavieh Lersa Patio Collection 3-pc. Bistro Set,ppr5008095971,,,920.0,920.0,920.0,920.0,ORIGINAL,False,False,available online only,False,False,original,False,True,"['# Pieces In Set: 3', 'Included: 1 Table(s), 2 Seat Cushion(s), 2 Chair(s)', 'Features: Removable Cushions, Quick Ship, Weather Resistant', 'Joinery: Welded Joint, Nailed, Screwed', 'Seating Capacity: 2']",0.0,0.0,ORIGINAL,False,False,79111000026,USD,safavieh,"[{'colorName': 'Natural Navy', 'swatchImageId': 'DP0108202507015830S.tif', 'colorizedImageId': 'DP0903202409152395M.tif', 'colorSeqNum': 1, 'skuId': '79111000026', 'defaultSwatch': False, 'skuAltImages': [{'imgId': 'DP0903202409153006M.tif', 'colorSeq': 0}, {'imgId': 'DP0903202409152700M.tif', 'colorSeq': 1}, {'imgId': 'DP0903202409152904M.tif', 'colorSeq': 2}]}]",/p/safavieh-lersa-patio-collection-3-pc-bistro-set/ppr5008095971?pTmplType=regular&searchTerm=patio+and+outdoor+furniture&geoZip=55057,"[{'message': 'Online Only', 'icon': 'mouse'}, {'message': 'Available for Shipping', 'icon': 'check'}]",False,791,True,690.0,690.0,RECLINER,False,False,2021-05-11T11:03:17,DP0903202409152395M.tif,DP0903202409153006M.tif,,,https://www.jcpenney.com/p/safavieh-lersa-patio-collection-3-pc-bistro-set/ppr5008095971?pTmplType=regular&searchTerm=patio+and+outdoor+furniture&geoZip=55057,20251225,patio and outdoor furniture
Safavieh Kendrick 2-pc. Dining Chair,ppr5008445660,,,670.0,670.0,670.0,670.0,ORIGINAL,False,False,available online only,False,False,original,False,True,"['# Pieces In Set: 2', 'Included: 2 Seat Cushion(s), 2 Chair(s)', 'Features: Cushioned, Quick Ship', 'Joinery: Screwed', 'Seating Capacity: 2']",0.0,0.0,ORIGINAL,False,False,79130720026,USD,safavieh,"[{'colorName': 'Brown Sand', 'swatchImageId': 'DP0423202409114623S.tif', 'colorizedImageId': 'DP0423202409114216M.tif', 'colorSeqNum': 1, 'skuId': '79130720018', 'defaultSwatch': False, 'skuAltImages': [{'imgId': 'DP0423202409114420M.tif', 'colorSeq': 0}, {'imgId': 'DP0423202409113808M.tif', 'colorSeq': 1}, {'imgId': 'DP0423202409115030M.tif', 'colorSeq': 2}]}, {'colorName': 'Black White', 'swatchImageId': 'DP0423202409114521S.tif', 'colorizedImageId': 'DP0423202409114114M.tif', 'colorSeqNum': 2, 'skuId': '79130720026', 'defaultSwatch': False, 'skuAltImages': [{'imgId': 'DP0423202409114318M.tif', 'colorSeq': 0}, {'imgId': 'DP0423202409113706M.tif', 'colorSeq': 1}, {'imgId': 'DP0423202409114929M.tif', 'colorSeq': 2}]}]",/p/safavieh-kendrick-2-pc-dining-chair/ppr5008445660?pTmplType=regular&searchTerm=patio+and+outdoor+furniture&geoZip=55057,"[{'message': 'Online Only', 'icon': 'mouse'}, {'message': 'Available for Shipping', 'icon': 'check'}]",False,791,True,603.0,603.0,GIFTWRAP,False,False,2024-04-23T22:03:49,DP0423202409114216M.tif,DP0423202409114420M.tif,,,https://www.jcpenney.com/p/safavieh-kendrick-2-pc-dining-chair/ppr5008445660?pTmplType=regular&searchTerm=patio+and+outdoor+furniture&geoZip=55057,20251225,patio and outdoor furniture
Safavieh French 2-pc. Dining Chair,ppr5008445658,,,560.0,560.0,560.0,560.0,ORIGINAL,False,False,available online only,False,False,original,False,True,"['# Pieces In Set: 2', 'Included: 2 Chair(s)', 'Features: Quick Ship, Stackable', 'Joinery: Welded Joint', 'Seating Capacity: 2']",0.0,0.0,ORIGINAL,False,False,79130700018,USD,safavieh,"[{'colorName': 'Gray', 'swatchImageId': 'DP0423202409112280S.tif', 'colorizedImageId': 'DP0423202409112076M.tif', 'colorSeqNum': 1, 'skuId': '79130700018', 'defaultSwatch': False, 'skuAltImages': [{'imgId': 'DP0423202409112178M.tif', 'colorSeq': 0}, {'imgId': 'DP0423202409112381M.tif', 'colorSeq': 1}, {'imgId': 'DP0423202409112585M.tif', 'colorSeq': 2}]}]",/p/safavieh-french-2-pc-dining-chair/ppr5008445658?pTmplType=regular&searchTerm=patio+and+outdoor+furniture&geoZip=55057,"[{'message': 'Online Only', 'icon': 'mouse'}, {'message': 'Available for Shipping', 'icon': 'check'}]",False,791,True,504.0,504.0,GIFTWRAP,False,False,2024-04-23T22:03:49,DP0423202409112076M.tif,DP0423202409112178M.tif,,,https://www.jcpenney.com/p/safavieh-french-2-pc-dining-chair/ppr5008445658?pTmplType=regular&searchTerm=patio+and+outdoor+furniture&geoZip=55057,20251225,patio and outdoor furniture
4-pc. Dining Chair,ppr5008336757,,,510.0,510.0,510.0,510.0,ORIGINAL,False,False,available online only,False,False,original,False,True,"['# Pieces In Set: 4', 'Included: 2 Chair(s), 2 Seat Cushion(s)', 'Features: Quick Ship, 4 Legs, Water Resistant', 'Seating Capacity: 2', 'Tools Required: Allen Wrench (included), Screws (included)']",0.0,0.0,ORIGINAL,False,False,79122550018,USD,more brands,"[{'colorName': 'Gray', 'swatchImageId': 'DP0314202309304085S.tif', 'colorizedImageId': 'DP0314202309303668M.tif', 'colorSeqNum': 1, 'skuId': '79122550018', 'defaultSwatch': False, 'skuAltImages': [{'imgId': 'DP0314202309303772M.tif', 'colorSeq': 0}, {'imgId': 'DP0314202309303877M.tif', 'colorSeq': 1}, {'imgId': 'DP0314202309303459M.tif', 'colorSeq': 2}]}]",/p/4-pc-dining-chair/ppr5008336757?pTmplType=regular&searchTerm=patio+and+outdoor+furniture&geoZip=55057,"[{'message': 'Online Only', 'icon': 'mouse'}, {'message': 'Available for Shipping', 'icon': 'check'}]",False,791,True,459.0,459.0,GIFTWRAP,False,False,2023-03-14T22:10:10,DP0314202309303668M.tif,DP0314202309303772M.tif,,,https://www.jcpenney.com/p/4-pc-dining-chair/ppr5008336757?pTmplType=regular&searchTerm=patio+and+outdoor+furniture&geoZip=55057,20251225,patio and outdoor furniture
Cordoba 2-pc. Dining Chair,ppr5008333945,,,515.0,515.0,515.0,515.0,ORIGINAL,False,False,available online only,False,False,original,False,True,"['# Pieces In Set: 2', 'Included: 2 Chair(s)', 'Features: Water Resistant, Quick Ship', 'Manufacturer Warranty: 90 Days Limited', 'Seating Capacity: 2']",0.0,0.0,ORIGINAL,False,False,79121770018,USD,more brands,"[{'colorName': 'Beige', 'swatchImageId': 'DP0223202307233915S.tif', 'colorizedImageId': 'DP0223202307233500M.tif', 'colorSeqNum': 1, 'skuId': '79121770018', 'defaultSwatch': False, 'skuAltImages': [{'imgId': 'DP0223202307233606M.tif', 'colorSeq': 0}, {'imgId': 'DP0223202307233292M.tif', 'colorSeq': 1}, {'imgId': 'DP0223202307233709M.tif', 'colorSeq': 2}]}]",/p/cordoba-2-pc-dining-chair/ppr5008333945?pTmplType=regular&searchTerm=patio+and+outdoor+furniture&geoZip=55057,"[{'message': 'Online Only', 'icon': 'mouse'}, {'message': 'Available for Shipping', 'icon': 'check'}]",False,791,True,463.5,463.5,GIFTWRAP,False,False,2023-02-23T22:03:32,DP0223202307233500M.tif,DP0223202307233606M.tif,,,https://www.jcpenney.com/p/cordoba-2-pc-dining-chair/ppr5008333945?pTmplType=regular&searchTerm=patio+and+outdoor+furniture&geoZip=55057,20251225,patio and outdoor furniture
Positano 2-pc. Dining Chair,ppr5008305711,,,390.0,390.0,390.0,390.0,ORIGINAL,False,False,available online only,False,False,original,False,True,"['# Pieces In Set: 2', 'Included: 2 Chair(s)', 'Features: Folding', 'Manufacturer Warranty: 90 Days Limited', 'Seating Capacity: 2']",0.0,0.0,ORIGINAL,False,False,79121090018,USD,more brands,"[{'colorName': 'Natural', 'swatchImageId': 'DP1107202211435204S.tif', 'colorizedImageId': 'DP1107202211434894M.tif', 'colorSeqNum': 1, 'skuId': '79121090018', 'defaultSwatch': False, 'skuAltImages': [{'imgId': 'DP1107202211434998M.tif', 'colorSeq': 0}, {'imgId': 'DP1107202211434685M.tif', 'colorSeq': 1}, {'imgId': 'DP1107202211435101M.tif', 'colorSeq': 2}]}]",/p/positano-2-pc-dining-chair/ppr5008305711?pTmplType=regular&searchTerm=patio+and+outdoor+furniture&geoZip=55057,"[{'message': 'Online Only', 'icon': 'mouse'}, {'message': 'Available for Shipping', 'icon': 'check'}]",False,791,True,351.0,351.0,GIFTWRAP,False,False,2022-11-08T07:10:45,DP1107202211434894M.tif,DP1107202211434998M.tif,,,https://www.jcpenney.com/p/positano-2-pc-dining-chair/ppr5008305711?pTmplType=regular&searchTerm=patio+and+outdoor+furniture&geoZip=55057,20251225,patio and outdoor furniture
Safavieh Sarita 2-pc. Dining Chair,ppr5008233292,,,880.0,880.0,880.0,880.0,ORIGINAL,False,False,available online only,False,False,original,False,True,"['# Pieces In Set: 2', 'Included: 2 Chair(s)', 'Features: Armless, Weather Resistant, Quick Ship', 'Joinery: Screwed, Welded Joint', 'Seating Capacity: 2']",0.0,0.0,ORIGINAL,False,False,79115180018,USD,safavieh,"[{'colorName': 'Navy White', 'swatchImageId': 'DP0404202207062584S.tif', 'colorizedImageId': 'DP0404202207062570M.tif', 'colorSeqNum': 1, 'skuId': '79115180018', 'defaultSwatch': False, 'skuAltImages': [{'imgId': 'DP0404202207062575M.tif', 'colorSeq': 0}, {'imgId': 'DP0404202207062579M.tif', 'colorSeq': 1}, {'imgId': 'DP0404202207062593M.tif', 'colorSeq': 2}]}]",/p/safavieh-sarita-2-pc-dining-chair/ppr5008233292?pTmplType=regular&searchTerm=patio+and+outdoor+furniture&geoZip=55057,"[{'message': 'Online Only', 'icon': 'mouse'}, {'message': 'Available for Shipping', 'icon': 'check'}]",False,791,True,660.0,660.0,RECLINER,False,False,2022-08-18T19:06:42,DP0404202207062570M.tif,DP0404202207062575M.tif,,,https://www.jcpenney.com/p/safavieh-sarita-2-pc-dining-chair/ppr5008233292?pTmplType=regular&searchTerm=patio+and+outdoor+furniture&geoZip=55057,20251225,patio and outdoor furniture
"Signature Design by Ashley® Beachcroft  2-pc. Outdoor Side Chair with Nuvella Cushion

",ppr5007985169,,,1650.0,1650.0,1650.0,1650.0,ORIGINAL,False,False,available online only,False,False,original,False,True,"['# Pieces In Set: 2', 'Included: 2 Chair(s), 2 Seat Cushion(s)', 'Features: Rust Resistant, Fade Resistant, 4 Legs, Removable Cushions, Uv Protection, Stain Resistant, Cushioned, Weather Resistant', 'Seating Capacity: 2', 'Tools Required: Allen Wrench (included), Screws (included)']",0.0,0.0,ORIGINAL,False,False,79130170026,USD,signature design by ashley,"[{'colorName': 'Black', 'swatchImageId': 'DP0308202411165086S.tif', 'colorizedImageId': 'DP0308202411164882M.tif', 'colorSeqNum': 1, 'skuId': '79130170026', 'defaultSwatch': False, 'skuAltImages': [{'imgId': 'DP0308202411164984M.tif', 'colorSeq': 0}, {'imgId': 'DP0308202411164677M.tif', 'colorSeq': 1}, {'imgId': 'DP0308202411164779M.tif', 'colorSeq': 2}]}]",/p/signature-design-by-ashley-beachcroft-2-pc-outdoor-side-chair-with-nuvella-cushion/ppr5007985169?pTmplType=regular&searchTerm=patio+and+outdoor+furniture&geoZip=55057,"[{'message': 'Online Only', 'icon': 'mouse'}, {'message': 'Available for Shipping', 'icon': 'check'}]",False,791,True,1237.5,1237.5,RECLINER,False,False,2022-03-02T22:05:19,DP0308202411164882M.tif,DP0308202411164984M.tif,,,https://www.jcpenney.com/p/signature-design-by-ashley-beachcroft-2-pc-outdoor-side-chair-with-nuvella-cushion/ppr5007985169?pTmplType=regular&searchTerm=patio+and+outdoor+furniture&geoZip=55057,20251225,patio and outdoor furniture
Safavieh California Counter Height Bar Stool,ppr5008341763,,,730.0,730.0,730.0,730.0,ORIGINAL,False,False,available online only,False,False,original,False,True,"['Included: 1 Stool(s)', 'Seating Capacity: 1', 'Measurements: 22.5 Depth/Inches, 25.5 Width/Inches, 42.5 Height/Inches', 'Dining Height: Counter Height', 'Maximum Weight Limit: 350 Lbs']",0.0,0.0,ORIGINAL,False,False,79122880034,USD,safavieh,"[{'colorName': 'Navy', 'swatchImageId': 'DP0317202307280458S.tif', 'colorizedImageId': 'DP0317202307274389M.tif', 'colorSeqNum': 1, 'skuId': '79122880026', 'defaultSwatch': False, 'skuAltImages': [{'imgId': 'DP0317202307274905M.tif', 'colorSeq': 0}, {'imgId': 'DP0317202307275423M.tif', 'colorSeq': 1}, {'imgId': 'DP0317202307280976M.tif', 'colorSeq': 2}]}, {'colorName': 'Natural', 'swatchImageId': 'DP0317202307280355S.tif', 'colorizedImageId': 'DP0317202307274286M.tif', 'colorSeqNum': 2, 'skuId': '79122880018', 'defaultSwatch': False, 'skuAltImages': [{'imgId': 'DP0317202307274802M.tif', 'colorSeq': 0}, {'imgId': 'DP0317202307275319M.tif', 'colorSeq': 1}, {'imgId': 'DP0317202307280872M.tif', 'colorSeq': 2}]}, {'colorName': 'White', 'swatchImageId': 'DP0317202307280665S.tif', 'colorizedImageId': 'DP0317202307274596M.tif', 'colorSeqNum': 3, 'skuId': '79122880034', 'defaultSwatch': False, 'skuAltImages': [{'imgId': 'DP0317202307275113M.tif', 'colorSeq': 0}, {'imgId': 'DP0317202307275630M.tif', 'colorSeq': 1}, {'imgId': 'DP0317202307281184M.tif', 'colorSeq': 2}]}, {'colorName': 'White Navy', 'swatchImageId': 'DP0317202307280769S.tif', 'colorizedImageId': 'DP0317202307274699M.tif', 'colorSeqNum': 4, 'skuId': '79122880042', 'defaultSwatch': False, 'skuAltImages': [{'imgId': 'DP0317202307275216M.tif', 'colorSeq': 0}, {'imgId': 'DP0317202307275734M.tif', 'colorSeq': 1}, {'imgId': 'DP0317202307281288M.tif', 'colorSeq': 2}]}, {'colorName': 'Navy White', 'swatchImageId': 'DP0317202307280563S.tif', 'colorizedImageId': 'DP0317202307274493M.tif', 'colorSeqNum': 5, 'skuId': '79122880059', 'defaultSwatch': False, 'skuAltImages': [{'imgId': 'DP0317202307275009M.tif', 'colorSeq': 0}, {'imgId': 'DP0317202307275527M.tif', 'colorSeq': 1}, {'imgId': 'DP0317202307281080M.tif', 'colorSeq': 2}]}]",/p/safavieh-california-counter-height-bar-stool/ppr5008341763?pTmplType=regular&searchTerm=patio+and+outdoor+furniture&geoZip=55057,"[{'message': 'Online Only', 'icon': 'mouse'}, {'message': 'Available for Shipping', 'icon': 'check'}]",False,791,True,657.0,657.0,GIFTWRAP,False,False,2023-03-17T22:03:27,DP0317202307274389M.tif,DP0317202307274905M.tif,,,https://www.jcpenney.com/p/safavieh-california-counter-height-bar-stool/ppr5008341763?pTmplType=regular&searchTerm=patio+and+outdoor+furniture&geoZip=55057,20251225,patio and outdoor furniture
Safavieh California Counter Height Bar Stool,ppr5008341762,,,620.0,620.0,620.0,620.0,ORIGINAL,False,False,available online only,False,False,original,False,True,"['Included: 1 Stool(s)', 'Features: Armless', 'Seating Capacity: 1', 'Measurements: 21 Width/Inches, 19.8 Depth/Inches, 42.5 Height/Inches', 'Dining Height: Counter Height']",0.0,0.0,ORIGINAL,False,False,79122870042,USD,safavieh,"[{'colorName': 'Natural', 'swatchImageId': 'DP0317202307270976S.tif', 'colorizedImageId': 'DP0317202307264901M.tif', 'colorSeqNum': 1, 'skuId': '79122870018', 'defaultSwatch': False, 'skuAltImages': [{'imgId': 'DP0317202307265420M.tif', 'colorSeq': 0}, {'imgId': 'DP0317202307265938M.tif', 'colorSeq': 1}, {'imgId': 'DP0317202307271493M.tif', 'colorSeq': 2}]}, {'colorName': 'Navy', 'swatchImageId': 'DP0317202307271080S.tif', 'colorizedImageId': 'DP0317202307265006M.tif', 'colorSeqNum': 2, 'skuId': '79122870026', 'defaultSwatch': False, 'skuAltImages': [{'imgId': 'DP0317202307265524M.tif', 'colorSeq': 0}, {'imgId': 'DP0317202307270042M.tif', 'colorSeq': 1}, {'imgId': 'DP0317202307271598M.tif', 'colorSeq': 2}]}, {'colorName': 'White', 'swatchImageId': 'DP0317202307271287S.tif', 'colorizedImageId': 'DP0317202307265213M.tif', 'colorSeqNum': 3, 'skuId': '79122870034', 'defaultSwatch': False, 'skuAltImages': [{'imgId': 'DP0317202307265730M.tif', 'colorSeq': 0}, {'imgId': 'DP0317202307270249M.tif', 'colorSeq': 1}, {'imgId': 'DP0317202307271806M.tif', 'colorSeq': 2}]}, {'colorName': 'White Navy', 'swatchImageId': 'DP0317202307271390S.tif', 'colorizedImageId': 'DP0317202307265316M.tif', 'colorSeqNum': 4, 'skuId': '79122870042', 'defaultSwatch': False, 'skuAltImages': [{'imgId': 'DP0317202307265835M.tif', 'colorSeq': 0}, {'imgId': 'DP0317202307270352M.tif', 'colorSeq': 1}, {'imgId': 'DP0317202307271909M.tif', 'colorSeq': 2}]}, {'colorName': 'Navy White', 'swatchImageId': 'DP0317202307271184S.tif', 'colorizedImageId': 'DP0317202307265109M.tif', 'colorSeqNum': 5, 'skuId': '79122870059', 'defaultSwatch': False, 'skuAltImages': [{'imgId': 'DP0317202307265627M.tif', 'colorSeq': 0}, {'imgId': 'DP0317202307270145M.tif', 'colorSeq': 1}, {'imgId': 'DP0317202307271702M.tif', 'colorSeq': 2}]}]",/p/safavieh-california-counter-height-bar-stool/ppr5008341762?pTmplType=regular&searchTerm=patio+and+outdoor+furniture&geoZip=55057,"[{'message': 'Online Only', 'icon': 'mouse'}, {'message': 'Available for Shipping', 'icon': 'check'}]",False,791,True,558.0,558.0,GIFTWRAP,False,False,2023-03-17T22:03:26,DP0317202307264901M.tif,DP0317202307265420M.tif,,,https://www.jcpenney.com/p/safavieh-california-counter-height-bar-stool/ppr5008341762?pTmplType=regular&searchTerm=patio+and+outdoor+furniture&geoZip=55057,20251225,patio and outdoor furniture
Altaview 2-pc. Bar Stool,ppr5008234211,,,880.0,880.0,880.0,880.0,ORIGINAL,False,False,available online only,False,False,original,False,True,"['# Pieces In Set: 2', 'Included: 2 Stool(s)', 'Features: Armless, Waterproof, Quick Ship, Weather Resistant, 4 Legs, Outdoor, Backless', 'Joinery: Cam And Bolt Lock', 'Manufacturer Warranty: 1 Year']",0.0,0.0,ORIGINAL,False,False,79115540059,USD,more brands,"[{'colorName': 'Blue', 'swatchImageId': 'DP0418202209021158S.tif', 'colorizedImageId': 'DP0418202209021125M.tif', 'colorSeqNum': 1, 'skuId': '79115540018', 'defaultSwatch': False, 'skuAltImages': [{'imgId': 'DP0418202209021133M.tif', 'colorSeq': 0}, {'imgId': 'DP0418202209021141M.tif', 'colorSeq': 1}, {'imgId': 'DP0418202209021150M.tif', 'colorSeq': 2}]}, {'colorName': 'Navy', 'swatchImageId': 'DP0418202209021164S.tif', 'colorizedImageId': 'DP0418202209021130M.tif', 'colorSeqNum': 2, 'skuId': '79115540059', 'defaultSwatch': False, 'skuAltImages': [{'imgId': 'DP0418202209021180M.tif', 'colorSeq': 0}, {'imgId': 'DP0418202209021137M.tif', 'colorSeq': 1}, {'imgId': 'DP0418202209021147M.tif', 'colorSeq': 2}]}, {'colorName': 'Dark Brown', 'swatchImageId': 'DP0418202209021159S.tif', 'colorizedImageId': 'DP0418202209021127M.tif', 'colorSeqNum': 3, 'skuId': '79115540026', 'defaultSwatch': False, 'skuAltImages': [{'imgId': 'DP0418202209021175M.tif', 'colorSeq': 0}, {'imgId': 'DP0418202209021134M.tif', 'colorSeq': 1}, {'imgId': 'DP0418202209021142M.tif', 'colorSeq': 2}]}, {'colorName': 'Gray', 'swatchImageId': 'DP0418202209021161S.tif', 'colorizedImageId': 'DP0418202209021144M.tif', 'colorSeqNum': 4, 'skuId': '79115540034', 'defaultSwatch': False, 'skuAltImages': [{'imgId': 'DP0418202209021177M.tif', 'colorSeq': 0}, {'imgId': 'DP0418202209021136M.tif', 'colorSeq': 1}, {'imgId': 'DP0418202209021152M.tif', 'colorSeq': 3}]}, {'colorName': 'White', 'swatchImageId': 'DP0418202209021166S.tif', 'colorizedImageId': 'DP0418202209021131M.tif', 'colorSeqNum': 6, 'skuId': '79115540067', 'defaultSwatch': False, 'skuAltImages': [{'imgId': 'DP0418202209021139M.tif', 'colorSeq': 0}, {'imgId': 'DP0418202209021148M.tif', 'colorSeq': 1}, {'imgId': 'DP0418202209021156M.tif', 'colorSeq': 2}]}]",/p/altaview-2-pc-bar-stool/ppr5008234211?pTmplType=regular&searchTerm=patio+and+outdoor+furniture&geoZip=55057,"[{'message': 'Online Only', 'icon': 'mouse'}, {'message': 'Available for Shipping', 'icon': 'check'}]",False,791,True,660.0,660.0,RECLINER,False,False,2022-04-18T22:04:53,DP0418202209021125M.tif,DP0418202209021133M.tif,,,https://www.jcpenney.com/p/altaview-2-pc-bar-stool/ppr5008234211?pTmplType=regular&searchTerm=patio+and+outdoor+furniture&geoZip=55057,20251225,patio and outdoor furniture
Signature Design by Ashley® Fairen Trail Patio Collection 2-pc. Patio Bar Stool,ppr5008092959,,,1850.0,1850.0,1850.0,1850.0,ORIGINAL,False,False,available online only,False,False,original,False,True,"['# Pieces In Set: 2', 'Included: 2 Stool(s)', 'Features: Weather Resistant', 'Joinery: Screwed, Butt Joint, Nailed', 'Seating Capacity: 2']",0.0,0.0,ORIGINAL,False,False,79108850018,USD,signature design by ashley,"[{'colorName': 'Black Driftwood', 'swatchImageId': 'DP0322202111024112S.tif', 'colorizedImageId': 'DP0322202113013277M.tif', 'colorSeqNum': 1, 'skuId': '79108850018', 'defaultSwatch': False, 'skuAltImages': [{'imgId': 'DP0322202113013282M.tif', 'colorSeq': 0}, {'imgId': 'DP0322202113013286M.tif', 'colorSeq': 1}, {'imgId': 'DP0322202113013272M.tif', 'colorSeq': 2}]}]",/p/signature-design-by-ashley-fairen-trail-patio-collection-2-pc-patio-bar-stool/ppr5008092959?pTmplType=regular&searchTerm=patio+and+outdoor+furniture&geoZip=55057,"[{'message': 'Online Only', 'icon': 'mouse'}, {'message': 'Available for Shipping', 'icon': 'check'}]",False,791,True,1387.5,1387.5,RECLINER,False,False,2021-03-22T22:03:23,DP0322202113013277M.tif,DP0322202113013282M.tif,,,https://www.jcpenney.com/p/signature-design-by-ashley-fairen-trail-patio-collection-2-pc-patio-bar-stool/ppr5008092959?pTmplType=regular&searchTerm=patio+and+outdoor+furniture&geoZip=55057,20251225,patio and outdoor furniture
Dillin Bench,ppr5008234197,,,1600.0,1600.0,1600.0,1600.0,ORIGINAL,False,False,available online only,False,False,original,False,True,"['Included: 1 Bench(es)', 'Features: 4 Legs, Waterproof, Quick Ship, Outdoor, Weather Resistant, Armless', 'Joinery: Cam And Bolt Lock', 'Manufacturer Warranty: 1 Year', 'Seating Capacity: 2']",0.0,0.0,ORIGINAL,False,False,79115400034,USD,more brands,"[{'colorName': 'Black', 'swatchImageId': 'DP0418202215010642S.tif', 'colorizedImageId': 'DP0418202215010633M.tif', 'colorSeqNum': 1, 'skuId': '79115400018', 'defaultSwatch': False, 'skuAltImages': [{'imgId': 'DP0418202215010628M.tif', 'colorSeq': 0}, {'imgId': 'DP0418202215010622M.tif', 'colorSeq': 1}]}, {'colorName': 'Blue', 'swatchImageId': 'DP0418202215010644S.tif', 'colorizedImageId': 'DP0418202215010634M.tif', 'colorSeqNum': 2, 'skuId': '79115400026', 'defaultSwatch': False, 'skuAltImages': [{'imgId': 'DP0418202215010653M.tif', 'colorSeq': 0}, {'imgId': 'DP0418202215010638M.tif', 'colorSeq': 1}, {'imgId': 'DP0418202215010648M.tif', 'colorSeq': 2}]}, {'colorName': 'Gray', 'swatchImageId': 'DP0418202215010645S.tif', 'colorizedImageId': 'DP0418202215010636M.tif', 'colorSeqNum': 3, 'skuId': '79115400034', 'defaultSwatch': False, 'skuAltImages': [{'imgId': 'DP0418202215010639M.tif', 'colorSeq': 0}, {'imgId': 'DP0418202215010630M.tif', 'colorSeq': 1}, {'imgId': 'DP0418202215010650M.tif', 'colorSeq': 2}]}]",/p/dillin-bench/ppr5008234197?pTmplType=regular&searchTerm=patio+and+outdoor+furniture&geoZip=55057,"[{'message': 'Online Only', 'icon': 'mouse'}, {'message': 'Available for Shipping', 'icon': 'check'}]",False,791,True,1200.0,1200.0,RECLINER,False,False,2022-04-18T22:06:21,DP0418202215010633M.tif,DP0418202215010628M.tif,,,https://www.jcpenney.com/p/dillin-bench/ppr5008234197?pTmplType=regular&searchTerm=patio+and+outdoor+furniture&geoZip=55057,20251225,patio and outdoor furniture
Safavieh Belamy 3-pc. Bench,ppr5008350958,,,600.0,600.0,600.0,600.0,ORIGINAL,False,False,available online only,False,False,original,False,True,"['# Pieces In Set: 3', 'Included: 1 Table(s), 2 Bench(es)', 'Features: Outdoor', 'Joinery: Screwed', 'Seating Capacity: 2']",0.0,0.0,ORIGINAL,False,False,79123530018,USD,safavieh,"[{'colorName': 'Dark Slate Grey', 'swatchImageId': 'DP0426202307205611S.tif', 'colorizedImageId': 'DP0426202307205508M.tif', 'colorSeqNum': 1, 'skuId': '79123530018', 'defaultSwatch': False, 'skuAltImages': [{'imgId': 'DP0426202307210230M.tif', 'colorSeq': 0}, {'imgId': 'DP0426202307210127M.tif', 'colorSeq': 1}, {'imgId': 'DP0426202307210333M.tif', 'colorSeq': 2}]}]",/p/safavieh-belamy-3-pc-bench/ppr5008350958?pTmplType=regular&searchTerm=patio+and+outdoor+furniture&geoZip=55057,"[{'message': 'Online Only', 'icon': 'mouse'}, {'message': 'Available for Shipping', 'icon': 'check'}]",False,791,True,540.0,540.0,GIFTWRAP,False,False,2023-04-26T22:04:03,DP0426202307205508M.tif,DP0426202307210230M.tif,,,https://www.jcpenney.com/p/safavieh-belamy-3-pc-bench/ppr5008350958?pTmplType=regular&searchTerm=patio+and+outdoor+furniture&geoZip=55057,20251225,patio and outdoor furniture
Segesta 2 Pack Bench,ppr5008255065,5.0,1.0,890.0,890.0,890.0,890.0,ORIGINAL,False,False,available online only,False,False,original,False,True,"['# Pieces In Set: 2-Pack', 'Features: Portable', 'Manufacturer Warranty: 1 Year', 'Seating Capacity: 2', 'Dining Height: Standard Height']",0.0,0.0,ORIGINAL,False,False,79119420018,USD,more brands,"[{'colorName': 'Brown', 'swatchImageId': 'DP1031202507203195S.tif', 'colorizedImageId': 'DP1016202511150319M.tif', 'colorSeqNum': 1, 'skuId': '79119420018', 'defaultSwatch': False, 'skuAltImages': [{'imgId': 'DP1016202511150834M.tif', 'colorSeq': 0}, {'imgId': 'DP1016202511150731M.tif', 'colorSeq': 1}, {'imgId': 'DP1016202511150628M.tif', 'colorSeq': 2}]}]",/p/segesta-2-pack-bench/ppr5008255065?pTmplType=regular&searchTerm=patio+and+outdoor+furniture&geoZip=55057,"[{'message': 'Online Only', 'icon': 'mouse'}, {'message': 'Available for Shipping', 'icon': 'check'}]",False,791,True,667.5,667.5,RECLINER,False,False,2022-06-09T22:06:47,DP1016202511150319M.tif,DP1016202511150834M.tif,,,https://www.jcpenney.com/p/segesta-2-pack-bench/ppr5008255065?pTmplType=regular&searchTerm=patio+and+outdoor+furniture&geoZip=55057,20251225,patio and outdoor furniture
Lara Scroll Iron Kissing Bench,ppr5008214539,,,840.0,840.0,840.0,840.0,ORIGINAL,False,False,available online only,False,False,original,False,True,"['Included: 1 Bench(es)', 'Features: Weather Resistant, Quick Ship', 'Joinery: Welded Joint, Screwed', 'Seating Capacity: 3', 'Tools Required: Allen Wrench (included), Screws (included)']",0.0,0.0,ORIGINAL,False,False,79114560018,USD,safavieh,"[{'colorName': 'Antique Blue', 'swatchImageId': 'DP0204202207020733S.tif', 'colorizedImageId': 'DP0204202207020725M.tif', 'colorSeqNum': 1, 'skuId': '79114560018', 'defaultSwatch': False, 'skuAltImages': [{'imgId': 'DP0204202207020729M.tif', 'colorSeq': 0}, {'imgId': 'DP0204202207020737M.tif', 'colorSeq': 1}, {'imgId': 'DP0204202207020722M.tif', 'colorSeq': 2}]}]",/p/lara-scroll-iron-kissing-bench/ppr5008214539?pTmplType=regular&searchTerm=patio+and+outdoor+furniture&geoZip=55057,"[{'message': 'Online Only', 'icon': 'mouse'}, {'message': 'Available for Shipping', 'icon': 'check'}]",False,791,True,630.0,630.0,RECLINER,False,False,2022-02-04T22:02:41,DP0204202207020725M.tif,DP0204202207020729M.tif,,,https://www.jcpenney.com/p/lara-scroll-iron-kissing-bench/ppr5008214539?pTmplType=regular&searchTerm=patio+and+outdoor+furniture&geoZip=55057,20251225,patio and outdoor furniture
Porterville Patio Collection Bench,ppr5008091369,,,520.0,520.0,520.0,520.0,ORIGINAL,False,False,available online only,False,False,original,False,True,"['Included: 1 Bench(es)', 'Features: Quick Ship, Weather Resistant', 'Joinery: Screwed, Glued, Nailed', 'Seating Capacity: 2', 'Tools Required: Phillips Screwdriver (not Included), Screws (included), Allen Wrench (included)']",0.0,0.0,ORIGINAL,False,False,79108680018,USD,safavieh,"[{'colorName': 'Ash Grey', 'swatchImageId': 'DP0302202115031329S.tif', 'colorizedImageId': 'DP0302202115031321M.tif', 'colorSeqNum': 1, 'skuId': '79108680018', 'defaultSwatch': False, 'skuAltImages': [{'imgId': 'DP0302202115031362M.tif', 'colorSeq': 0}, {'imgId': 'DP0302202115031354M.tif', 'colorSeq': 1}, {'imgId': 'DP0302202115031346M.tif', 'colorSeq': 2}]}]",/p/porterville-patio-collection-bench/ppr5008091369?pTmplType=regular&searchTerm=patio+and+outdoor+furniture&geoZip=55057,"[{'message': 'Online Only', 'icon': 'mouse'}, {'message': 'Available for Shipping', 'icon': 'check'}]",False,791,True,468.0,468.0,GIFTWRAP,False,False,2021-03-02T22:04:30,DP0302202115031321M.tif,DP0302202115031362M.tif,,,https://www.jcpenney.com/p/porterville-patio-collection-bench/ppr5008091369?pTmplType=regular&searchTerm=patio+and+outdoor+furniture&geoZip=55057,20251225,patio and outdoor furniture
Giovanna Sofa,ppr5008431414,,,2075.0,2075.0,2075.0,2075.0,ORIGINAL,False,False,available online only,False,False,original,False,True,"['Included: 3 Seat Cushion(s), 1 Sofa(s), 3 Seat Back Cushion(s)', 'Features: Rust Resistant, Uv Protection, Removable Cushions', 'Manufacturer Warranty: 90 Days Limited', 'Seating Capacity: 3', 'Tools Required: Allen Wrench (included)']",0.0,0.0,ORIGINAL,False,False,79129910018,USD,more brands,"[{'colorName': 'Gray', 'swatchImageId': 'DP0212202407451172S.tif', 'colorizedImageId': 'DP0221202407153306M.tif', 'colorSeqNum': 1, 'skuId': '79129910018', 'defaultSwatch': False, 'skuAltImages': [{'imgId': 'DP0221202407153409M.tif', 'colorSeq': 0}, {'imgId': 'DP0221202407153102M.tif', 'colorSeq': 2}, {'imgId': 'DP0212202407451070M.tif', 'colorSeq': 4}]}]",/p/giovanna-sofa/ppr5008431414?pTmplType=regular&searchTerm=patio+and+outdoor+furniture&geoZip=55057,"[{'message': 'Online Only', 'icon': 'mouse'}, {'message': 'Available for Shipping', 'icon': 'check'}]",False,791,True,1556.25,1556.25,RECLINER,False,False,2024-02-12T22:05:48,DP0221202407153306M.tif,DP0221202407153409M.tif,,,https://www.jcpenney.com/p/giovanna-sofa/ppr5008431414?pTmplType=regular&searchTerm=patio+and+outdoor+furniture&geoZip=55057,20251225,patio and outdoor furniture
Signature Design by Ashley® Transville 2-pc. Counter Height Rust Resistant Bar Stool,ppr5008359887,5.0,4.0,2400.0,2400.0,2400.0,2400.0,ORIGINAL,False,False,available online only,False,False,original,False,True,"['# Pieces In Set: 2', 'Included: 2 Stool(s)', 'Features: Outdoor, Rust Resistant, Weather Resistant, Quick Ship, Waterproof, 4 Legs, Non-Toxic', 'Seating Capacity: 2', 'Tools Required: Allen Wrench (included), Screws (included)']",0.0,0.0,ORIGINAL,False,False,79124050018,USD,signature design by ashley,"[{'colorName': 'Medium Gray', 'swatchImageId': 'DP0524202307265496S.tif', 'colorizedImageId': 'DP0524202307265185M.tif', 'colorSeqNum': 1, 'skuId': '79124050018', 'defaultSwatch': False, 'skuAltImages': [{'imgId': 'DP0524202307265288M.tif', 'colorSeq': 0}, {'imgId': 'DP0524202307265393M.tif', 'colorSeq': 1}, {'imgId': 'DP0524202307264979M.tif', 'colorSeq': 2}]}]",/p/signature-design-by-ashley-transville-2-pc-counter-height-rust-resistant-bar-stool/ppr5008359887?pTmplType=regular&searchTerm=patio+and+outdoor+furniture&geoZip=55057,"[{'message': 'Online Only', 'icon': 'mouse'}, {'message': 'Available for Shipping', 'icon': 'check'}]",False,791,True,1800.0,1800.0,RECLINER,False,False,2023-05-24T22:03:39,DP0524202307265185M.tif,DP0524202307265288M.tif,,,https://www.jcpenney.com/p/signature-design-by-ashley-transville-2-pc-counter-height-rust-resistant-bar-stool/ppr5008359887?pTmplType=regular&searchTerm=patio+and+outdoor+furniture&geoZip=55057,20251225,patio and outdoor furniture
Patio Umbrella,ppr5008255101,4.75,8.0,410.0,410.0,410.0,410.0,ORIGINAL,False,False,available online only,False,False,original,False,True,"['Features: Quick Ship, Solar Powered', 'Manufacturer Warranty: 1 Year', 'Shape: Octagon', 'Measurements: 91 Height/Inches, 104 Depth/Inches, 104 Width/Inches', 'Diameter: 9 Ft']",0.0,0.0,ORIGINAL,False,False,79119870026,USD,more brands,,/p/patio-umbrella/ppr5008255101?pTmplType=regular&searchTerm=patio+and+outdoor+furniture&geoZip=55057,"[{'message': 'Online Only', 'icon': 'mouse'}, {'message': 'Available for Shipping', 'icon': 'check'}]",False,791,True,369.0,369.0,GIFTWRAP,False,False,2022-06-15T17:11:49,DP0614202207154685M.tif,DP0614202207161509M.tif,,,https://www.jcpenney.com/p/patio-umbrella/ppr5008255101?pTmplType=regular&searchTerm=patio+and+outdoor+furniture&geoZip=55057,20251225,patio and outdoor furniture
Sunnydaze Collection Lounge Chair,ppr5008094723,3.0,2.0,570.0,570.0,570.0,570.0,ORIGINAL,False,False,available online only,False,False,original,False,True,"['Included: 1 Canopy(ies), 1 Chair(s)', 'Features: Weather Resistant, Rust Resistant, Quick Ship, Oversized', 'Joinery: Screwed', 'Manufacturer Warranty: 1 Year', 'Seating Capacity: 2']",0.0,0.0,ORIGINAL,False,False,79109950018,USD,more brands,"[{'colorName': 'Black', 'swatchImageId': 'DP0406202115010782S.tif', 'colorizedImageId': 'DP0318202107030510M.tif', 'colorSeqNum': 1, 'skuId': '79109950018', 'defaultSwatch': False, 'skuAltImages': [{'imgId': 'DP0318202107030520M.tif', 'colorSeq': 0}, {'imgId': 'DP0318202107030525M.tif', 'colorSeq': 1}, {'imgId': 'DP0318202107030505M.tif', 'colorSeq': 2}]}]",/p/sunnydaze-collection-lounge-chair/ppr5008094723?pTmplType=regular&searchTerm=patio+and+outdoor+furniture&geoZip=55057,"[{'message': 'Online Only', 'icon': 'mouse'}, {'message': 'Available for Shipping', 'icon': 'check'}]",False,791,True,,,,False,False,2021-03-19T11:05:27,DP0318202107030510M.tif,DP0318202107030520M.tif,,,https://www.jcpenney.com/p/sunnydaze-collection-lounge-chair/ppr5008094723?pTmplType=regular&searchTerm=patio+and+outdoor+furniture&geoZip=55057,20251225,patio and outdoor furniture
Patio Umbrella Base,ppr5008244806,,,160.0,160.0,160.0,160.0,ORIGINAL,False,False,available online only,False,False,original,False,True,"['Features: Quick Ship, Weather Resistant', 'Manufacturer Warranty: 1 Year', 'Shape: Square', 'Measurements: 17 Width/Inches, 17 Length/Inches, 13.25 Height/Inches', 'Weight (lb.): 17.5 Lb']",0.0,0.0,ORIGINAL,False,False,79118140018,USD,more brands,"[{'colorName': 'Black', 'swatchImageId': 'DP1001202507201553S.tif', 'colorizedImageId': 'DP1001202507201448M.tif', 'colorSeqNum': 1, 'skuId': '79118140018', 'defaultSwatch': False, 'skuAltImages': [{'imgId': 'DP0601202308143585M.tif', 'colorSeq': 0}, {'imgId': 'DP1001202507201972M.tif', 'colorSeq': 1}, {'imgId': 'DP1001202507201762M.tif', 'colorSeq': 2}]}]",/p/patio-umbrella-base/ppr5008244806?pTmplType=regular&searchTerm=patio+and+outdoor+furniture&geoZip=55057,"[{'message': 'Online Only', 'icon': 'mouse'}, {'message': 'Available for Shipping', 'icon': 'check'}]",False,791,True,144.0,144.0,GIFTWRAP,False,False,2022-05-24T15:05:01,DP1001202507201448M.tif,DP0601202308143585M.tif,,,https://www.jcpenney.com/p/patio-umbrella-base/ppr5008244806?pTmplType=regular&searchTerm=patio+and+outdoor+furniture&geoZip=55057,20251225,patio and outdoor furniture
Safavieh Arcata Patio Side Tables Weather Resistant Side Table,ppr5008216089,,,500.0,500.0,500.0,500.0,ORIGINAL,False,False,available online only,False,False,original,False,True,"['Included: 1 Table(s)', 'Features: Weather Resistant, Quick Ship', 'Joinery: Glued, Screwed, Nailed', 'Shape: Round', 'Tools Required: Screws (included), Allen Wrench (included)']",0.0,0.0,ORIGINAL,False,False,79114870018,USD,safavieh,"[{'colorName': 'Ash Grey', 'swatchImageId': 'DP0209202207034513S.tif', 'colorizedImageId': 'DP0209202207034491M.tif', 'colorSeqNum': 1, 'skuId': '79114870026', 'defaultSwatch': False, 'skuAltImages': [{'imgId': 'DP0209202207034556M.tif', 'colorSeq': 0}, {'imgId': 'DP0209202207034534M.tif', 'colorSeq': 1}, {'imgId': 'DP0209202207034470M.tif', 'colorSeq': 2}]}, {'colorName': 'Natural', 'swatchImageId': 'DP0209202207034527S.tif', 'colorizedImageId': 'DP0209202207034505M.tif', 'colorSeqNum': 2, 'skuId': '79114870018', 'defaultSwatch': False, 'skuAltImages': [{'imgId': 'DP0209202207034570M.tif', 'colorSeq': 0}, {'imgId': 'DP0209202207034549M.tif', 'colorSeq': 1}, {'imgId': 'DP0209202207034484M.tif', 'colorSeq': 2}]}, {'colorName': 'Dark Slate Grey', 'swatchImageId': 'DP0209202207034520S.tif', 'colorizedImageId': 'DP0209202207034498M.tif', 'colorSeqNum': 3, 'skuId': '79114870034', 'defaultSwatch': False, 'skuAltImages': [{'imgId': 'DP0209202207034563M.tif', 'colorSeq': 0}, {'imgId': 'DP0209202207034541M.tif', 'colorSeq': 1}, {'imgId': 'DP0209202207034477M.tif', 'colorSeq': 2}]}]",/p/safavieh-arcata-patio-side-tables-weather-resistant-side-table/ppr5008216089?pTmplType=regular&searchTerm=patio+and+outdoor+furniture&geoZip=55057,"[{'message': 'Online Only', 'icon': 'mouse'}, {'message': 'Available for Shipping', 'icon': 'check'}]",False,791,True,450.0,450.0,GIFTWRAP,False,False,2022-02-09T22:03:17,DP0209202207034491M.tif,DP0209202207034556M.tif,,,https://www.jcpenney.com/p/safavieh-arcata-patio-side-tables-weather-resistant-side-table/ppr5008216089?pTmplType=regular&searchTerm=patio+and+outdoor+furniture&geoZip=55057,20251225,patio and outdoor furniture
Rattan Patio Side Table,ppr5008445882,,,460.0,460.0,460.0,460.0,ORIGINAL,False,False,available online only,False,False,original,False,True,"['Included: 1 Table(s)', 'Features: Quick Ship', 'Joinery: Screwed', 'Shape: Round', 'Tools Required: Allen Wrench (included), Screws (included)']",0.0,0.0,ORIGINAL,False,False,79131040034,USD,safavieh,"[{'colorName': 'Grey White', 'swatchImageId': 'DP0423202409194458S.tif', 'colorizedImageId': 'DP0423202409193847M.tif', 'colorSeqNum': 1, 'skuId': '79131040034', 'defaultSwatch': False, 'skuAltImages': [{'imgId': 'DP0423202409194051M.tif', 'colorSeq': 0}, {'imgId': 'DP0423202409194866M.tif', 'colorSeq': 1}, {'imgId': 'DP0423202409194663M.tif', 'colorSeq': 2}]}, {'colorName': 'White', 'swatchImageId': 'DP0423202409194560S.tif', 'colorizedImageId': 'DP0423202409193949M.tif', 'colorSeqNum': 2, 'skuId': '79131040042', 'defaultSwatch': False, 'skuAltImages': [{'imgId': 'DP0423202409194153M.tif', 'colorSeq': 0}, {'imgId': 'DP0423202409194968M.tif', 'colorSeq': 1}, {'imgId': 'DP0423202409194764M.tif', 'colorSeq': 2}]}]",/p/rattan-patio-side-table/ppr5008445882?pTmplType=regular&searchTerm=patio+and+outdoor+furniture&geoZip=55057,"[{'message': 'Online Only', 'icon': 'mouse'}, {'message': 'Available for Shipping', 'icon': 'check'}]",False,791,True,414.0,414.0,GIFTWRAP,False,False,2024-04-23T22:03:59,DP0423202409193847M.tif,DP0423202409194051M.tif,,,https://www.jcpenney.com/p/rattan-patio-side-table/ppr5008445882?pTmplType=regular&searchTerm=patio+and+outdoor+furniture&geoZip=55057,20251225,patio and outdoor furniture
"Carlbach Outdoor Teak 22"" Side Table",ppr5008451449,,,400.0,400.0,400.0,400.0,ORIGINAL,False,False,available online only,False,False,original,False,True,"['Included: 1 Table(s)', 'Features: Quick Ship, Easy Installation', 'Joinery: Screwed', 'Manufacturer Warranty: 6 Month', 'Shape: Square']",0.0,0.0,ORIGINAL,False,False,79131590018,USD,more brands,"[{'colorName': 'Brown', 'swatchImageId': 'DP0513202415132036S.tif', 'colorizedImageId': 'DP0513202415131832M.tif', 'colorSeqNum': 1, 'skuId': '79131590018', 'defaultSwatch': False, 'skuAltImages': [{'imgId': 'DP0513202415131934M.tif', 'colorSeq': 0}, {'imgId': 'DP0513202415131730M.tif', 'colorSeq': 1}, {'imgId': 'DP0217202511023060M.tif', 'colorSeq': 2}]}]",/p/carlbach-outdoor-teak-22-side-table/ppr5008451449?pTmplType=regular&searchTerm=patio+and+outdoor+furniture&geoZip=55057,"[{'message': 'Online Only', 'icon': 'mouse'}, {'message': 'Available for Shipping', 'icon': 'check'}]",False,791,True,360.0,360.0,GIFTWRAP,False,False,2024-05-13T22:04:56,DP0513202415131832M.tif,DP0513202415131934M.tif,,,https://www.jcpenney.com/p/carlbach-outdoor-teak-22-side-table/ppr5008451449?pTmplType=regular&searchTerm=patio+and+outdoor+furniture&geoZip=55057,20251225,patio and outdoor furniture
Signature Design by Ashley® Grasson Lane Weather Resistant Patio Coffee Table,ppr5007978763,,,1100.0,1100.0,1100.0,1100.0,ORIGINAL,False,False,available online only,False,False,original,False,True,"['Included: 1 Table(s)', 'Features: Quick Ship, Weather Resistant', 'Joinery: Nailed, Butt Joint, Screwed, Glued, Stapled, Blocked', 'Assembly: Assembly Required', 'Frame Content: 100% Aluminum']",0.0,0.0,ORIGINAL,False,False,79101060018,USD,signature design by ashley,"[{'colorName': 'Brown', 'swatchImageId': 'DP0306202007023969S.tif', 'colorizedImageId': 'DP0305202013001827M.tif', 'colorSeqNum': 1, 'skuId': '79101060018', 'defaultSwatch': False, 'skuAltImages': [{'imgId': 'DP0305202013001821M.tif', 'colorSeq': 0}, {'imgId': 'DP0306202013001339M.tif', 'colorSeq': 1}, {'imgId': 'DP0305202013001824M.tif', 'colorSeq': 2}]}]",/p/signature-design-by-ashley-grasson-lane-weather-resistant-patio-coffee-table/ppr5007978763?pTmplType=regular&searchTerm=patio+and+outdoor+furniture&geoZip=55057,"[{'message': 'Online Only', 'icon': 'mouse'}, {'message': 'Available for Shipping', 'icon': 'check'}]",False,791,True,825.0,825.0,RECLINER,False,False,2020-03-05T22:02:07,DP0305202013001827M.tif,DP0305202013001821M.tif,,,https://www.jcpenney.com/p/signature-design-by-ashley-grasson-lane-weather-resistant-patio-coffee-table/ppr5007978763?pTmplType=regular&searchTerm=patio+and+outdoor+furniture&geoZip=55057,20251225,patio and outdoor furniture
Mozaic Company Sunbrella Bench Cushion Corded - 60''X19''X3'',ppr5008345744,,,179.99,179.99,300.0,300.0,SALE,False,False,available online only,False,False,original,False,True,"['Features: Weather Resistant, Water Resistant, Stain Resistant', 'Use: Outdoor', 'Seat Cushion Measurements: 3 Height/Inches, 60 Depth/Inches, 19 Width/Inches', 'Base Material: 100% Acrylic', 'Filling Content: 100% Poly-Foam']",0.0,0.0,SALE,False,False,62730340059,USD,more brands,"[{'colorName': 'Canvas Antiq Beige', 'swatchImageId': 'DP0110202307205667S.tif', 'colorizedImageId': 'DP0110202307205459M.tif', 'colorSeqNum': 2, 'skuId': '62730340059', 'defaultSwatch': False, 'skuAltImages': [{'imgId': 'DP0110202307210281M.tif', 'colorSeq': 0}, {'imgId': 'DP0110202307210075M.tif', 'colorSeq': 1}, {'imgId': 'DP0110202307205871M.tif', 'colorSeq': 2}]}]",/p/mozaic-company-sunbrella-bench-cushion-corded-60x19x3/ppr5008345744?pTmplType=regular&searchTerm=patio+and+outdoor+furniture&geoZip=55057&selectedSKUId=62730340059,"[{'message': 'Online Only', 'icon': 'mouse'}, {'message': 'Available for Shipping', 'icon': 'check'}]",False,627,True,161.99,161.99,YULETIDE,False,True,2023-03-20T04:46:40,DP0110202307205459M.tif,DP0110202307210281M.tif,"[{'name': 'Few Left', 'priority': 1, 'urlParam': 'fewleft'}]",,https://www.jcpenney.com/p/mozaic-company-sunbrella-bench-cushion-corded-60x19x3/ppr5008345744?pTmplType=regular&searchTerm=patio+and+outdoor+furniture&geoZip=55057&selectedSKUId=62730340059,20251225,patio and outdoor furniture
Mozaic Company 60''X19''X3'' Bench Corded Patio Seat Cushion - Cast Silver,ppr5008340900,,,179.99,179.99,300.0,300.0,SALE,False,False,available online only,False,False,original,False,True,"['Features: Weather Resistant, Stain Resistant, Water Resistant', 'Finishing Feature: Cording', 'Use: Outdoor', 'Seat Cushion Measurements: 19 Width/Inches, 60 Depth/Inches, 3 Height/Inches', 'Base Material: 100% Acrylic']",0.0,0.0,SALE,False,False,62730560026,USD,more brands,"[{'colorName': 'Cast Silver', 'swatchImageId': 'DP0110202307221708S.tif', 'colorizedImageId': 'DP0110202307221605M.tif', 'colorSeqNum': 1, 'skuId': '62730560026', 'defaultSwatch': False, 'skuAltImages': [{'imgId': 'DP0110202307222120M.tif', 'colorSeq': 0}, {'imgId': 'DP0110202307222017M.tif', 'colorSeq': 1}, {'imgId': 'DP0110202307221914M.tif', 'colorSeq': 2}]}]",/p/mozaic-company-60x19x3-bench-corded-patio-seat-cushion-cast-silver/ppr5008340900?pTmplType=regular&searchTerm=patio+and+outdoor+furniture&geoZip=55057,"[{'message': 'Online Only', 'icon': 'mouse'}, {'message': 'Available for Shipping', 'icon': 'check'}]",False,627,True,161.99,161.99,YULETIDE,False,False,2023-03-07T04:40:46,DP0110202307221605M.tif,DP0110202307222120M.tif,,,https://www.jcpenney.com/p/mozaic-company-60x19x3-bench-corded-patio-seat-cushion-cast-silver/ppr5008340900?pTmplType=regular&searchTerm=patio+and+outdoor+furniture&geoZip=55057,20251225,patio and outdoor furniture
Safavieh Laguna Outdoor Collection 2-pc. Lounge Chair,ppr5008086489,3.0,1.0,440.0,440.0,440.0,440.0,ORIGINAL,False,False,available online only,False,False,original,False,True,"['# Pieces In Set: 2', 'Included: 2 Chair(s)', 'Features: Quick Ship, Water Resistant', 'Joinery: Screwed', 'Seating Capacity: 1']",0.0,0.0,ORIGINAL,False,False,79108250042,USD,safavieh,"[{'colorName': 'Natural', 'swatchImageId': 'DP0215202107031483S.tif', 'colorizedImageId': 'DP0215202107031439M.tif', 'colorSeqNum': 1, 'skuId': '79108250018', 'defaultSwatch': False, 'skuAltImages': [{'imgId': 'DP0215202107031527M.tif', 'colorSeq': 0}, {'imgId': 'DP0215202107031550M.tif', 'colorSeq': 1}, {'imgId': 'DP0215202107031506M.tif', 'colorSeq': 2}]}, {'colorName': 'Natural Green', 'swatchImageId': 'DP0215202107031487S.tif', 'colorizedImageId': 'DP0215202107031443M.tif', 'colorSeqNum': 2, 'skuId': '79108250026', 'defaultSwatch': False, 'skuAltImages': [{'imgId': 'DP0215202107031541M.tif', 'colorSeq': 0}, {'imgId': 'DP0215202107031545M.tif', 'colorSeq': 1}, {'imgId': 'DP0215202107031510M.tif', 'colorSeq': 2}]}, {'colorName': 'Natural Yellow', 'swatchImageId': 'DP0215202107031497S.tif', 'colorizedImageId': 'DP0215202107031451M.tif', 'colorSeqNum': 3, 'skuId': '79108250034', 'defaultSwatch': False, 'skuAltImages': [{'imgId': 'DP0215202107031559M.tif', 'colorSeq': 0}, {'imgId': 'DP0215202107031532M.tif', 'colorSeq': 1}, {'imgId': 'DP0215202107031519M.tif', 'colorSeq': 2}]}, {'colorName': 'Grey Wash Navy', 'swatchImageId': 'DP0215202107031478S.tif', 'colorizedImageId': 'DP0215202107031434M.tif', 'colorSeqNum': 4, 'skuId': '79108250042', 'defaultSwatch': False, 'skuAltImages': [{'imgId': 'DP0215202107031555M.tif', 'colorSeq': 0}, {'imgId': 'DP0215202107031536M.tif', 'colorSeq': 1}, {'imgId': 'DP0215202107031502M.tif', 'colorSeq': 2}]}, {'colorName': 'Natural Navy', 'swatchImageId': 'DP0215202107031492S.tif', 'colorizedImageId': 'DP0215202107031447M.tif', 'colorSeqNum': 5, 'skuId': '79108250059', 'defaultSwatch': False, 'skuAltImages': [{'imgId': 'DP0215202107031515M.tif', 'colorSeq': 0}, {'imgId': 'DP0215202107031523M.tif', 'colorSeq': 1}, {'imgId': 'DP0215202107031469M.tif', 'colorSeq': 2}]}]",/p/safavieh-laguna-outdoor-collection-2-pc-lounge-chair/ppr5008086489?pTmplType=regular&searchTerm=patio+and+outdoor+furniture&geoZip=55057,"[{'message': 'Online Only', 'icon': 'mouse'}, {'message': 'Available for Shipping', 'icon': 'check'}]",False,791,True,396.0,396.0,GIFTWRAP,False,False,2021-02-15T22:04:35,DP0215202107031439M.tif,DP0215202107031527M.tif,,,https://www.jcpenney.com/p/safavieh-laguna-outdoor-collection-2-pc-lounge-chair/ppr5008086489?pTmplType=regular&searchTerm=patio+and+outdoor+furniture&geoZip=55057,20251225,patio and outdoor furniture
Safavieh Azusa Lounge Chair,ppr5008236696,,,940.0,940.0,940.0,940.0,ORIGINAL,False,False,available online only,False,False,original,False,True,"['Included: 1 Chair(s)', 'Features: Quick Ship', 'Joinery: Glued', 'Seating Capacity: 1', 'Tools Required: Allen Wrench (included)']",0.0,0.0,ORIGINAL,False,False,79116200026,USD,safavieh,"[{'colorName': 'Natural Beige', 'swatchImageId': 'DP0413202209024313S.tif', 'colorizedImageId': 'DP0413202209024310M.tif', 'colorSeqNum': 1, 'skuId': '79116200018', 'defaultSwatch': False, 'skuAltImages': [{'imgId': 'DP0413202209024328M.tif', 'colorSeq': 0}, {'imgId': 'DP0413202209024349M.tif', 'colorSeq': 1}, {'imgId': 'DP0413202209024324M.tif', 'colorSeq': 2}]}, {'colorName': 'Ash Grey Beige', 'swatchImageId': 'DP0413202209024311S.tif', 'colorizedImageId': 'DP0413202209024306M.tif', 'colorSeqNum': 2, 'skuId': '79116200026', 'defaultSwatch': False, 'skuAltImages': [{'imgId': 'DP0413202209024342M.tif', 'colorSeq': 0}, {'imgId': 'DP0413202209024320M.tif', 'colorSeq': 1}, {'imgId': 'DP0413202209024327M.tif', 'colorSeq': 2}]}]",/p/safavieh-azusa-lounge-chair/ppr5008236696?pTmplType=regular&searchTerm=patio+and+outdoor+furniture&geoZip=55057,"[{'message': 'Online Only', 'icon': 'mouse'}, {'message': 'Available for Shipping', 'icon': 'check'}]",False,791,True,705.0,705.0,RECLINER,False,False,2022-04-13T22:03:26,DP0413202209024310M.tif,DP0413202209024328M.tif,,,https://www.jcpenney.com/p/safavieh-azusa-lounge-chair/ppr5008236696?pTmplType=regular&searchTerm=patio+and+outdoor+furniture&geoZip=55057,20251225,patio and outdoor furniture
Corliving Parksville Patio Collection Lounge Chair,ppr5008089833,5.0,1.0,800.0,800.0,800.0,800.0,ORIGINAL,False,False,available online only,False,False,original,False,True,"['Included: 1 Seat Cushion(s), 1 Chair(s), 1 Seat Back Cushion(s)', 'Features: Quick Ship, Water Resistant, Wheeled', 'Joinery: Nailed', 'Seating Capacity: 1', 'Tools Required: Screws (included), Allen Wrench (included)']",0.0,0.0,ORIGINAL,False,False,79108270018,USD,more brands,"[{'colorName': 'Ash Gray', 'swatchImageId': 'DP0225202115010873S.tif', 'colorizedImageId': 'DP0225202115010844M.tif', 'colorSeqNum': 1, 'skuId': '79108270018', 'defaultSwatch': False, 'skuAltImages': [{'imgId': 'DP0225202115010920M.tif', 'colorSeq': 0}, {'imgId': 'DP0225202115010912M.tif', 'colorSeq': 1}, {'imgId': 'DP0225202115010905M.tif', 'colorSeq': 2}]}, {'colorName': 'Oxford Blue', 'swatchImageId': 'DP0225202115010876S.tif', 'colorizedImageId': 'DP0225202115010848M.tif', 'colorSeqNum': 2, 'skuId': '79108270026', 'defaultSwatch': False, 'skuAltImages': [{'imgId': 'DP0225202115010924M.tif', 'colorSeq': 0}, {'imgId': 'DP0225202115010916M.tif', 'colorSeq': 1}, {'imgId': 'DP0225202115010908M.tif', 'colorSeq': 2}]}]",/p/corliving-parksville-patio-collection-lounge-chair/ppr5008089833?pTmplType=regular&searchTerm=patio+and+outdoor+furniture&geoZip=55057,"[{'message': 'Online Only', 'icon': 'mouse'}, {'message': 'Available for Shipping', 'icon': 'check'}]",False,791,True,600.0,600.0,RECLINER,False,False,2021-02-25T22:04:29,DP0225202115010844M.tif,DP0225202115010920M.tif,,,https://www.jcpenney.com/p/corliving-parksville-patio-collection-lounge-chair/ppr5008089833?pTmplType=regular&searchTerm=patio+and+outdoor+furniture&geoZip=55057,20251225,patio and outdoor furniture
Derek 2-pc. Upholstered,ppr5008455149,,,1420.0,1420.0,1420.0,1420.0,ORIGINAL,False,False,available online only,False,False,original,False,True,"['# Pieces In Set: 2', 'Included: 2 Seat Cushion(s), 2 Seat Back Cushion(s)', 'Features: Upholstered', 'Joinery: Screwed', 'Manufacturer Warranty: 6 Month']",0.0,0.0,ORIGINAL,True,False,79131670018,USD,more brands,"[{'colorName': 'Brown', 'swatchImageId': 'DP0524202413372701S.tif', 'colorizedImageId': 'DP0524202413372394M.tif', 'colorSeqNum': 1, 'skuId': '79131670018', 'defaultSwatch': False, 'skuAltImages': [{'imgId': 'DP0524202413372497M.tif', 'colorSeq': 0}, {'imgId': 'DP0524202413372599M.tif', 'colorSeq': 1}, {'imgId': 'DP0524202411434856M.tif', 'colorSeq': 2}]}]",/p/derek-2-pc-upholstered/ppr5008455149?pTmplType=regular&searchTerm=patio+and+outdoor+furniture&geoZip=55057,"[{'message': 'Online Only', 'icon': 'mouse'}, {'message': 'Available for Shipping', 'icon': 'check'}]",False,791,True,1065.0,1065.0,RECLINER,False,False,2024-05-24T22:09:02,DP0524202413372394M.tif,DP0524202413372497M.tif,,,https://www.jcpenney.com/p/derek-2-pc-upholstered/ppr5008455149?pTmplType=regular&searchTerm=patio+and+outdoor+furniture&geoZip=55057,20251225,patio and outdoor furniture
Ian Adjustable 2-pc. Lounge Chair,ppr5008429778,,,1900.0,1900.0,1900.0,1900.0,ORIGINAL,False,False,available online only,False,False,original,False,True,"['# Pieces In Set: 2', 'Included: 2 Chair(s), 2 Seat Cushion(s)', 'Features: Easy Clean, Adjustable, Easy Care', 'Manufacturer Warranty: 90 Days Limited', 'Seating Capacity: 2']",0.0,0.0,ORIGINAL,False,False,79129100018,USD,more brands,"[{'colorName': 'Cream', 'swatchImageId': 'DP1001202407190935S.tif', 'colorizedImageId': 'DP1001202407190630M.tif', 'colorSeqNum': 1, 'skuId': '79129100018', 'defaultSwatch': False, 'skuAltImages': [{'imgId': 'DP1001202407190732M.tif', 'colorSeq': 0}, {'imgId': 'DP1001202407190427M.tif', 'colorSeq': 1}, {'imgId': 'DP1001202407191037M.tif', 'colorSeq': 2}]}]",/p/ian-adjustable-2-pc-lounge-chair/ppr5008429778?pTmplType=regular&searchTerm=patio+and+outdoor+furniture&geoZip=55057,"[{'message': 'Online Only', 'icon': 'mouse'}, {'message': 'Available for Shipping', 'icon': 'check'}]",False,791,True,1425.0,1425.0,RECLINER,False,False,2024-10-21T09:04:44,DP1001202407190630M.tif,DP1001202407190732M.tif,,,https://www.jcpenney.com/p/ian-adjustable-2-pc-lounge-chair/ppr5008429778?pTmplType=regular&searchTerm=patio+and+outdoor+furniture&geoZip=55057,20251225,patio and outdoor furniture
Salem 2-pc. Lounge Chair,ppr5008376398,,,1720.0,1720.0,1720.0,1720.0,ORIGINAL,False,False,available online only,False,False,original,False,True,"['# Pieces In Set: 2', 'Included: 2 Chair(s)', 'Features: 4 Legs', 'Manufacturer Warranty: 90 Days Limited', 'Seating Capacity: 2']",0.0,0.0,ORIGINAL,False,False,79127680018,USD,more brands,"[{'colorName': 'Navy Blue', 'swatchImageId': 'DP0706202307303065S.tif', 'colorizedImageId': 'DP0706202307302962M.tif', 'colorSeqNum': 1, 'skuId': '79127680018', 'defaultSwatch': False, 'skuAltImages': [{'imgId': 'DP0706202307303271M.tif', 'colorSeq': 0}, {'imgId': 'DP0706202307303374M.tif', 'colorSeq': 1}, {'imgId': 'DP0706202307303477M.tif', 'colorSeq': 2}]}]",/p/salem-2-pc-lounge-chair/ppr5008376398?pTmplType=regular&searchTerm=patio+and+outdoor+furniture&geoZip=55057,"[{'message': 'Online Only', 'icon': 'mouse'}, {'message': 'Available for Shipping', 'icon': 'check'}]",False,791,True,1290.0,1290.0,RECLINER,False,False,2023-07-27T15:03:07,DP0706202307302962M.tif,DP0706202307303271M.tif,,,https://www.jcpenney.com/p/salem-2-pc-lounge-chair/ppr5008376398?pTmplType=regular&searchTerm=patio+and+outdoor+furniture&geoZip=55057,20251225,patio and outdoor furniture
Hanlee Folding Adriondack Chair,ppr5008376337,,,370.0,370.0,370.0,370.0,ORIGINAL,False,False,available online only,False,False,original,False,True,"['Included: 1 Chair(s)', 'Features: Folding', 'Manufacturer Warranty: 90 Days Limited', 'Seating Capacity: 1', 'Tools Required: Allen Wrench (included), Screws (included), Phillips Screwdriver (included)']",0.0,0.0,ORIGINAL,False,False,79127130018,USD,more brands,"[{'colorName': 'Navy Blue', 'swatchImageId': 'DP0705202307185919S.tif', 'colorizedImageId': 'DP0705202307185505M.tif', 'colorSeqNum': 1, 'skuId': '79127130018', 'defaultSwatch': False, 'skuAltImages': [{'imgId': 'DP0705202307185609M.tif', 'colorSeq': 0}, {'imgId': 'DP0705202307185712M.tif', 'colorSeq': 1}, {'imgId': 'DP0705202307185402M.tif', 'colorSeq': 2}]}]",/p/hanlee-folding-adriondack-chair/ppr5008376337?pTmplType=regular&searchTerm=patio+and+outdoor+furniture&geoZip=55057,"[{'message': 'Online Only', 'icon': 'mouse'}, {'message': 'Available for Shipping', 'icon': 'check'}]",False,791,True,333.0,333.0,GIFTWRAP,False,False,2023-07-10T07:08:28,DP0705202307185505M.tif,DP0705202307185609M.tif,,,https://www.jcpenney.com/p/hanlee-folding-adriondack-chair/ppr5008376337?pTmplType=regular&searchTerm=patio+and+outdoor+furniture&geoZip=55057,20251225,patio and outdoor furniture
Hayle 2-pc. Adriondack Chair,ppr5008376236,,,785.0,785.0,785.0,785.0,ORIGINAL,False,False,available online only,False,False,original,False,True,"['# Pieces In Set: 2', 'Included: 2 Chair(s)', 'Features: Back Support', 'Manufacturer Warranty: 90 Days Limited', 'Seating Capacity: 2']",0.0,0.0,ORIGINAL,False,False,79127490018,USD,more brands,"[{'colorName': 'Natural', 'swatchImageId': 'DP0706202307273011S.tif', 'colorizedImageId': 'DP0706202307272908M.tif', 'colorSeqNum': 1, 'skuId': '79127490018', 'defaultSwatch': False, 'skuAltImages': [{'imgId': 'DP0706202307273218M.tif', 'colorSeq': 0}, {'imgId': 'DP0706202307273321M.tif', 'colorSeq': 1}, {'imgId': 'DP0706202307273425M.tif', 'colorSeq': 2}]}]",/p/hayle-2-pc-adriondack-chair/ppr5008376236?pTmplType=regular&searchTerm=patio+and+outdoor+furniture&geoZip=55057,"[{'message': 'Online Only', 'icon': 'mouse'}, {'message': 'Available for Shipping', 'icon': 'check'}]",False,791,True,588.75,588.75,RECLINER,False,False,2023-07-13T19:04:41,DP0706202307272908M.tif,DP0706202307273218M.tif,,,https://www.jcpenney.com/p/hayle-2-pc-adriondack-chair/ppr5008376236?pTmplType=regular&searchTerm=patio+and+outdoor+furniture&geoZip=55057,20251225,patio and outdoor furniture
Hampton 2-pc. Club Chair,ppr5008376212,,,720.0,720.0,720.0,720.0,ORIGINAL,False,False,available online only,False,False,original,False,True,"['# Pieces In Set: 2', 'Included: 2 Chair(s)', 'Features: Back Support', 'Manufacturer Warranty: 90 Days Limited', 'Seating Capacity: 2']",0.0,0.0,ORIGINAL,False,False,79126540018,USD,more brands,"[{'colorName': 'Gray Mixed Black', 'swatchImageId': 'DP0705202307085262S.tif', 'colorizedImageId': 'DP0705202307084850M.tif', 'colorSeqNum': 1, 'skuId': '79126540018', 'defaultSwatch': False, 'skuAltImages': [{'imgId': 'DP0705202307084953M.tif', 'colorSeq': 0}, {'imgId': 'DP0705202307085056M.tif', 'colorSeq': 1}, {'imgId': 'DP0705202307084643M.tif', 'colorSeq': 2}]}]",/p/hampton-2-pc-club-chair/ppr5008376212?pTmplType=regular&searchTerm=patio+and+outdoor+furniture&geoZip=55057,"[{'message': 'Online Only', 'icon': 'mouse'}, {'message': 'Available for Shipping', 'icon': 'check'}]",False,791,True,648.0,648.0,GIFTWRAP,False,False,2023-07-10T07:08:27,DP0705202307084850M.tif,DP0705202307084953M.tif,,,https://www.jcpenney.com/p/hampton-2-pc-club-chair/ppr5008376212?pTmplType=regular&searchTerm=patio+and+outdoor+furniture&geoZip=55057,20251225,patio and outdoor furniture
Cayuse Egg Chair,ppr5008367151,,,1180.0,1180.0,1180.0,1180.0,ORIGINAL,False,False,available online only,False,False,original,False,True,"['Included: 1 Chair(s)', 'Features: Weather Resistant, Quick Ship, Water Resistant, Removable Cushions', 'Manufacturer Warranty: 90 Days Limited', 'Seating Capacity: 1', 'Tools Required: Screws (included), Allen Wrench (included)']",0.0,0.0,ORIGINAL,False,False,79125860018,USD,more brands,"[{'colorName': 'Gray Black', 'swatchImageId': 'DP1023202515151121S.tif', 'colorizedImageId': 'DP1023202515151017M.tif', 'colorSeqNum': 1, 'skuId': '79125860018', 'defaultSwatch': False, 'skuAltImages': [{'imgId': 'DP1023202515151537M.tif', 'colorSeq': 0}, {'imgId': 'DP1023202515151433M.tif', 'colorSeq': 1}, {'imgId': 'DP1023202515151224M.tif', 'colorSeq': 2}]}]",/p/cayuse-egg-chair/ppr5008367151?pTmplType=regular&searchTerm=patio+and+outdoor+furniture&geoZip=55057,"[{'message': 'Online Only', 'icon': 'mouse'}, {'message': 'Available for Shipping', 'icon': 'check'}]",False,791,True,885.0,885.0,RECLINER,False,False,2025-10-23T22:05:44,DP1023202515151017M.tif,DP1023202515151537M.tif,"[{'name': 'NEW', 'priority': 1, 'urlParam': 'new'}]",,https://www.jcpenney.com/p/cayuse-egg-chair/ppr5008367151?pTmplType=regular&searchTerm=patio+and+outdoor+furniture&geoZip=55057,20251225,patio and outdoor furniture
Castaic Egg Chair,ppr5008367145,,,740.0,740.0,740.0,740.0,ORIGINAL,False,False,available online only,False,False,original,False,True,"['Included: 1 Chair(s)', 'Features: Weather Resistant, Water Resistant, Removable Cushions, Quick Ship', 'Manufacturer Warranty: 90 Days Limited', 'Seating Capacity: 1', 'Tools Required: Screws (included), Allen Wrench (included)']",0.0,0.0,ORIGINAL,False,False,79125800018,USD,more brands,"[{'colorName': 'Gray Black', 'swatchImageId': 'DP1023202515142938S.tif', 'colorizedImageId': 'DP1023202515142833M.tif', 'colorSeqNum': 1, 'skuId': '79125800018', 'defaultSwatch': False, 'skuAltImages': [{'imgId': 'DP1023202515143355M.tif', 'colorSeq': 0}, {'imgId': 'DP1023202515143252M.tif', 'colorSeq': 1}, {'imgId': 'DP1023202515143042M.tif', 'colorSeq': 2}]}]",/p/castaic-egg-chair/ppr5008367145?pTmplType=regular&searchTerm=patio+and+outdoor+furniture&geoZip=55057,"[{'message': 'Online Only', 'icon': 'mouse'}, {'message': 'Available for Shipping', 'icon': 'check'}]",False,791,True,666.0,666.0,GIFTWRAP,False,False,2025-10-23T22:05:43,DP1023202515142833M.tif,DP1023202515143355M.tif,"[{'name': 'NEW', 'priority': 1, 'urlParam': 'new'}]",,https://www.jcpenney.com/p/castaic-egg-chair/ppr5008367145?pTmplType=regular&searchTerm=patio+and+outdoor+furniture&geoZip=55057,20251225,patio and outdoor furniture
Safavieh Moreno Rocking Chair,ppr5008357171,,,380.0,380.0,380.0,380.0,ORIGINAL,False,False,available online only,False,False,original,False,True,"['Included: 1 Chair(s)', 'Joinery: Screwed', 'Seating Capacity: 1', 'Tools Required: Screws (included), Allen Wrench (included)', 'Measurements: 37.4 Height/Inches, 28.4 Width/Inches, 33.9 Depth/Inches']",0.0,0.0,ORIGINAL,False,False,79123990018,USD,safavieh,"[{'colorName': 'Natural', 'swatchImageId': 'DP0508202309222122S.tif', 'colorizedImageId': 'DP0508202309221916M.tif', 'colorSeqNum': 1, 'skuId': '79123990018', 'defaultSwatch': False, 'skuAltImages': [{'imgId': 'DP0508202309222019M.tif', 'colorSeq': 0}, {'imgId': 'DP0508202309221709M.tif', 'colorSeq': 1}, {'imgId': 'DP0508202309221813M.tif', 'colorSeq': 2}]}]",/p/safavieh-moreno-rocking-chair/ppr5008357171?pTmplType=regular&searchTerm=patio+and+outdoor+furniture&geoZip=55057,"[{'message': 'Online Only', 'icon': 'mouse'}, {'message': 'Available for Shipping', 'icon': 'check'}]",False,791,True,342.0,342.0,GIFTWRAP,False,False,2023-05-09T00:11:33,DP0508202309221916M.tif,DP0508202309222019M.tif,,,https://www.jcpenney.com/p/safavieh-moreno-rocking-chair/ppr5008357171?pTmplType=regular&searchTerm=patio+and+outdoor+furniture&geoZip=55057,20251225,patio and outdoor furniture
2-pc. Lounge Chair,ppr5008336749,,,860.0,860.0,860.0,860.0,ORIGINAL,False,False,available online only,False,False,original,False,True,"['# Pieces In Set: 2', 'Included: 1 Chair(s)', 'Features: 4 Legs', 'Seating Capacity: 1', 'Tools Required: Allen Wrench (included)']",0.0,0.0,ORIGINAL,False,False,79122460018,USD,more brands,"[{'colorName': 'White', 'swatchImageId': 'DP0314202309291871S.tif', 'colorizedImageId': 'DP0314202309291457M.tif', 'colorSeqNum': 1, 'skuId': '79122460018', 'defaultSwatch': False, 'skuAltImages': [{'imgId': 'DP0314202309291560M.tif', 'colorSeq': 0}, {'imgId': 'DP0314202309291665M.tif', 'colorSeq': 1}, {'imgId': 'DP0314202309291768M.tif', 'colorSeq': 2}]}]",/p/2-pc-lounge-chair/ppr5008336749?pTmplType=regular&searchTerm=patio+and+outdoor+furniture&geoZip=55057,"[{'message': 'Online Only', 'icon': 'mouse'}, {'message': 'Available for Shipping', 'icon': 'check'}]",False,791,True,645.0,645.0,RECLINER,False,False,2023-03-14T22:10:08,DP0314202309291457M.tif,DP0314202309291560M.tif,,,https://www.jcpenney.com/p/2-pc-lounge-chair/ppr5008336749?pTmplType=regular&searchTerm=patio+and+outdoor+furniture&geoZip=55057,20251225,patio and outdoor furniture
4 Pack Armchair,ppr5008255069,,,1250.0,1250.0,1250.0,1250.0,ORIGINAL,False,False,available online only,False,False,original,False,True,"['# Pieces In Set: 4-Pack', 'Features: Portable', 'Manufacturer Warranty: 1 Year', 'Seating Capacity: 4', 'Measurements: 32 Height/Inches, 22 Depth/Inches, 22.75 Width/Inches']",0.0,0.0,ORIGINAL,False,False,79119460018,USD,more brands,"[{'colorName': 'Black', 'swatchImageId': 'DP1031202507203507S.tif', 'colorizedImageId': 'DP1016202511152494M.tif', 'colorSeqNum': 1, 'skuId': '79119460018', 'defaultSwatch': False, 'skuAltImages': [{'imgId': 'DP0609202215061046M.tif', 'colorSeq': 0}, {'imgId': 'DP1016202511152701M.tif', 'colorSeq': 1}, {'imgId': 'DP1016202511152390M.tif', 'colorSeq': 2}]}]",/p/4-pack-armchair/ppr5008255069?pTmplType=regular&searchTerm=patio+and+outdoor+furniture&geoZip=55057,"[{'message': 'Online Only', 'icon': 'mouse'}, {'message': 'Available for Shipping', 'icon': 'check'}]",False,791,True,937.5,937.5,RECLINER,False,False,2023-03-10T19:04:38,DP1016202511152494M.tif,DP0609202215061046M.tif,,,https://www.jcpenney.com/p/4-pack-armchair/ppr5008255069?pTmplType=regular&searchTerm=patio+and+outdoor+furniture&geoZip=55057,20251225,patio and outdoor furniture
2 Pack Armchair,ppr5008255068,,,540.0,540.0,540.0,540.0,ORIGINAL,False,False,available online only,False,False,original,False,True,"['# Pieces In Set: 2-Pack', 'Features: Portable', 'Manufacturer Warranty: 1 Year', 'Seating Capacity: 2', 'Measurements: 22 Depth/Inches, 22.75 Width/Inches, 32 Height/Inches']",0.0,0.0,ORIGINAL,False,False,79119450018,USD,more brands,"[{'colorName': 'Black', 'swatchImageId': 'DP1031202507203403S.tif', 'colorizedImageId': 'DP1016202511151768M.tif', 'colorSeqNum': 1, 'skuId': '79119450018', 'defaultSwatch': False, 'skuAltImages': [{'imgId': 'DP0609202215060016M.tif', 'colorSeq': 0}, {'imgId': 'DP1016202511152182M.tif', 'colorSeq': 1}, {'imgId': 'DP1016202511152079M.tif', 'colorSeq': 2}]}]",/p/2-pack-armchair/ppr5008255068?pTmplType=regular&searchTerm=patio+and+outdoor+furniture&geoZip=55057,"[{'message': 'Online Only', 'icon': 'mouse'}, {'message': 'Available for Shipping', 'icon': 'check'}]",False,791,True,486.0,486.0,GIFTWRAP,False,False,2023-03-10T19:04:38,DP1016202511151768M.tif,DP0609202215060016M.tif,,,https://www.jcpenney.com/p/2-pack-armchair/ppr5008255068?pTmplType=regular&searchTerm=patio+and+outdoor+furniture&geoZip=55057,20251225,patio and outdoor furniture
Safavieh Lenda 2-pc.,ppr5008236706,,,850.0,850.0,850.0,850.0,ORIGINAL,False,False,available online only,False,False,original,False,True,"['# Pieces In Set: 2', 'Included: 2 Chair(s)', 'Features: Water Resistant, Quick Ship', 'Joinery: Welded Joint, Screwed', 'Seating Capacity: 2']",0.0,0.0,ORIGINAL,False,False,79116230018,USD,safavieh,"[{'colorName': 'Navy White Brown', 'swatchImageId': 'DP0413202209024410S.tif', 'colorizedImageId': 'DP0413202209024406M.tif', 'colorSeqNum': 1, 'skuId': '79116230018', 'defaultSwatch': False, 'skuAltImages': [{'imgId': 'DP0413202209024416M.tif', 'colorSeq': 0}, {'imgId': 'DP0413202209024424M.tif', 'colorSeq': 1}, {'imgId': 'DP0413202209024413M.tif', 'colorSeq': 2}]}]",/p/safavieh-lenda-2-pc/ppr5008236706?pTmplType=regular&searchTerm=patio+and+outdoor+furniture&geoZip=55057,"[{'message': 'Online Only', 'icon': 'mouse'}, {'message': 'Available for Shipping', 'icon': 'check'}]",False,791,True,637.5,637.5,RECLINER,False,False,2022-07-26T19:05:42,DP0413202209024406M.tif,DP0413202209024416M.tif,"[{'name': 'Few Left', 'priority': 1, 'urlParam': 'fewleft'}]",,https://www.jcpenney.com/p/safavieh-lenda-2-pc/ppr5008236706?pTmplType=regular&searchTerm=patio+and+outdoor+furniture&geoZip=55057,20251225,patio and outdoor furniture
Nuca Patio Lounge Chair,ppr5008236703,,,830.0,830.0,830.0,830.0,ORIGINAL,False,False,available online only,False,False,original,False,True,"['Included: 1 Chair(s)', 'Features: Quick Ship', 'Joinery: Screwed', 'Seating Capacity: 1', 'Tools Required: Allen Wrench (included)']",0.0,0.0,ORIGINAL,False,False,79116260018,USD,safavieh,"[{'colorName': 'Natural White', 'swatchImageId': 'DP0413202209024522S.tif', 'colorizedImageId': 'DP0413202209024519M.tif', 'colorSeqNum': 1, 'skuId': '79116260018', 'defaultSwatch': False, 'skuAltImages': [{'imgId': 'DP0413202209024539M.tif', 'colorSeq': 0}, {'imgId': 'DP0413202209024527M.tif', 'colorSeq': 1}, {'imgId': 'DP0413202209024524M.tif', 'colorSeq': 2}]}]",/p/nuca-patio-lounge-chair/ppr5008236703?pTmplType=regular&searchTerm=patio+and+outdoor+furniture&geoZip=55057,"[{'message': 'Online Only', 'icon': 'mouse'}, {'message': 'Available for Shipping', 'icon': 'check'}]",False,791,True,622.5,622.5,RECLINER,False,False,2022-04-13T22:03:28,DP0413202209024519M.tif,DP0413202209024539M.tif,,,https://www.jcpenney.com/p/nuca-patio-lounge-chair/ppr5008236703?pTmplType=regular&searchTerm=patio+and+outdoor+furniture&geoZip=55057,20251225,patio and outdoor furniture
Sunnydaze Patio Collection Adriondack Chair,ppr5008094717,,,400.0,400.0,400.0,400.0,ORIGINAL,False,False,available online only,False,False,original,False,True,"['Included: 1 Chair(s)', 'Features: Lightweight, Quick Ship, Reclining', 'Joinery: Screwed', 'Manufacturer Warranty: 1 Year', 'Seating Capacity: 1']",0.0,0.0,ORIGINAL,False,False,79109890018,USD,more brands,"[{'colorName': 'Gray', 'swatchImageId': 'DP0318202107030119S.tif', 'colorizedImageId': 'DP0318202107030109M.tif', 'colorSeqNum': 1, 'skuId': '79109890018', 'defaultSwatch': False, 'skuAltImages': [{'imgId': 'DP0318202107030144M.tif', 'colorSeq': 0}, {'imgId': 'DP0318202107030169M.tif', 'colorSeq': 1}, {'imgId': 'DP0318202107030159M.tif', 'colorSeq': 2}]}]",/p/sunnydaze-patio-collection-adriondack-chair/ppr5008094717?pTmplType=regular&searchTerm=patio+and+outdoor+furniture&geoZip=55057,"[{'message': 'Online Only', 'icon': 'mouse'}, {'message': 'Available for Shipping', 'icon': 'check'}]",False,791,True,,,,False,False,2021-03-19T11:05:27,DP0318202107030109M.tif,DP0318202107030144M.tif,,,https://www.jcpenney.com/p/sunnydaze-patio-collection-adriondack-chair/ppr5008094717?pTmplType=regular&searchTerm=patio+and+outdoor+furniture&geoZip=55057,20251225,patio and outdoor furniture
Redbonne 2-pc. Bar Stool,ppr5008234207,,,1600.0,1600.0,1600.0,1600.0,ORIGINAL,False,False,available online only,False,False,original,False,True,"['# Pieces In Set: 2', 'Included: 2 Chair(s)', 'Features: Waterproof, Quick Ship, Outdoor, 4 Legs, Armless, Weather Resistant', 'Joinery: Cam And Bolt Lock', 'Manufacturer Warranty: 1 Year']",0.0,0.0,ORIGINAL,False,False,79115500042,USD,more brands,"[{'colorName': 'Black', 'swatchImageId': 'DP0418202209020897S.tif', 'colorizedImageId': 'DP0418202209020920M.tif', 'colorSeqNum': 1, 'skuId': '79115500018', 'defaultSwatch': False, 'skuAltImages': [{'imgId': 'DP0418202209020905M.tif', 'colorSeq': 0}, {'imgId': 'DP0418202209020928M.tif', 'colorSeq': 1}, {'imgId': 'DP0418202209020942M.tif', 'colorSeq': 2}]}, {'colorName': 'Blue', 'swatchImageId': 'DP0418202209020898S.tif', 'colorizedImageId': 'DP0418202209020891M.tif', 'colorSeqNum': 2, 'skuId': '79115500026', 'defaultSwatch': False, 'skuAltImages': [{'imgId': 'DP0418202209020906M.tif', 'colorSeq': 0}, {'imgId': 'DP0418202209020922M.tif', 'colorSeq': 1}, {'imgId': 'DP0418202209020912M.tif', 'colorSeq': 2}]}, {'colorName': 'Gray', 'swatchImageId': 'DP0418202209020900S.tif', 'colorizedImageId': 'DP0418202209020908M.tif', 'colorSeqNum': 3, 'skuId': '79115500034', 'defaultSwatch': False, 'skuAltImages': [{'imgId': 'DP0418202209020931M.tif', 'colorSeq': 1}, {'imgId': 'DP0418202209020914M.tif', 'colorSeq': 2}, {'imgId': 'DP0418202209020958M.tif', 'colorSeq': 3}]}, {'colorName': 'White', 'swatchImageId': 'DP0418202209020902S.tif', 'colorizedImageId': 'DP0418202209020953M.tif', 'colorSeqNum': 5, 'skuId': '79115500059', 'defaultSwatch': False, 'skuAltImages': [{'imgId': 'DP0418202209020911M.tif', 'colorSeq': 0}, {'imgId': 'DP0418202209020934M.tif', 'colorSeq': 1}, {'imgId': 'DP0418202209020925M.tif', 'colorSeq': 2}]}, {'colorName': 'Yellow', 'swatchImageId': 'DP0418202209020903S.tif', 'colorizedImageId': 'DP0418202209020895M.tif', 'colorSeqNum': 6, 'skuId': '79115500067', 'defaultSwatch': False, 'skuAltImages': [{'imgId': 'DP0418202209020945M.tif', 'colorSeq': 0}, {'imgId': 'DP0418202209020936M.tif', 'colorSeq': 1}, {'imgId': 'DP0418202209020927M.tif', 'colorSeq': 2}]}]",/p/redbonne-2-pc-bar-stool/ppr5008234207?pTmplType=regular&searchTerm=patio+and+outdoor+furniture&geoZip=55057,"[{'message': 'Online Only', 'icon': 'mouse'}, {'message': 'Available for Shipping', 'icon': 'check'}]",False,791,True,1200.0,1200.0,RECLINER,False,False,2022-04-18T22:04:49,DP0418202209020920M.tif,DP0418202209020905M.tif,,,https://www.jcpenney.com/p/redbonne-2-pc-bar-stool/ppr5008234207?pTmplType=regular&searchTerm=patio+and+outdoor+furniture&geoZip=55057,20251225,patio and outdoor furniture
"Glitzhome 17.25"" MGO Faux Terrazzo Patio Garden Stool",ppr5008341805,,,134.99,134.99,225.0,225.0,SALE,False,False,available online only,False,False,original,False,True,"['Manufacturer Warranty: 1 Year', 'Measurements: 15.5 Depth/Inches, 17.25 Height/Inches, 15.5 Width/Inches', 'Dining Height: Standard Height', 'Maximum Weight Limit: 220 Lbs', 'Weight (lb.): 18.5 Lb']",0.0,0.0,SALE,False,False,62770410026,USD,glitzhome,"[{'colorName': 'Blue', 'swatchImageId': 'DP0315202307185763S.tif', 'colorizedImageId': 'DP0315202307185659M.tif', 'colorSeqNum': 1, 'skuId': '62770410026', 'defaultSwatch': False, 'skuAltImages': [{'imgId': 'DP0315202307190179M.tif', 'colorSeq': 0}, {'imgId': 'DP0315202307190075M.tif', 'colorSeq': 1}, {'imgId': 'DP0315202307185970M.tif', 'colorSeq': 2}]}]",/p/glitzhome-1725-mgo-faux-terrazzo-patio-garden-stool/ppr5008341805?pTmplType=regular&searchTerm=patio+and+outdoor+furniture&geoZip=55057,"[{'message': 'Online Only', 'icon': 'mouse'}, {'message': 'Available for Shipping', 'icon': 'check'}]",False,627,True,121.49,121.49,YULETIDE,False,False,2023-04-10T07:08:00,DP0315202307185659M.tif,DP0315202307190179M.tif,,"[{'name': 'Shop the Collection', 'priority': 1, 'urlParam': 'collection'}]",https://www.jcpenney.com/p/glitzhome-1725-mgo-faux-terrazzo-patio-garden-stool/ppr5008341805?pTmplType=regular&searchTerm=patio+and+outdoor+furniture&geoZip=55057,20251225,patio and outdoor furniture
Milos 2-pc. Bar Stool,ppr5008305707,,,390.0,390.0,390.0,390.0,ORIGINAL,False,False,available online only,False,False,original,False,True,"['# Pieces In Set: 2', 'Included: 2 Stool(s)', 'Features: Water Resistant', 'Manufacturer Warranty: 90 Days Limited', 'Seating Capacity: 2']",0.0,0.0,ORIGINAL,False,False,79121050018,USD,more brands,"[{'colorName': 'Dark Brown', 'swatchImageId': 'DP1107202211432101S.tif', 'colorizedImageId': 'DP1107202211431787M.tif', 'colorSeqNum': 1, 'skuId': '79121050018', 'defaultSwatch': False, 'skuAltImages': [{'imgId': 'DP1107202211431893M.tif', 'colorSeq': 0}, {'imgId': 'DP1107202211431572M.tif', 'colorSeq': 1}, {'imgId': 'DP1107202211431998M.tif', 'colorSeq': 2}]}]",/p/milos-2-pc-bar-stool/ppr5008305707?pTmplType=regular&searchTerm=patio+and+outdoor+furniture&geoZip=55057,"[{'message': 'Online Only', 'icon': 'mouse'}, {'message': 'Available for Shipping', 'icon': 'check'}]",False,791,True,351.0,351.0,GIFTWRAP,False,False,2022-11-08T07:10:45,DP1107202211431787M.tif,DP1107202211431893M.tif,,,https://www.jcpenney.com/p/milos-2-pc-bar-stool/ppr5008305707?pTmplType=regular&searchTerm=patio+and+outdoor+furniture&geoZip=55057,20251225,patio and outdoor furniture
Sunnydaze® Hanging Caribbean Hammock Chair,ppr5008109640,4.6667,15.0,200.0,200.0,200.0,200.0,ORIGINAL,False,False,available online only,False,False,original,False,True,"['Included: 1 Hammock(s), 1 Set of Assembly Instructions', 'Features: Quick Ship', 'Manufacturer Warranty: 1 Year', 'Seating Capacity: 1', 'Measurements: 36 Depth/Inches, 47 Width/Inches, 48 Height/Inches']",0.0,0.0,ORIGINAL,False,False,79112820026,USD,more brands,"[{'colorName': 'Red', 'swatchImageId': 'DP1016202507171028S.tif', 'colorizedImageId': 'DP1016202507170924M.tif', 'colorSeqNum': 1, 'skuId': '79112790018', 'defaultSwatch': False, 'skuAltImages': [{'imgId': 'DP1016202507171545M.tif', 'colorSeq': 0}, {'imgId': 'DP1016202507171441M.tif', 'colorSeq': 1}, {'imgId': 'DP1016202507171338M.tif', 'colorSeq': 2}]}]",/p/sunnydaze-hanging-caribbean-hammock-chair/ppr5008109640?pTmplType=regular&searchTerm=patio+and+outdoor+furniture&geoZip=55057,"[{'message': 'Online Only', 'icon': 'mouse'}, {'message': 'Available for Shipping', 'icon': 'check'}]",False,791,True,,,,False,False,2021-04-13T19:02:09,DP1016202507170924M.tif,DP1016202507171545M.tif,,,https://www.jcpenney.com/p/sunnydaze-hanging-caribbean-hammock-chair/ppr5008109640?pTmplType=regular&searchTerm=patio+and+outdoor+furniture&geoZip=55057,20251225,patio and outdoor furniture
Ottavio Expandable Patio Daybed,ppr5008376220,,,1315.0,1315.0,1315.0,1315.0,ORIGINAL,False,False,available online only,False,False,original,False,True,"['Features: Upholstered, Expandable', 'Manufacturer Warranty: 90 Days Limited', 'Seating Capacity: 2', 'Tools Required: Screws (included), Allen Wrench (included)', 'Chair Measurements: 27 Height/Inches, 65.5 Width/Inches, 30.5 Depth/Inches']",0.0,0.0,ORIGINAL,False,False,79126610018,USD,more brands,"[{'colorName': 'Teal Gray', 'swatchImageId': 'DP0705202307100174S.tif', 'colorizedImageId': 'DP0705202307095762M.tif', 'colorSeqNum': 1, 'skuId': '79126610018', 'defaultSwatch': False, 'skuAltImages': [{'imgId': 'DP0705202307095864M.tif', 'colorSeq': 0}, {'imgId': 'DP0705202307095968M.tif', 'colorSeq': 1}, {'imgId': 'DP0705202307095556M.tif', 'colorSeq': 2}]}]",/p/ottavio-expandable-patio-daybed/ppr5008376220?pTmplType=regular&searchTerm=patio+and+outdoor+furniture&geoZip=55057,"[{'message': 'Online Only', 'icon': 'mouse'}, {'message': 'Available for Shipping', 'icon': 'check'}]",False,791,True,986.25,986.25,RECLINER,False,False,2023-07-10T07:08:27,DP0705202307095762M.tif,DP0705202307095864M.tif,,,https://www.jcpenney.com/p/ottavio-expandable-patio-daybed/ppr5008376220?pTmplType=regular&searchTerm=patio+and+outdoor+furniture&geoZip=55057,20251225,patio and outdoor furniture
Kinzie Patio Daybed,ppr5008376216,,,1930.0,1930.0,1930.0,1930.0,ORIGINAL,False,False,available online only,False,False,original,False,True,"['Included: 1 Chair(s)', 'Features: Upholstered', 'Manufacturer Warranty: 90 Days Limited', 'Seating Capacity: 2', 'Tools Required: Allen Wrench (included), Screws (included)']",0.0,0.0,ORIGINAL,False,False,79126580018,USD,more brands,"[{'colorName': 'Teak Blue', 'swatchImageId': 'DP0705202307093080S.tif', 'colorizedImageId': 'DP0705202307092771M.tif', 'colorSeqNum': 1, 'skuId': '79126580018', 'defaultSwatch': False, 'skuAltImages': [{'imgId': 'DP0705202307092874M.tif', 'colorSeq': 0}, {'imgId': 'DP0705202307092977M.tif', 'colorSeq': 1}, {'imgId': 'DP0705202307092565M.tif', 'colorSeq': 2}]}]",/p/kinzie-patio-daybed/ppr5008376216?pTmplType=regular&searchTerm=patio+and+outdoor+furniture&geoZip=55057,"[{'message': 'Online Only', 'icon': 'mouse'}, {'message': 'Available for Shipping', 'icon': 'check'}]",False,791,True,1447.5,1447.5,RECLINER,False,False,2023-07-14T19:04:39,DP0705202307092771M.tif,DP0705202307092874M.tif,,,https://www.jcpenney.com/p/kinzie-patio-daybed/ppr5008376216?pTmplType=regular&searchTerm=patio+and+outdoor+furniture&geoZip=55057,20251225,patio and outdoor furniture
Oana 7-pc. Loveseat,ppr5008348069,,,1515.0,1515.0,1515.0,1515.0,ORIGINAL,False,False,available online only,False,False,original,False,True,"['# Pieces In Set: 7', 'Included: 1 Loveseat(s), 3 Seat Back Cushion(s), 3 Seat Cushion(s)', 'Features: 4 Legs, Water Resistant, Quick Ship', 'Seating Capacity: 2', 'Tools Required: Screws (included), Allen Wrench (included)']",0.0,0.0,ORIGINAL,False,False,79123230018,USD,more brands,"[{'colorName': 'Beige', 'swatchImageId': 'DP0329202307123038S.tif', 'colorizedImageId': 'DP0329202307122935M.tif', 'colorSeqNum': 1, 'skuId': '79123230018', 'defaultSwatch': False, 'skuAltImages': [{'imgId': 'DP0329202307122729M.tif', 'colorSeq': 0}, {'imgId': 'DP0329202307123350M.tif', 'colorSeq': 1}, {'imgId': 'DP0329202307123245M.tif', 'colorSeq': 2}]}]",/p/oana-7-pc-loveseat/ppr5008348069?pTmplType=regular&searchTerm=patio+and+outdoor+furniture&geoZip=55057,"[{'message': 'Online Only', 'icon': 'mouse'}, {'message': 'Available for Shipping', 'icon': 'check'}]",False,791,True,1136.25,1136.25,RECLINER,False,False,2023-03-29T22:03:20,DP0329202307122935M.tif,DP0329202307122729M.tif,,,https://www.jcpenney.com/p/oana-7-pc-loveseat/ppr5008348069?pTmplType=regular&searchTerm=patio+and+outdoor+furniture&geoZip=55057,20251225,patio and outdoor furniture
Zimmerman Outdoor Patio Umbrella,ppr5008212536,,,490.0,490.0,490.0,490.0,ORIGINAL,False,False,available online only,False,False,original,False,True,"['Features: Collapsible, Weather Resistant, Quick Ship, Uv Protection', 'Shape: Octagon', 'Measurements: 101.18 Depth/Inches, 99.61 Height/Inches, 101.18 Length/Inches', 'Diameter: 9 Ft', 'Weight (lb.): 15 Lb']",0.0,0.0,ORIGINAL,False,False,79114470026,USD,safavieh,"[{'colorName': 'Navy White', 'swatchImageId': 'DP0127202211022119S.tif', 'colorizedImageId': 'DP0127202211022092M.tif', 'colorSeqNum': 1, 'skuId': '79114470018', 'defaultSwatch': False, 'skuAltImages': [{'imgId': 'DP0127202211022133M.tif', 'colorSeq': 0}, {'imgId': 'DP0127202211022079M.tif', 'colorSeq': 1}, {'imgId': 'DP0127202211022106M.tif', 'colorSeq': 2}]}, {'colorName': 'Beige White', 'swatchImageId': 'DP0127202211022115S.tif', 'colorizedImageId': 'DP0127202211022088M.tif', 'colorSeqNum': 2, 'skuId': '79114470026', 'defaultSwatch': False, 'skuAltImages': [{'imgId': 'DP0127202211022128M.tif', 'colorSeq': 0}, {'imgId': 'DP0127202211022075M.tif', 'colorSeq': 1}, {'imgId': 'DP0127202211022101M.tif', 'colorSeq': 2}]}, {'colorName': 'White', 'swatchImageId': 'DP0127202211022124S.tif', 'colorizedImageId': 'DP0127202211022097M.tif', 'colorSeqNum': 3, 'skuId': '79114470034', 'defaultSwatch': False, 'skuAltImages': [{'imgId': 'DP0127202211022137M.tif', 'colorSeq': 0}, {'imgId': 'DP0127202211022084M.tif', 'colorSeq': 1}, {'imgId': 'DP0127202211022110M.tif', 'colorSeq': 2}]}, {'colorName': 'Dark Green White', 'swatchImageId': 'DP0902202415082492S.tif', 'colorizedImageId': 'DP0902202415081271M.tif', 'colorSeqNum': 4, 'skuId': '79114470042', 'defaultSwatch': False, 'skuAltImages': [{'imgId': 'DP0902202415081882M.tif', 'colorSeq': 0}, {'imgId': 'DP0902202415083105M.tif', 'colorSeq': 1}, {'imgId': 'DP0902202415080657M.tif', 'colorSeq': 2}]}, {'colorName': 'Baby Blue White', 'swatchImageId': 'DP0902202415082391S.tif', 'colorizedImageId': 'DP0902202415081169M.tif', 'colorSeqNum': 5, 'skuId': '79114470059', 'defaultSwatch': False, 'skuAltImages': [{'imgId': 'DP0902202415081781M.tif', 'colorSeq': 0}, {'imgId': 'DP0902202415083002M.tif', 'colorSeq': 1}, {'imgId': 'DP0902202415080555M.tif', 'colorSeq': 2}]}, {'colorName': 'Grey White', 'swatchImageId': 'DP0902202415082594S.tif', 'colorizedImageId': 'DP0902202415081373M.tif', 'colorSeqNum': 6, 'skuId': '79114470067', 'defaultSwatch': False, 'skuAltImages': [{'imgId': 'DP0902202415081984M.tif', 'colorSeq': 0}, {'imgId': 'DP0902202415083206M.tif', 'colorSeq': 1}, {'imgId': 'DP0902202415080759M.tif', 'colorSeq': 2}]}, {'colorName': 'Yellow White', 'swatchImageId': 'DP0902202415082899S.tif', 'colorizedImageId': 'DP0902202415081678M.tif', 'colorSeqNum': 7, 'skuId': '79114470075', 'defaultSwatch': False, 'skuAltImages': [{'imgId': 'DP0902202415082289M.tif', 'colorSeq': 0}, {'imgId': 'DP0902202415083512M.tif', 'colorSeq': 1}, {'imgId': 'DP0902202415081066M.tif', 'colorSeq': 2}]}, {'colorName': 'Orange White Trim', 'swatchImageId': 'DP0902202415082696S.tif', 'colorizedImageId': 'DP0902202415081475M.tif', 'colorSeqNum': 8, 'skuId': '79114470083', 'defaultSwatch': False, 'skuAltImages': [{'imgId': 'DP0902202415082085M.tif', 'colorSeq': 0}, {'imgId': 'DP0902202415083308M.tif', 'colorSeq': 1}, {'imgId': 'DP0902202415080860M.tif', 'colorSeq': 2}]}, {'colorName': 'Red White Trim', 'swatchImageId': 'DP0902202415082798S.tif', 'colorizedImageId': 'DP0902202415081577M.tif', 'colorSeqNum': 9, 'skuId': '79114470091', 'defaultSwatch': False, 'skuAltImages': [{'imgId': 'DP0902202415082187M.tif', 'colorSeq': 0}, {'imgId': 'DP0902202415083410M.tif', 'colorSeq': 1}, {'imgId': 'DP0902202415080963M.tif', 'colorSeq': 2}]}]",/p/zimmerman-outdoor-patio-umbrella/ppr5008212536?pTmplType=regular&searchTerm=patio+and+outdoor+furniture&geoZip=55057,"[{'message': 'Online Only', 'icon': 'mouse'}, {'message': 'Available for Shipping', 'icon': 'check'}]",False,791,True,441.0,441.0,GIFTWRAP,False,False,2022-01-27T22:04:20,DP0127202211022092M.tif,DP0127202211022133M.tif,,,https://www.jcpenney.com/p/zimmerman-outdoor-patio-umbrella/ppr5008212536?pTmplType=regular&searchTerm=patio+and+outdoor+furniture&geoZip=55057,20251225,patio and outdoor furniture
Safavieh Vienna Patio Collection Patio Umbrella,ppr5008094075,,,410.0,410.0,410.0,410.0,ORIGINAL,False,False,available online only,False,False,original,False,True,"['Features: Weather Resistant, Collapsible, Uv Protection', 'Shape: Square', 'Measurements: 103.54 Height/Inches, 90 Depth/Inches, 90 Width/Inches', 'Weight (lb.): 13 Lb', 'Assembly: Assembly Required']",0.0,0.0,ORIGINAL,False,False,79109550034,USD,safavieh,"[{'colorName': 'Grey White', 'swatchImageId': 'DP0310202109020665S.tif', 'colorizedImageId': 'DP0310202109020653M.tif', 'colorSeqNum': 1, 'skuId': '79109550018', 'defaultSwatch': False, 'skuAltImages': [{'imgId': 'DP0310202109020689M.tif', 'colorSeq': 0}, {'imgId': 'DP0310202109020714M.tif', 'colorSeq': 1}, {'imgId': 'DP0310202109020701M.tif', 'colorSeq': 2}]}, {'colorName': 'Navy White', 'swatchImageId': 'DP0310202109020669S.tif', 'colorizedImageId': 'DP0310202109020657M.tif', 'colorSeqNum': 2, 'skuId': '79109550026', 'defaultSwatch': False, 'skuAltImages': [{'imgId': 'DP0310202109020693M.tif', 'colorSeq': 0}, {'imgId': 'DP0310202109020718M.tif', 'colorSeq': 1}, {'imgId': 'DP0310202109020705M.tif', 'colorSeq': 2}]}, {'colorName': 'Black White', 'swatchImageId': 'DP0310202109020661S.tif', 'colorizedImageId': 'DP0310202109020649M.tif', 'colorSeqNum': 3, 'skuId': '79109550034', 'defaultSwatch': False, 'skuAltImages': [{'imgId': 'DP0310202109020685M.tif', 'colorSeq': 0}, {'imgId': 'DP0310202109020710M.tif', 'colorSeq': 1}, {'imgId': 'DP0310202109020697M.tif', 'colorSeq': 2}]}, {'colorName': 'Beige Stripe', 'swatchImageId': 'DP0903202407285482S.tif', 'colorizedImageId': 'DP0903202407285279M.tif', 'colorSeqNum': 4, 'skuId': '79109550042', 'defaultSwatch': False, 'skuAltImages': [{'imgId': 'DP0903202407285381M.tif', 'colorSeq': 0}, {'imgId': 'DP0903202407285584M.tif', 'colorSeq': 1}, {'imgId': 'DP0903202407285177M.tif', 'colorSeq': 2}]}]",/p/safavieh-vienna-patio-collection-patio-umbrella/ppr5008094075?pTmplType=regular&searchTerm=patio+and+outdoor+furniture&geoZip=55057,"[{'message': 'Online Only', 'icon': 'mouse'}, {'message': 'Available for Shipping', 'icon': 'check'}]",False,791,True,369.0,369.0,GIFTWRAP,False,False,2021-03-10T22:04:23,DP0310202109020653M.tif,DP0310202109020689M.tif,,,https://www.jcpenney.com/p/safavieh-vienna-patio-collection-patio-umbrella/ppr5008094075?pTmplType=regular&searchTerm=patio+and+outdoor+furniture&geoZip=55057,20251225,patio and outdoor furniture
Safavieh Elegant Patio Collection Patio Umbrella,ppr5008094038,,,430.0,430.0,430.0,430.0,ORIGINAL,False,False,available online only,False,False,original,False,True,"['Features: Uv Protection, Weather Resistant, Collapsible', 'Shape: Octagon', 'Measurements: 100.79 Depth/Inches, 98.82 Height/Inches, 100.79 Width/Inches', 'Diameter: 9 Ft', 'Weight (lb.): 14 Lb']",0.0,0.0,ORIGINAL,False,False,79109180034,USD,safavieh,"[{'colorName': 'White Navy', 'swatchImageId': 'DP0310202109014455S.tif', 'colorizedImageId': 'DP0310202109014440M.tif', 'colorSeqNum': 1, 'skuId': '79109180034', 'defaultSwatch': False, 'skuAltImages': [{'imgId': 'DP0310202109014488M.tif', 'colorSeq': 0}, {'imgId': 'DP0310202109014502M.tif', 'colorSeq': 1}, {'imgId': 'DP0310202109014469M.tif', 'colorSeq': 2}]}, {'colorName': 'Red White', 'swatchImageId': 'DP0310202109014447S.tif', 'colorizedImageId': 'DP0310202109014433M.tif', 'colorSeqNum': 2, 'skuId': '79109180018', 'defaultSwatch': False, 'skuAltImages': [{'imgId': 'DP0310202109014480M.tif', 'colorSeq': 0}, {'imgId': 'DP0310202109014510M.tif', 'colorSeq': 1}, {'imgId': 'DP0310202109014495M.tif', 'colorSeq': 2}]}, {'colorName': 'White Black', 'swatchImageId': 'DP0310202109014451S.tif', 'colorizedImageId': 'DP0310202109014437M.tif', 'colorSeqNum': 3, 'skuId': '79109180026', 'defaultSwatch': False, 'skuAltImages': [{'imgId': 'DP0310202109014484M.tif', 'colorSeq': 0}, {'imgId': 'DP0310202109014513M.tif', 'colorSeq': 1}, {'imgId': 'DP0310202109014499M.tif', 'colorSeq': 2}]}, {'colorName': 'Navy White', 'swatchImageId': 'DP0310202109014444S.tif', 'colorizedImageId': 'DP0310202109014429M.tif', 'colorSeqNum': 4, 'skuId': '79109180042', 'defaultSwatch': False, 'skuAltImages': [{'imgId': 'DP0310202109014476M.tif', 'colorSeq': 0}, {'imgId': 'DP0310202109014506M.tif', 'colorSeq': 1}, {'imgId': 'DP0310202109014492M.tif', 'colorSeq': 2}]}]",/p/safavieh-elegant-patio-collection-patio-umbrella/ppr5008094038?pTmplType=regular&searchTerm=patio+and+outdoor+furniture&geoZip=55057,"[{'message': 'Online Only', 'icon': 'mouse'}, {'message': 'Available for Shipping', 'icon': 'check'}]",False,791,True,387.0,387.0,GIFTWRAP,False,False,2021-03-10T22:04:10,DP0310202109014440M.tif,DP0310202109014488M.tif,,,https://www.jcpenney.com/p/safavieh-elegant-patio-collection-patio-umbrella/ppr5008094038?pTmplType=regular&searchTerm=patio+and+outdoor+furniture&geoZip=55057,20251225,patio and outdoor furniture
Safavieh Milan Fringe Collection Patio Umbrella,ppr5008094073,,,420.0,420.0,420.0,420.0,ORIGINAL,False,False,available online only,False,False,original,False,True,"['Features: Weather Resistant, Collapsible, Uv Protection', 'Shape: Square', 'Measurements: 103.54 Height/Inches, 90 Depth/Inches, 90 Width/Inches', 'Weight (lb.): 13 Lb', 'Assembly: Assembly Required']",0.0,0.0,ORIGINAL,False,False,79109530034,USD,safavieh,"[{'colorName': 'White', 'swatchImageId': 'DP0310202109020586S.tif', 'colorizedImageId': 'DP0310202109020582M.tif', 'colorSeqNum': 1, 'skuId': '79109530018', 'defaultSwatch': False, 'skuAltImages': [{'imgId': 'DP0310202109020600M.tif', 'colorSeq': 0}, {'imgId': 'DP0310202109020593M.tif', 'colorSeq': 1}, {'imgId': 'DP0310202109020596M.tif', 'colorSeq': 2}]}, {'colorName': 'Grey', 'swatchImageId': 'DP0903202407284668S.tif', 'colorizedImageId': 'DP0903202407284261M.tif', 'colorSeqNum': 2, 'skuId': '79109530026', 'defaultSwatch': False, 'skuAltImages': [{'imgId': 'DP0903202407284464M.tif', 'colorSeq': 0}, {'imgId': 'DP0903202407284873M.tif', 'colorSeq': 1}, {'imgId': 'DP0903202407284058M.tif', 'colorSeq': 2}]}, {'colorName': 'Yellow', 'swatchImageId': 'DP0903202407284771S.tif', 'colorizedImageId': 'DP0903202407284363M.tif', 'colorSeqNum': 3, 'skuId': '79109530034', 'defaultSwatch': False, 'skuAltImages': [{'imgId': 'DP0903202407284567M.tif', 'colorSeq': 0}, {'imgId': 'DP0903202407284974M.tif', 'colorSeq': 1}, {'imgId': 'DP0903202407284159M.tif', 'colorSeq': 2}]}]",/p/safavieh-milan-fringe-collection-patio-umbrella/ppr5008094073?pTmplType=regular&searchTerm=patio+and+outdoor+furniture&geoZip=55057,"[{'message': 'Online Only', 'icon': 'mouse'}, {'message': 'Available for Shipping', 'icon': 'check'}]",False,791,True,378.0,378.0,GIFTWRAP,False,False,2021-03-10T22:04:23,DP0310202109020582M.tif,DP0310202109020600M.tif,,,https://www.jcpenney.com/p/safavieh-milan-fringe-collection-patio-umbrella/ppr5008094073?pTmplType=regular&searchTerm=patio+and+outdoor+furniture&geoZip=55057,20251225,patio and outdoor furniture
Safavieh Elegant Patio Collection Patio Umbrella,ppr5008094048,,,500.0,500.0,500.0,500.0,ORIGINAL,False,False,available online only,False,False,original,False,True,"['Features: Weather Resistant, Uv Protection, Collapsible', 'Shape: Octagon', 'Measurements: 105.51 Height/Inches, 130 Width/Inches, 130 Depth/Inches', 'Diameter: 11 Ft', 'Weight (lb.): 16 Lb']",0.0,0.0,ORIGINAL,False,False,79109280018,USD,safavieh,"[{'colorName': 'Navy White', 'swatchImageId': 'DP0310202109015296S.tif', 'colorizedImageId': 'DP0310202109015284M.tif', 'colorSeqNum': 1, 'skuId': '79109280018', 'defaultSwatch': False, 'skuAltImages': [{'imgId': 'DP0310202109015318M.tif', 'colorSeq': 0}, {'imgId': 'DP0310202109015341M.tif', 'colorSeq': 1}, {'imgId': 'DP0310202109015329M.tif', 'colorSeq': 2}]}, {'colorName': 'Yellow', 'swatchImageId': 'DP0903202407244237S.tif', 'colorizedImageId': 'DP0903202407243831M.tif', 'colorSeqNum': 4, 'skuId': '79109280042', 'defaultSwatch': False, 'skuAltImages': [{'imgId': 'DP0903202407244034M.tif', 'colorSeq': 0}, {'imgId': 'DP0903202407243626M.tif', 'colorSeq': 1}, {'imgId': 'DP0903202407243422M.tif', 'colorSeq': 2}]}, {'colorName': 'Red', 'swatchImageId': 'DP0903202407244135S.tif', 'colorizedImageId': 'DP0903202407243728M.tif', 'colorSeqNum': 5, 'skuId': '79109280059', 'defaultSwatch': False, 'skuAltImages': [{'imgId': 'DP0903202407243932M.tif', 'colorSeq': 0}, {'imgId': 'DP0903202407243524M.tif', 'colorSeq': 1}, {'imgId': 'DP0903202407243320M.tif', 'colorSeq': 2}]}]",/p/safavieh-elegant-patio-collection-patio-umbrella/ppr5008094048?pTmplType=regular&searchTerm=patio+and+outdoor+furniture&geoZip=55057,"[{'message': 'Online Only', 'icon': 'mouse'}, {'message': 'Available for Shipping', 'icon': 'check'}]",False,791,True,450.0,450.0,GIFTWRAP,False,False,2021-03-10T22:04:16,DP0310202109015284M.tif,DP0310202109015318M.tif,,,https://www.jcpenney.com/p/safavieh-elegant-patio-collection-patio-umbrella/ppr5008094048?pTmplType=regular&searchTerm=patio+and+outdoor+furniture&geoZip=55057,20251225,patio and outdoor furniture
Patio Umbrella,ppr5008255103,,,934.33,934.33,934.33,934.33,ORIGINAL,False,False,available online only,False,False,original,False,True,"['Features: Solar Powered, Quick Ship', 'Manufacturer Warranty: 1 Year', 'Shape: Octagon', 'Measurements: 93.5 Height/Inches, 103 Width/Inches, 103 Depth/Inches', 'Diameter: 9 Ft']",0.0,0.0,ORIGINAL,False,False,79119890018,USD,more brands,"[{'colorName': 'Cream', 'swatchImageId': 'DP0614202207162655S.tif', 'colorizedImageId': 'DP0614202207162447M.tif', 'colorSeqNum': 1, 'skuId': '79119890018', 'defaultSwatch': False, 'skuAltImages': [{'imgId': 'DP0614202207164310M.tif', 'colorSeq': 0}, {'imgId': 'DP0614202207164103M.tif', 'colorSeq': 1}, {'imgId': 'DP0614202207163899M.tif', 'colorSeq': 2}]}, {'colorName': 'Light Blue', 'swatchImageId': 'DP0614202207162757S.tif', 'colorizedImageId': 'DP0614202207162552M.tif', 'colorSeqNum': 2, 'skuId': '79119890026', 'defaultSwatch': False, 'skuAltImages': [{'imgId': 'DP0614202207164413M.tif', 'colorSeq': 0}, {'imgId': 'DP0614202207164207M.tif', 'colorSeq': 1}, {'imgId': 'DP0614202207164002M.tif', 'colorSeq': 2}]}]",/p/patio-umbrella/ppr5008255103?pTmplType=regular&searchTerm=patio+and+outdoor+furniture&geoZip=55057,"[{'message': 'Online Only', 'icon': 'mouse'}, {'message': 'Available for Shipping', 'icon': 'check'}]",False,791,True,700.74,700.74,RECLINER,False,False,2022-06-15T17:11:49,DP0614202207162447M.tif,DP0614202207164310M.tif,,,https://www.jcpenney.com/p/patio-umbrella/ppr5008255103?pTmplType=regular&searchTerm=patio+and+outdoor+furniture&geoZip=55057,20251225,patio and outdoor furniture
Safavieh Elsa Patio Collection Patio Umbrella,ppr5008094034,,,420.0,420.0,420.0,420.0,ORIGINAL,False,False,available online only,False,False,original,False,True,"['Features: Collapsible', 'Shape: Octagon', 'Measurements: 100.79 Depth/Inches', 'Diameter: 9 Ft', 'Weight (lb.): 13 Lb']",0.0,0.0,ORIGINAL,False,False,79109140018,USD,safavieh,"[{'colorName': 'Black White', 'swatchImageId': 'DP0310202107032439S.tif', 'colorizedImageId': 'DP0310202107032432M.tif', 'colorSeqNum': 1, 'skuId': '79109140018', 'defaultSwatch': False, 'skuAltImages': [{'imgId': 'DP0310202107032455M.tif', 'colorSeq': 0}, {'imgId': 'DP0310202107032470M.tif', 'colorSeq': 1}, {'imgId': 'DP0310202107032462M.tif', 'colorSeq': 2}]}, {'colorName': 'Navy White', 'swatchImageId': 'DP0310202107032443S.tif', 'colorizedImageId': 'DP0310202107032435M.tif', 'colorSeqNum': 2, 'skuId': '79109140026', 'defaultSwatch': False, 'skuAltImages': [{'imgId': 'DP0310202107032459M.tif', 'colorSeq': 0}, {'imgId': 'DP0310202107032473M.tif', 'colorSeq': 1}, {'imgId': 'DP0310202107032466M.tif', 'colorSeq': 2}]}]",/p/safavieh-elsa-patio-collection-patio-umbrella/ppr5008094034?pTmplType=regular&searchTerm=patio+and+outdoor+furniture&geoZip=55057,"[{'message': 'Online Only', 'icon': 'mouse'}, {'message': 'Available for Shipping', 'icon': 'check'}]",False,791,True,378.0,378.0,GIFTWRAP,False,False,2021-03-10T22:04:05,DP0310202107032432M.tif,DP0310202107032455M.tif,,,https://www.jcpenney.com/p/safavieh-elsa-patio-collection-patio-umbrella/ppr5008094034?pTmplType=regular&searchTerm=patio+and+outdoor+furniture&geoZip=55057,20251225,patio and outdoor furniture
Sunnydaze® 9-Foot Aluminum Patio Sunbrella,ppr5008109637,,,530.0,530.0,530.0,530.0,ORIGINAL,False,False,available online only,False,False,original,False,True,"['Features: Vented, Quick Ship, Tiltable, Uv Protection, Water Repellent', 'Manufacturer Warranty: 1 Year', 'Shape: Octagon', 'Measurements: 103 Width/Inches, 103 Length/Inches, 92.5 Height/Inches', 'Diameter: 9 Ft']",0.0,0.0,ORIGINAL,False,False,79110860018,USD,more brands,"[{'colorName': 'Pacific Blue', 'swatchImageId': 'DP0318202107031378S.tif', 'colorizedImageId': 'DP0318202107031397M.tif', 'colorSeqNum': 1, 'skuId': '79110860018', 'defaultSwatch': False, 'skuAltImages': [{'imgId': 'DP0318202107031369M.tif', 'colorSeq': 0}, {'imgId': 'DP0318202107031427M.tif', 'colorSeq': 1}, {'imgId': 'DP0318202107031403M.tif', 'colorSeq': 2}]}]",/p/sunnydaze-9-foot-aluminum-patio-sunbrella/ppr5008109637?pTmplType=regular&searchTerm=patio+and+outdoor+furniture&geoZip=55057,"[{'message': 'Online Only', 'icon': 'mouse'}, {'message': 'Available for Shipping', 'icon': 'check'}]",False,791,True,,,,False,False,2021-05-28T17:04:00,DP0318202107031397M.tif,DP0318202107031369M.tif,,,https://www.jcpenney.com/p/sunnydaze-9-foot-aluminum-patio-sunbrella/ppr5008109637?pTmplType=regular&searchTerm=patio+and+outdoor+furniture&geoZip=55057,20251225,patio and outdoor furniture
Safavieh Elsa Patio Collection Patio Umbrella,ppr5008094054,,,480.0,480.0,480.0,480.0,ORIGINAL,False,False,available online only,False,False,original,False,True,"['Features: Weather Resistant, Uv Protection, Collapsible', 'Shape: Octagon', 'Measurements: 101.18 Depth/Inches, 101.18 Width/Inches, 99.61 Height/Inches', 'Diameter: 9 Ft', 'Weight (lb.): 16 Lb']",0.0,0.0,ORIGINAL,False,False,79109340018,USD,safavieh,"[{'colorName': 'Black White', 'swatchImageId': 'DP0310202109015582S.tif', 'colorizedImageId': 'DP0310202109015578M.tif', 'colorSeqNum': 1, 'skuId': '79109340018', 'defaultSwatch': False, 'skuAltImages': [{'imgId': 'DP0310202109015589M.tif', 'colorSeq': 0}, {'imgId': 'DP0310202109015600M.tif', 'colorSeq': 1}, {'imgId': 'DP0310202109015596M.tif', 'colorSeq': 2}]}]",/p/safavieh-elsa-patio-collection-patio-umbrella/ppr5008094054?pTmplType=regular&searchTerm=patio+and+outdoor+furniture&geoZip=55057,"[{'message': 'Online Only', 'icon': 'mouse'}, {'message': 'Available for Shipping', 'icon': 'check'}]",False,791,True,432.0,432.0,GIFTWRAP,False,False,2021-03-10T22:04:17,DP0310202109015578M.tif,DP0310202109015589M.tif,,,https://www.jcpenney.com/p/safavieh-elsa-patio-collection-patio-umbrella/ppr5008094054?pTmplType=regular&searchTerm=patio+and+outdoor+furniture&geoZip=55057,20251225,patio and outdoor furniture
Safavieh Emiko Bench,ppr5008350959,,,1000.0,1000.0,1000.0,1000.0,ORIGINAL,False,False,available online only,False,False,original,False,True,"['Included: 1 Bench(es)', 'Features: Outdoor', 'Joinery: Screwed', 'Seating Capacity: 2', 'Tools Required: Screws (included)']",0.0,0.0,ORIGINAL,False,False,79123540018,USD,safavieh,"[{'colorName': 'Natural Grey', 'swatchImageId': 'DP0426202307211465S.tif', 'colorizedImageId': 'DP0426202307210950M.tif', 'colorSeqNum': 1, 'skuId': '79123540034', 'defaultSwatch': False, 'skuAltImages': [{'imgId': 'DP0426202307212497M.tif', 'colorSeq': 0}, {'imgId': 'DP0426202307213012M.tif', 'colorSeq': 1}, {'imgId': 'DP0426202307213424M.tif', 'colorSeq': 2}]}, {'colorName': 'Natural Beige', 'swatchImageId': 'DP0426202307211362S.tif', 'colorizedImageId': 'DP0426202307210847M.tif', 'colorSeqNum': 2, 'skuId': '79123540018', 'defaultSwatch': False, 'skuAltImages': [{'imgId': 'DP0426202307212394M.tif', 'colorSeq': 0}, {'imgId': 'DP0426202307212909M.tif', 'colorSeq': 1}, {'imgId': 'DP0426202307213321M.tif', 'colorSeq': 2}]}, {'colorName': 'Grey Wood Beige', 'swatchImageId': 'DP0427202307533837S.tif', 'colorizedImageId': 'DP0427202307533734M.tif', 'colorSeqNum': 3, 'skuId': '79123540026', 'defaultSwatch': False, 'skuAltImages': [{'imgId': 'DP0427202307534146M.tif', 'colorSeq': 0}, {'imgId': 'DP0427202307534352M.tif', 'colorSeq': 1}, {'imgId': 'DP0427202307534559M.tif', 'colorSeq': 2}]}]",/p/safavieh-emiko-bench/ppr5008350959?pTmplType=regular&searchTerm=patio+and+outdoor+furniture&geoZip=55057,"[{'message': 'Online Only', 'icon': 'mouse'}, {'message': 'Available for Shipping', 'icon': 'check'}]",False,791,True,750.0,750.0,RECLINER,False,False,2023-04-26T22:04:03,DP0426202307210950M.tif,DP0426202307212497M.tif,,,https://www.jcpenney.com/p/safavieh-emiko-bench/ppr5008350959?pTmplType=regular&searchTerm=patio+and+outdoor+furniture&geoZip=55057,20251225,patio and outdoor furniture
Creekside Collection Ottoman,ppr5008103976,,,187.0,187.0,187.0,187.0,ORIGINAL,False,False,available online only,False,False,original,False,True,"['Included: 1 Ottoman(s)', 'Features: Quick Ship, Weather Resistant, Portable', 'Joinery: Screwed, Butt Joint', 'Manufacturer Warranty: 6 Month', 'Tools Required: Screws (included), Allen Wrench (included)']",0.0,0.0,ORIGINAL,False,False,79113030042,USD,more brands,"[{'colorName': 'Blue', 'swatchImageId': 'DP0409202111032412S.tif', 'colorizedImageId': 'DP0414202113005406M.tif', 'colorSeqNum': 1, 'skuId': '79113030018', 'defaultSwatch': False, 'skuAltImages': [{'imgId': 'DP0414202113005434M.tif', 'colorSeq': 0}, {'imgId': 'DP0414202113005357M.tif', 'colorSeq': 1}, {'imgId': 'DP0414202113005330M.tif', 'colorSeq': 2}]}, {'colorName': 'Brown', 'swatchImageId': 'DP0409202111032421S.tif', 'colorizedImageId': 'DP0414202113005412M.tif', 'colorSeqNum': 2, 'skuId': '79113030034', 'defaultSwatch': False, 'skuAltImages': [{'imgId': 'DP0414202113005440M.tif', 'colorSeq': 0}, {'imgId': 'DP0414202113005364M.tif', 'colorSeq': 1}, {'imgId': 'DP0414202113005386M.tif', 'colorSeq': 2}]}, {'colorName': 'White', 'swatchImageId': 'DP0409202111032450S.tif', 'colorizedImageId': 'DP0414202113005427M.tif', 'colorSeqNum': 3, 'skuId': '79113030042', 'defaultSwatch': False, 'skuAltImages': [{'imgId': 'DP0414202113005454M.tif', 'colorSeq': 0}, {'imgId': 'DP0414202113005379M.tif', 'colorSeq': 1}, {'imgId': 'DP0414202113005399M.tif', 'colorSeq': 2}]}]",/p/creekside-collection-ottoman/ppr5008103976?pTmplType=regular&searchTerm=patio+and+outdoor+furniture&geoZip=55057,"[{'message': 'Online Only', 'icon': 'mouse'}, {'message': 'Available for Shipping', 'icon': 'check'}]",False,791,True,168.3,168.3,GIFTWRAP,False,False,2021-04-14T22:03:54,DP0414202113005406M.tif,DP0414202113005434M.tif,,,https://www.jcpenney.com/p/creekside-collection-ottoman/ppr5008103976?pTmplType=regular&searchTerm=patio+and+outdoor+furniture&geoZip=55057,20251225,patio and outdoor furniture
Sutherland Outdoor And Collection Ottoman,ppr5008187231,,,580.0,580.0,580.0,580.0,ORIGINAL,False,False,available online only,False,False,original,False,True,"['Features: Indoor/Outdoor, Quick Ship', 'Joinery: Butt Joint, Screwed', 'Manufacturer Warranty: 1 Year', 'Seating Capacity: 1', 'Tools Required: Allen Wrench (included), Screws (included)']",0.0,0.0,ORIGINAL,False,False,79114290018,USD,more brands,"[{'colorName': 'Walnut', 'swatchImageId': 'DP0202202207025583S.tif', 'colorizedImageId': 'DP0202202207025570M.tif', 'colorSeqNum': 1, 'skuId': '79114290018', 'defaultSwatch': False, 'skuAltImages': [{'imgId': 'DP0202202207025579M.tif', 'colorSeq': 0}, {'imgId': 'DP0202202207025565M.tif', 'colorSeq': 1}, {'imgId': 'DP0202202207025574M.tif', 'colorSeq': 2}]}]",/p/sutherland-outdoor-and-collection-ottoman/ppr5008187231?pTmplType=regular&searchTerm=patio+and+outdoor+furniture&geoZip=55057,"[{'message': 'Online Only', 'icon': 'mouse'}, {'message': 'Available for Shipping', 'icon': 'check'}]",False,791,True,522.0,522.0,GIFTWRAP,False,False,2022-02-02T22:03:19,DP0202202207025570M.tif,DP0202202207025579M.tif,,,https://www.jcpenney.com/p/sutherland-outdoor-and-collection-ottoman/ppr5008187231?pTmplType=regular&searchTerm=patio+and+outdoor+furniture&geoZip=55057,20251225,patio and outdoor furniture
Sutherland Outdoor And  Collection Ottoman,ppr5008187230,,,580.0,580.0,580.0,580.0,ORIGINAL,False,False,available online only,False,False,original,False,True,"['Features: Indoor/Outdoor, Quick Ship', 'Joinery: Butt Joint, Screwed', 'Manufacturer Warranty: 1 Year', 'Seating Capacity: 1', 'Tools Required: Allen Wrench (included), Screws (included)']",0.0,0.0,ORIGINAL,False,False,79114280018,USD,more brands,"[{'colorName': 'Natural', 'swatchImageId': 'DP0202202207025561S.tif', 'colorizedImageId': 'DP0202202207025541M.tif', 'colorSeqNum': 1, 'skuId': '79114280018', 'defaultSwatch': False, 'skuAltImages': [{'imgId': 'DP0202202207025552M.tif', 'colorSeq': 0}, {'imgId': 'DP0202202207025556M.tif', 'colorSeq': 1}, {'imgId': 'DP0202202207025546M.tif', 'colorSeq': 2}]}]",/p/sutherland-outdoor-and-collection-ottoman/ppr5008187230?pTmplType=regular&searchTerm=patio+and+outdoor+furniture&geoZip=55057,"[{'message': 'Online Only', 'icon': 'mouse'}, {'message': 'Available for Shipping', 'icon': 'check'}]",False,791,True,522.0,522.0,GIFTWRAP,False,False,2022-02-02T22:03:18,DP0202202207025541M.tif,DP0202202207025552M.tif,,,https://www.jcpenney.com/p/sutherland-outdoor-and-collection-ottoman/ppr5008187230?pTmplType=regular&searchTerm=patio+and+outdoor+furniture&geoZip=55057,20251225,patio and outdoor furniture
Linum Home Textiles Chaise Lounge Cover Chair Protector,ppr5008609726,,,102.99,102.99,148.0,148.0,SALE,False,False,available online only,False,False,original,False,True,"['Features: Pocket, Washable', 'Measurements: 102 Length/Inches, 32 Width/Inches', 'Base Material: 100% Cotton', 'Fiber Content: 100% Cotton', 'Care: Machine Wash, Do Not Bleach, Tumble Dry']",0.0,0.0,SALE,False,False,70908670026,USD,more brands,"[{'colorName': 'Aqua', 'swatchImageId': 'DP0924202509051447S.tif', 'colorizedImageId': 'DP0924202509050821M.tif', 'colorSeqNum': 1, 'skuId': '70908670026', 'defaultSwatch': False, 'skuAltImages': [{'imgId': 'DP0924202509051133M.tif', 'colorSeq': 0}, {'imgId': 'DP0924202509050506M.tif', 'colorSeq': 1}, {'imgId': 'DP0924202509050192M.tif', 'colorSeq': 2}]}]",/p/linum-home-textiles-chaise-lounge-cover-chair-protector/ppr5008609726?pTmplType=regular&searchTerm=patio+and+outdoor+furniture&geoZip=55057,"[{'message': 'Online Only', 'icon': 'mouse'}, {'message': 'Available for Shipping', 'icon': 'check'}]",False,709,True,72.09,72.09,YULETIDE,False,False,2025-09-24T22:03:15,DP0924202509050821M.tif,DP0924202509051133M.tif,,,https://www.jcpenney.com/p/linum-home-textiles-chaise-lounge-cover-chair-protector/ppr5008609726?pTmplType=regular&searchTerm=patio+and+outdoor+furniture&geoZip=55057,20251225,patio and outdoor furniture
Signature Design by Ashley® Visola Adirondack Chair,ppr5008244956,4.25,4.0,550.0,550.0,550.0,550.0,ORIGINAL,False,False,available online only,False,False,original,False,True,"['Included: 1 Chair(s)', 'Features: Water Resistant', 'Joinery: Butt Joint, Screwed', 'Manufacturer Warranty: 1 Year Parts Limited', 'Seating Capacity: 1']",0.0,0.0,ORIGINAL,False,False,79118290018,USD,signature design by ashley,"[{'colorName': 'Gray', 'swatchImageId': 'DP0614202211171045S.tif', 'colorizedImageId': 'DP0614202211170735M.tif', 'colorSeqNum': 1, 'skuId': '79118290018', 'defaultSwatch': False, 'skuAltImages': [{'imgId': 'DP0614202211170838M.tif', 'colorSeq': 0}, {'imgId': 'DP0614202211170941M.tif', 'colorSeq': 1}, {'imgId': 'DP0614202211170530M.tif', 'colorSeq': 2}]}]",/p/signature-design-by-ashley-visola-adirondack-chair/ppr5008244956?pTmplType=regular&searchTerm=patio+and+outdoor+furniture&geoZip=55057,"[{'message': 'Online Only', 'icon': 'mouse'}, {'message': 'Available for Shipping', 'icon': 'check'}]",False,791,True,495.0,495.0,GIFTWRAP,False,False,2022-06-14T22:06:00,DP0614202211170735M.tif,DP0614202211170838M.tif,,,https://www.jcpenney.com/p/signature-design-by-ashley-visola-adirondack-chair/ppr5008244956?pTmplType=regular&searchTerm=patio+and+outdoor+furniture&geoZip=55057,20251225,patio and outdoor furniture
Patio Umbrella Base,ppr5008252670,,,180.0,180.0,180.0,180.0,ORIGINAL,False,False,available online only,False,False,original,False,True,"['Features: Weather Resistant, Quick Ship', 'Manufacturer Warranty: 1 Year', 'Shape: Round', 'Measurements: 18 Depth/Inches, 13 Height/Inches, 18 Width/Inches', 'Weight (lb.): 23 Lb']",0.0,0.0,ORIGINAL,False,False,79118920018,USD,more brands,"[{'colorName': 'Gray', 'swatchImageId': 'DP0602202207311841S.tif', 'colorizedImageId': 'DP0602202207311738M.tif', 'colorSeqNum': 1, 'skuId': '79118920018', 'defaultSwatch': False, 'skuAltImages': [{'imgId': 'DP0602202207312253M.tif', 'colorSeq': 0}, {'imgId': 'DP0602202207312150M.tif', 'colorSeq': 1}, {'imgId': 'DP0602202207312047M.tif', 'colorSeq': 2}]}]",/p/patio-umbrella-base/ppr5008252670?pTmplType=regular&searchTerm=patio+and+outdoor+furniture&geoZip=55057,"[{'message': 'Online Only', 'icon': 'mouse'}, {'message': 'Available for Shipping', 'icon': 'check'}]",False,791,True,162.0,162.0,GIFTWRAP,False,False,2022-06-02T22:04:38,DP0602202207311738M.tif,DP0602202207312253M.tif,,,https://www.jcpenney.com/p/patio-umbrella-base/ppr5008252670?pTmplType=regular&searchTerm=patio+and+outdoor+furniture&geoZip=55057,20251225,patio and outdoor furniture
Patio Umbrella Base,ppr5008244803,,,160.0,160.0,160.0,160.0,ORIGINAL,False,False,available online only,False,False,original,False,True,"['Features: Weather Resistant, Quick Ship', 'Manufacturer Warranty: 1 Year', 'Shape: Round', 'Measurements: 12.5 Height/Inches, 16 Length/Inches, 16 Width/Inches', 'Weight (lb.): 17 Lb']",0.0,0.0,ORIGINAL,False,False,79118120018,USD,more brands,"[{'colorName': 'Bronze', 'swatchImageId': 'DP1001202507200821S.tif', 'colorizedImageId': 'DP1001202507200716M.tif', 'colorSeqNum': 1, 'skuId': '79118120018', 'defaultSwatch': False, 'skuAltImages': [{'imgId': 'DP1001202507201134M.tif', 'colorSeq': 0}, {'imgId': 'DP1001202507201030M.tif', 'colorSeq': 1}, {'imgId': 'DP1001202507200926M.tif', 'colorSeq': 2}]}]",/p/patio-umbrella-base/ppr5008244803?pTmplType=regular&searchTerm=patio+and+outdoor+furniture&geoZip=55057,"[{'message': 'Online Only', 'icon': 'mouse'}, {'message': 'Available for Shipping', 'icon': 'check'}]",False,791,True,144.0,144.0,GIFTWRAP,False,False,2022-05-24T15:05:00,DP1001202507200716M.tif,DP1001202507201134M.tif,,,https://www.jcpenney.com/p/patio-umbrella-base/ppr5008244803?pTmplType=regular&searchTerm=patio+and+outdoor+furniture&geoZip=55057,20251225,patio and outdoor furniture
Gallardio Contemporary Dining Chair,ppr5008234223,,,920.0,920.0,920.0,920.0,ORIGINAL,False,False,available online only,False,False,original,False,True,"['Included: 1 Chair(s)', 'Features: Outdoor, 4 Legs, Waterproof, Armless, Weather Resistant, Quick Ship', 'Manufacturer Warranty: 1 Year', 'Seating Capacity: 1', 'Chair Measurements: 23 Depth/Inches, 34.7 Height/Inches, 18 Width/Inches']",0.0,0.0,ORIGINAL,False,False,79115660026,USD,more brands,"[{'colorName': 'Blue', 'swatchImageId': 'DP0418202209021358S.tif', 'colorizedImageId': 'DP0418202209021337M.tif', 'colorSeqNum': 2, 'skuId': '79115660026', 'defaultSwatch': False, 'skuAltImages': [{'imgId': 'DP0418202209021344M.tif', 'colorSeq': 0}, {'imgId': 'DP0418202209021350M.tif', 'colorSeq': 1}, {'imgId': 'DP0418202209021372M.tif', 'colorSeq': 2}]}, {'colorName': 'Gray', 'swatchImageId': 'DP0418202209021359S.tif', 'colorizedImageId': 'DP0421202211012357M.tif', 'colorSeqNum': 4, 'skuId': '79115660042', 'defaultSwatch': False, 'skuAltImages': [{'imgId': 'DP0418202209021345M.tif', 'colorSeq': 0}, {'imgId': 'DP0418202209021352M.tif', 'colorSeq': 1}, {'imgId': 'DP0418202209021384M.tif', 'colorSeq': 2}]}]",/p/gallardio-contemporary-dining-chair/ppr5008234223?pTmplType=regular&searchTerm=patio+and+outdoor+furniture&geoZip=55057&selectedSKUId=79115660026,"[{'message': 'Online Only', 'icon': 'mouse'}, {'message': 'Available for Shipping', 'icon': 'check'}]",False,791,True,690.0,690.0,RECLINER,False,True,2022-04-18T22:04:57,DP0418202209021337M.tif,DP0418202209021344M.tif,"[{'name': 'Few Left', 'priority': 1, 'urlParam': 'fewleft'}]",,https://www.jcpenney.com/p/gallardio-contemporary-dining-chair/ppr5008234223?pTmplType=regular&searchTerm=patio+and+outdoor+furniture&geoZip=55057&selectedSKUId=79115660026,20251225,patio and outdoor furniture
Carlbach Outdoor Teak 2-pc. Dining Chair with Cushion,ppr5008451437,,,850.0,850.0,850.0,850.0,ORIGINAL,False,False,available online only,False,False,original,False,True,"['# Pieces In Set: 2', 'Included: 2 Chair(s), 2 Seat Cushion(s)', 'Features: Upholstered, Quick Ship', 'Joinery: Screwed', 'Manufacturer Warranty: 6 Month']",0.0,0.0,ORIGINAL,False,False,79131530018,USD,more brands,"[{'colorName': 'Brown', 'swatchImageId': 'DP0513202415125390S.tif', 'colorizedImageId': 'DP0513202415125289M.tif', 'colorSeqNum': 1, 'skuId': '79131530018', 'defaultSwatch': False, 'skuAltImages': [{'imgId': 'DP0513202415124982M.tif', 'colorSeq': 1}, {'imgId': 'DP0513202415125085M.tif', 'colorSeq': 2}, {'imgId': 'DP0513202415125187M.tif', 'colorSeq': 3}]}]",/p/carlbach-outdoor-teak-2-pc-dining-chair-with-cushion/ppr5008451437?pTmplType=regular&searchTerm=patio+and+outdoor+furniture&geoZip=55057,"[{'message': 'Online Only', 'icon': 'mouse'}, {'message': 'Available for Shipping', 'icon': 'check'}]",False,791,True,637.5,637.5,RECLINER,False,False,2024-07-25T19:02:05,DP0513202415125289M.tif,DP0513202415124982M.tif,,,https://www.jcpenney.com/p/carlbach-outdoor-teak-2-pc-dining-chair-with-cushion/ppr5008451437?pTmplType=regular&searchTerm=patio+and+outdoor+furniture&geoZip=55057,20251225,patio and outdoor furniture
Picardy 2-pc. Dining Chair,ppr5008376343,,,610.0,610.0,610.0,610.0,ORIGINAL,False,False,available online only,False,False,original,False,True,"['# Pieces In Set: 2', 'Included: 2 Chair(s)', 'Features: Weather Resistant', 'Manufacturer Warranty: 90 Days Limited', 'Seating Capacity: 2']",0.0,0.0,ORIGINAL,False,False,79127160018,USD,more brands,"[{'colorName': 'Navy Blue White', 'swatchImageId': 'DP0705202307193013S.tif', 'colorizedImageId': 'DP0705202307192600M.tif', 'colorSeqNum': 1, 'skuId': '79127160018', 'defaultSwatch': False, 'skuAltImages': [{'imgId': 'DP0705202307192703M.tif', 'colorSeq': 0}, {'imgId': 'DP0705202307192806M.tif', 'colorSeq': 1}, {'imgId': 'DP0705202307192497M.tif', 'colorSeq': 2}]}]",/p/picardy-2-pc-dining-chair/ppr5008376343?pTmplType=regular&searchTerm=patio+and+outdoor+furniture&geoZip=55057,"[{'message': 'Online Only', 'icon': 'mouse'}, {'message': 'Available for Shipping', 'icon': 'check'}]",False,791,True,549.0,549.0,GIFTWRAP,False,False,2023-07-10T07:08:27,DP0705202307192600M.tif,DP0705202307192703M.tif,,,https://www.jcpenney.com/p/picardy-2-pc-dining-chair/ppr5008376343?pTmplType=regular&searchTerm=patio+and+outdoor+furniture&geoZip=55057,20251225,patio and outdoor furniture
Lotus 2-pc. Dining Chair,ppr5008305709,,,550.0,550.0,550.0,550.0,ORIGINAL,False,False,available online only,False,False,original,False,True,"['# Pieces In Set: 2', 'Included: 2 Chair(s)', 'Features: Weather Resistant', 'Manufacturer Warranty: 90 Days Limited', 'Seating Capacity: 2']",0.0,0.0,ORIGINAL,False,False,79121070018,USD,more brands,"[{'colorName': 'Black', 'swatchImageId': 'DP1107202211433545S.tif', 'colorizedImageId': 'DP1107202211433234M.tif', 'colorSeqNum': 1, 'skuId': '79121070018', 'defaultSwatch': False, 'skuAltImages': [{'imgId': 'DP1107202211433338M.tif', 'colorSeq': 0}, {'imgId': 'DP1107202211433028M.tif', 'colorSeq': 1}, {'imgId': 'DP1107202211433441M.tif', 'colorSeq': 2}]}]",/p/lotus-2-pc-dining-chair/ppr5008305709?pTmplType=regular&searchTerm=patio+and+outdoor+furniture&geoZip=55057,"[{'message': 'Online Only', 'icon': 'mouse'}, {'message': 'Available for Shipping', 'icon': 'check'}]",False,791,True,495.0,495.0,GIFTWRAP,False,False,2022-12-01T15:06:51,DP1107202211433234M.tif,DP1107202211433338M.tif,,,https://www.jcpenney.com/p/lotus-2-pc-dining-chair/ppr5008305709?pTmplType=regular&searchTerm=patio+and+outdoor+furniture&geoZip=55057,20251225,patio and outdoor furniture
2 Pack Dining Chair,ppr5008246703,,,500.0,500.0,500.0,500.0,ORIGINAL,False,False,available online only,False,False,original,False,True,"['# Pieces In Set: 2-Pack', 'Features: 4 Legs, Quick Ship', 'Manufacturer Warranty: 1 Year', 'Seating Capacity: 1', 'Measurements: 34.5 Height/Inches, 24.5 Depth/Inches, 19 Width/Inches']",0.0,0.0,ORIGINAL,False,False,79118520018,USD,more brands,"[{'colorName': 'Light Brown', 'swatchImageId': 'DP1031202507203090S.tif', 'colorizedImageId': 'DP1016202511145697M.tif', 'colorSeqNum': 1, 'skuId': '79118520018', 'defaultSwatch': False, 'skuAltImages': [{'imgId': 'DP1016202511150008M.tif', 'colorSeq': 2}, {'imgId': 'DP1016202511145904M.tif', 'colorSeq': 3}, {'imgId': 'DP1016202511145594M.tif', 'colorSeq': 4}]}]",/p/2-pack-dining-chair/ppr5008246703?pTmplType=regular&searchTerm=patio+and+outdoor+furniture&geoZip=55057,"[{'message': 'Online Only', 'icon': 'mouse'}, {'message': 'Available for Shipping', 'icon': 'check'}]",False,791,True,450.0,450.0,GIFTWRAP,False,False,2022-08-19T17:06:48,DP1016202511145697M.tif,DP1016202511150008M.tif,,,https://www.jcpenney.com/p/2-pack-dining-chair/ppr5008246703?pTmplType=regular&searchTerm=patio+and+outdoor+furniture&geoZip=55057,20251225,patio and outdoor furniture
Corliving Parksville Patio Collection 2-pc. Dining Chair,ppr5008089843,,,670.0,670.0,670.0,670.0,ORIGINAL,False,False,available online only,False,False,original,False,True,"['# Pieces In Set: 2', 'Included: 2 Chair(s), 2 Seat Cushion(s)', 'Features: Water Resistant, Quick Ship, Stackable', 'Joinery: Nailed', 'Seating Capacity: 2']",0.0,0.0,ORIGINAL,False,False,79108400018,USD,more brands,"[{'colorName': 'Black', 'swatchImageId': 'DP0225202115011578S.tif', 'colorizedImageId': 'DP0225202115011553M.tif', 'colorSeqNum': 1, 'skuId': '79108400018', 'defaultSwatch': False, 'skuAltImages': [{'imgId': 'DP0225202115011593M.tif', 'colorSeq': 0}, {'imgId': 'DP0225202115011589M.tif', 'colorSeq': 1}, {'imgId': 'DP0225202115011586M.tif', 'colorSeq': 2}]}]",/p/corliving-parksville-patio-collection-2-pc-dining-chair/ppr5008089843?pTmplType=regular&searchTerm=patio+and+outdoor+furniture&geoZip=55057,"[{'message': 'Online Only', 'icon': 'mouse'}, {'message': 'Available for Shipping', 'icon': 'check'}]",False,791,True,603.0,603.0,GIFTWRAP,False,False,2021-02-25T22:04:32,DP0225202115011553M.tif,DP0225202115011593M.tif,"[{'name': 'Few Left', 'priority': 1, 'urlParam': 'fewleft'}]",,https://www.jcpenney.com/p/corliving-parksville-patio-collection-2-pc-dining-chair/ppr5008089843?pTmplType=regular&searchTerm=patio+and+outdoor+furniture&geoZip=55057,20251225,patio and outdoor furniture
Gallant Patio Dining Chair-Set of 2,ppr5008011749,,,1600.0,1600.0,1600.0,1600.0,ORIGINAL,False,False,available online only,False,False,original,False,True,"['# Pieces In Set: 2', 'Features: Uv Protection, Stackable', 'Seating Capacity: 2', 'Chair Measurements: 23 Depth/Inches, 22 Width/Inches, 34 Height/Inches', 'Dining Height: Standard Height']",0.0,0.0,ORIGINAL,True,False,79107160026,USD,more brands,"[{'colorName': 'Charcoal Grey', 'swatchImageId': 'DP0613202209161517S.tif', 'colorizedImageId': 'DP0613202209161309M.tif', 'colorSeqNum': 1, 'skuId': '79107160026', 'defaultSwatch': False, 'skuAltImages': [{'imgId': 'DP0613202209161412M.tif', 'colorSeq': 0}, {'imgId': 'DP0613202209161206M.tif', 'colorSeq': 1}, {'imgId': 'DP0613202209161103M.tif', 'colorSeq': 2}]}]",/p/gallant-patio-dining-chair-set-of-2/ppr5008011749?pTmplType=regular&searchTerm=patio+and+outdoor+furniture&geoZip=55057,"[{'message': 'Online Only', 'icon': 'mouse'}, {'message': 'Available for Shipping', 'icon': 'check'}]",False,791,True,1200.0,1200.0,RECLINER,False,False,2020-09-09T13:37:13,DP0613202209161309M.tif,DP0613202209161412M.tif,,,https://www.jcpenney.com/p/gallant-patio-dining-chair-set-of-2/ppr5008011749?pTmplType=regular&searchTerm=patio+and+outdoor+furniture&geoZip=55057,20251225,patio and outdoor furniture
Safavieh Kipnuk Patio Collection Garden Stool,ppr5008088367,,,410.0,410.0,410.0,410.0,ORIGINAL,False,False,available online only,False,False,original,False,True,"['Included: 1 Stool(s)', 'Features: Weather Resistant, Quick Ship', 'Joinery: Screwed, Welded Joint', 'Seating Capacity: 1', 'Measurements: 30 Height/Inches, 20.5 Depth/Inches, 20.5 Width/Inches']",0.0,0.0,ORIGINAL,False,False,79101460034,USD,safavieh,"[{'colorName': 'Blue White', 'swatchImageId': 'DP0224202107045042S.tif', 'colorizedImageId': 'DP0224202107045031M.tif', 'colorSeqNum': 1, 'skuId': '79101460026', 'defaultSwatch': False, 'skuAltImages': [{'imgId': 'DP0224202107045076M.tif', 'colorSeq': 0}, {'imgId': 'DP0224202107045065M.tif', 'colorSeq': 1}, {'imgId': 'DP0224202107045054M.tif', 'colorSeq': 2}]}, {'colorName': 'Grey White', 'swatchImageId': 'DP0224202107045046S.tif', 'colorizedImageId': 'DP0224202107045035M.tif', 'colorSeqNum': 2, 'skuId': '79101460034', 'defaultSwatch': False, 'skuAltImages': [{'imgId': 'DP0224202107045124M.tif', 'colorSeq': 0}, {'imgId': 'DP0224202107045068M.tif', 'colorSeq': 1}, {'imgId': 'DP0224202107045058M.tif', 'colorSeq': 2}]}, {'colorName': 'Red White', 'swatchImageId': 'DP0224202107045050S.tif', 'colorizedImageId': 'DP0224202107045039M.tif', 'colorSeqNum': 3, 'skuId': '79101460042', 'defaultSwatch': False, 'skuAltImages': [{'imgId': 'DP0224202107045127M.tif', 'colorSeq': 0}, {'imgId': 'DP0224202107045072M.tif', 'colorSeq': 1}, {'imgId': 'DP0224202107045061M.tif', 'colorSeq': 2}]}, {'colorName': 'Navy White', 'swatchImageId': 'DP0903202407131957S.tif', 'colorizedImageId': 'DP0903202407131754M.tif', 'colorSeqNum': 4, 'skuId': '79101460059', 'defaultSwatch': False, 'skuAltImages': [{'imgId': 'DP0903202407131855M.tif', 'colorSeq': 0}, {'imgId': 'DP0903202407132263M.tif', 'colorSeq': 1}, {'imgId': 'DP0903202407132161M.tif', 'colorSeq': 2}]}]",/p/safavieh-kipnuk-patio-collection-garden-stool/ppr5008088367?pTmplType=regular&searchTerm=patio+and+outdoor+furniture&geoZip=55057,"[{'message': 'Online Only', 'icon': 'mouse'}, {'message': 'Available for Shipping', 'icon': 'check'}]",False,791,True,369.0,369.0,GIFTWRAP,False,False,2021-02-24T22:04:50,DP0224202107045031M.tif,DP0224202107045076M.tif,,,https://www.jcpenney.com/p/safavieh-kipnuk-patio-collection-garden-stool/ppr5008088367?pTmplType=regular&searchTerm=patio+and+outdoor+furniture&geoZip=55057,20251225,patio and outdoor furniture
Safavieh Zaid Bar Stool,ppr5008445676,,,650.0,650.0,650.0,650.0,ORIGINAL,False,False,available online only,False,False,original,False,True,"['Included: 2 Chair(s)', 'Features: Quick Ship, Armless', 'Joinery: Welded Joint', 'Seating Capacity: 1', 'Maximum Weight Limit: 275 Lbs']",0.0,0.0,ORIGINAL,False,False,79130880034,USD,safavieh,"[{'colorName': 'Gray White', 'swatchImageId': 'DP0423202409144567S.tif', 'colorizedImageId': 'DP0423202409143342M.tif', 'colorSeqNum': 1, 'skuId': '79130880018', 'defaultSwatch': False, 'skuAltImages': [{'imgId': 'DP0423202409143648M.tif', 'colorSeq': 0}, {'imgId': 'DP0423202409143954M.tif', 'colorSeq': 1}, {'imgId': 'DP0423202409142732M.tif', 'colorSeq': 2}]}, {'colorName': 'White', 'swatchImageId': 'DP0423202409144771S.tif', 'colorizedImageId': 'DP0423202409143546M.tif', 'colorSeqNum': 2, 'skuId': '79130880026', 'defaultSwatch': False, 'skuAltImages': [{'imgId': 'DP0423202409143852M.tif', 'colorSeq': 0}, {'imgId': 'DP0423202409144159M.tif', 'colorSeq': 1}, {'imgId': 'DP0423202409145279M.tif', 'colorSeq': 2}]}, {'colorName': 'Navy', 'swatchImageId': 'DP0423202409144669S.tif', 'colorizedImageId': 'DP0423202409143444M.tif', 'colorSeqNum': 3, 'skuId': '79130880034', 'defaultSwatch': False, 'skuAltImages': [{'imgId': 'DP0423202409143751M.tif', 'colorSeq': 0}, {'imgId': 'DP0423202409144057M.tif', 'colorSeq': 1}, {'imgId': 'DP0423202409145178M.tif', 'colorSeq': 2}]}]",/p/safavieh-zaid-bar-stool/ppr5008445676?pTmplType=regular&searchTerm=patio+and+outdoor+furniture&geoZip=55057,"[{'message': 'Online Only', 'icon': 'mouse'}, {'message': 'Available for Shipping', 'icon': 'check'}]",False,791,True,585.0,585.0,GIFTWRAP,False,False,2024-04-23T22:03:52,DP0423202409143342M.tif,DP0423202409143648M.tif,,,https://www.jcpenney.com/p/safavieh-zaid-bar-stool/ppr5008445676?pTmplType=regular&searchTerm=patio+and+outdoor+furniture&geoZip=55057,20251225,patio and outdoor furniture
Safavieh Ford Patio Collection Bar Stool,ppr5008088370,,,770.0,770.0,770.0,770.0,ORIGINAL,False,False,available online only,False,False,original,False,True,"['Included: 1 Stool(s)', 'Features: Weather Resistant, Quick Ship', 'Joinery: Welded Joint, Screwed', 'Seating Capacity: 1', 'Measurements: 22 Depth/Inches, 22 Width/Inches, 47 Height/Inches']",0.0,0.0,ORIGINAL,False,False,79101490026,USD,safavieh,"[{'colorName': 'Navy White', 'swatchImageId': 'DP0224202107045240S.tif', 'colorizedImageId': 'DP0224202107045208M.tif', 'colorSeqNum': 1, 'skuId': '79101490026', 'defaultSwatch': False, 'skuAltImages': [{'imgId': 'DP0224202107045255M.tif', 'colorSeq': 0}, {'imgId': 'DP0224202107045251M.tif', 'colorSeq': 1}, {'imgId': 'DP0224202107045248M.tif', 'colorSeq': 2}]}, {'colorName': 'Gray White', 'swatchImageId': 'DP0903202411012633S.tif', 'colorizedImageId': 'DP0903202411011921M.tif', 'colorSeqNum': 2, 'skuId': '79101490034', 'defaultSwatch': False, 'skuAltImages': [{'imgId': 'DP0903202411012124M.tif', 'colorSeq': 0}, {'imgId': 'DP0903202411012328M.tif', 'colorSeq': 1}, {'imgId': 'DP0903202411012836M.tif', 'colorSeq': 2}]}, {'colorName': 'White', 'swatchImageId': 'DP0903202411012735S.tif', 'colorizedImageId': 'DP0903202411012023M.tif', 'colorSeqNum': 3, 'skuId': '79101490042', 'defaultSwatch': False, 'skuAltImages': [{'imgId': 'DP0903202411012226M.tif', 'colorSeq': 0}, {'imgId': 'DP0903202411012429M.tif', 'colorSeq': 1}, {'imgId': 'DP0903202411011616M.tif', 'colorSeq': 2}]}]",/p/safavieh-ford-patio-collection-bar-stool/ppr5008088370?pTmplType=regular&searchTerm=patio+and+outdoor+furniture&geoZip=55057,"[{'message': 'Online Only', 'icon': 'mouse'}, {'message': 'Available for Shipping', 'icon': 'check'}]",False,791,True,577.5,577.5,RECLINER,False,False,2021-09-15T09:07:25,DP0224202107045208M.tif,DP0224202107045255M.tif,,,https://www.jcpenney.com/p/safavieh-ford-patio-collection-bar-stool/ppr5008088370?pTmplType=regular&searchTerm=patio+and+outdoor+furniture&geoZip=55057,20251225,patio and outdoor furniture
Hayes Patio Collection Bar Stool,ppr5008088369,,,860.0,860.0,860.0,860.0,ORIGINAL,False,False,available online only,False,False,original,False,True,"['Included: 1 Throw Pillow(s), 1 Stool(s), 1 Seat Cushion(s)', 'Features: Quick Ship, Weather Resistant', 'Joinery: Screwed, Welded Joint', 'Seating Capacity: 1', 'Measurements: 22.8 Width/Inches, 22.8 Depth/Inches, 43.3 Height/Inches']",0.0,0.0,ORIGINAL,False,False,79101480026,USD,safavieh,"[{'colorName': 'Black Beige', 'swatchImageId': 'DP0224202107045194S.tif', 'colorizedImageId': 'DP0224202107045190M.tif', 'colorSeqNum': 1, 'skuId': '79101480026', 'defaultSwatch': False, 'skuAltImages': [{'imgId': 'DP0224202107045205M.tif', 'colorSeq': 0}, {'imgId': 'DP0224202107045201M.tif', 'colorSeq': 1}, {'imgId': 'DP0224202107045197M.tif', 'colorSeq': 2}]}, {'colorName': 'Brown Beige', 'swatchImageId': 'DP0903202411010904S.tif', 'colorizedImageId': 'DP0903202411010497M.tif', 'colorSeqNum': 2, 'skuId': '79101480034', 'defaultSwatch': False, 'skuAltImages': [{'imgId': 'DP0903202411010700M.tif', 'colorSeq': 0}, {'imgId': 'DP0903202411010293M.tif', 'colorSeq': 1}, {'imgId': 'DP0903202411011108M.tif', 'colorSeq': 2}]}, {'colorName': 'Grey Beige', 'swatchImageId': 'DP0903202411011006S.tif', 'colorizedImageId': 'DP0903202411010598M.tif', 'colorSeqNum': 3, 'skuId': '79101480042', 'defaultSwatch': False, 'skuAltImages': [{'imgId': 'DP0903202411010802M.tif', 'colorSeq': 0}, {'imgId': 'DP0903202411010394M.tif', 'colorSeq': 1}, {'imgId': 'DP0903202411011210M.tif', 'colorSeq': 2}]}]",/p/hayes-patio-collection-bar-stool/ppr5008088369?pTmplType=regular&searchTerm=patio+and+outdoor+furniture&geoZip=55057,"[{'message': 'Online Only', 'icon': 'mouse'}, {'message': 'Available for Shipping', 'icon': 'check'}]",False,791,True,645.0,645.0,RECLINER,False,False,2021-02-24T22:04:50,DP0224202107045190M.tif,DP0224202107045205M.tif,,,https://www.jcpenney.com/p/hayes-patio-collection-bar-stool/ppr5008088369?pTmplType=regular&searchTerm=patio+and+outdoor+furniture&geoZip=55057,20251225,patio and outdoor furniture
Safavieh Gresley Outdoor And Patio Collection Counter Height Bar Stool,ppr5008214536,,,630.0,630.0,630.0,630.0,ORIGINAL,False,False,available online only,False,False,original,False,True,"['Included: 1 Stool(s)', 'Features: Weather Resistant, Quick Ship, Armless', 'Joinery: Welded Joint, Screwed', 'Seating Capacity: 1', 'Measurements: 43 Height/Inches, 23 Depth/Inches, 18.5 Width/Inches']",0.0,0.0,ORIGINAL,False,False,79114530026,USD,safavieh,"[{'colorName': 'Navy White', 'swatchImageId': 'DP0204202207020663S.tif', 'colorizedImageId': 'DP0204202207020651M.tif', 'colorSeqNum': 1, 'skuId': '79114530018', 'defaultSwatch': False, 'skuAltImages': [{'imgId': 'DP0204202207020655M.tif', 'colorSeq': 0}, {'imgId': 'DP0204202207020635M.tif', 'colorSeq': 1}, {'imgId': 'DP0204202207020643M.tif', 'colorSeq': 2}]}, {'colorName': 'Grey White', 'swatchImageId': 'DP0204202207020659S.tif', 'colorizedImageId': 'DP0204202207020647M.tif', 'colorSeqNum': 2, 'skuId': '79114530026', 'defaultSwatch': False, 'skuAltImages': [{'imgId': 'DP0204202207020667M.tif', 'colorSeq': 0}, {'imgId': 'DP0204202207020639M.tif', 'colorSeq': 1}, {'imgId': 'DP0204202207020627M.tif', 'colorSeq': 2}]}]",/p/safavieh-gresley-outdoor-and-patio-collection-counter-height-bar-stool/ppr5008214536?pTmplType=regular&searchTerm=patio+and+outdoor+furniture&geoZip=55057,"[{'message': 'Online Only', 'icon': 'mouse'}, {'message': 'Available for Shipping', 'icon': 'check'}]",False,791,True,567.0,567.0,GIFTWRAP,False,False,2022-02-12T09:03:17,DP0204202207020651M.tif,DP0204202207020655M.tif,,,https://www.jcpenney.com/p/safavieh-gresley-outdoor-and-patio-collection-counter-height-bar-stool/ppr5008214536?pTmplType=regular&searchTerm=patio+and+outdoor+furniture&geoZip=55057,20251225,patio and outdoor furniture
"Glitzhome 18.25"" MGO Black Pedestal Patio Garden Stool",ppr5008341809,,,134.99,134.99,225.0,225.0,SALE,False,False,available online only,False,False,original,False,True,"['Manufacturer Warranty: 1 Year', 'Measurements: 18.25 Height/Inches, 16.25 Width/Inches, 16.25 Depth/Inches', 'Dining Height: Standard Height', 'Maximum Weight Limit: 220 Lbs', 'Weight (lb.): 17 Lb']",0.0,0.0,SALE,False,False,62770450026,USD,glitzhome,"[{'colorName': 'Black', 'swatchImageId': 'DP0315202307191936S.tif', 'colorizedImageId': 'DP0315202307191833M.tif', 'colorSeqNum': 1, 'skuId': '62770450026', 'defaultSwatch': False, 'skuAltImages': [{'imgId': 'DP0315202307192351M.tif', 'colorSeq': 0}, {'imgId': 'DP0315202307192247M.tif', 'colorSeq': 1}, {'imgId': 'DP0315202307192143M.tif', 'colorSeq': 2}]}]",/p/glitzhome-1825-mgo-black-pedestal-patio-garden-stool/ppr5008341809?pTmplType=regular&searchTerm=patio+and+outdoor+furniture&geoZip=55057,"[{'message': 'Online Only', 'icon': 'mouse'}, {'message': 'Available for Shipping', 'icon': 'check'}]",False,627,True,121.49,121.49,YULETIDE,False,False,2023-03-15T22:03:21,DP0315202307191833M.tif,DP0315202307192351M.tif,,,https://www.jcpenney.com/p/glitzhome-1825-mgo-black-pedestal-patio-garden-stool/ppr5008341809?pTmplType=regular&searchTerm=patio+and+outdoor+furniture&geoZip=55057,20251225,patio and outdoor furniture
Dillin 2-pc. Bar Stool,ppr5008234195,,,1500.0,1500.0,1500.0,1500.0,ORIGINAL,False,False,available online only,False,False,original,False,True,"['# Pieces In Set: 2', 'Included: 2 Chair(s)', 'Features: Quick Ship, Weather Resistant, 4 Legs, Waterproof, Outdoor, Armless', 'Joinery: Cam And Bolt Lock', 'Manufacturer Warranty: 1 Year']",0.0,0.0,ORIGINAL,False,False,79115380042,USD,more brands,"[{'colorName': 'Yellow', 'swatchImageId': 'DP0418202215010589S.tif', 'colorizedImageId': 'DP0418202215010573M.tif', 'colorSeqNum': 1, 'skuId': '79115380042', 'defaultSwatch': False, 'skuAltImages': [{'imgId': 'DP0418202215010580M.tif', 'colorSeq': 0}, {'imgId': 'DP0418202215010584M.tif', 'colorSeq': 1}, {'imgId': 'DP0418202215010600M.tif', 'colorSeq': 2}]}]",/p/dillin-2-pc-bar-stool/ppr5008234195?pTmplType=regular&searchTerm=patio+and+outdoor+furniture&geoZip=55057,"[{'message': 'Online Only', 'icon': 'mouse'}, {'message': 'Available for Shipping', 'icon': 'check'}]",False,791,True,1125.0,1125.0,RECLINER,False,False,2022-04-18T22:06:20,DP0418202215010573M.tif,DP0418202215010580M.tif,,,https://www.jcpenney.com/p/dillin-2-pc-bar-stool/ppr5008234195?pTmplType=regular&searchTerm=patio+and+outdoor+furniture&geoZip=55057,20251225,patio and outdoor furniture
Shea Patio Bar Stool,ppr5008214537,,,700.0,700.0,700.0,700.0,ORIGINAL,False,False,available online only,False,False,original,False,True,"['Included: 1 Stool(s)', 'Features: Quick Ship, Armless, Weather Resistant', 'Joinery: Welded Joint, Screwed', 'Seating Capacity: 1', 'Measurements: 17 Width/Inches, 22.8 Depth/Inches, 42 Height/Inches']",0.0,0.0,ORIGINAL,False,False,79114540018,USD,safavieh,"[{'colorName': 'Black White', 'swatchImageId': 'DP0204202207020690S.tif', 'colorizedImageId': 'DP0204202207020682M.tif', 'colorSeqNum': 1, 'skuId': '79114540018', 'defaultSwatch': False, 'skuAltImages': [{'imgId': 'DP0204202207020686M.tif', 'colorSeq': 0}, {'imgId': 'DP0204202207020675M.tif', 'colorSeq': 1}, {'imgId': 'DP0204202207020678M.tif', 'colorSeq': 2}]}]",/p/shea-patio-bar-stool/ppr5008214537?pTmplType=regular&searchTerm=patio+and+outdoor+furniture&geoZip=55057,"[{'message': 'Online Only', 'icon': 'mouse'}, {'message': 'Available for Shipping', 'icon': 'check'}]",False,791,True,630.0,630.0,GIFTWRAP,False,False,2022-02-04T22:02:41,DP0204202207020682M.tif,DP0204202207020686M.tif,,,https://www.jcpenney.com/p/shea-patio-bar-stool/ppr5008214537?pTmplType=regular&searchTerm=patio+and+outdoor+furniture&geoZip=55057,20251225,patio and outdoor furniture
Safavieh Gresley Patio Collection Bar Stool,ppr5008088372,,,630.0,630.0,630.0,630.0,ORIGINAL,False,False,available online only,False,False,original,False,True,"['Included: 1 Stool(s)', 'Features: Weather Resistant, Quick Ship', 'Joinery: Welded Joint, Screwed', 'Seating Capacity: 1', 'Maximum Weight Limit: 250 Lbs']",0.0,0.0,ORIGINAL,False,False,79101510026,USD,safavieh,"[{'colorName': 'White', 'swatchImageId': 'DP0224202107045284S.tif', 'colorizedImageId': 'DP0224202107045280M.tif', 'colorSeqNum': 1, 'skuId': '79101510026', 'defaultSwatch': False, 'skuAltImages': [{'imgId': 'DP0224202107045447M.tif', 'colorSeq': 0}, {'imgId': 'DP0224202107045295M.tif', 'colorSeq': 1}, {'imgId': 'DP0224202107045291M.tif', 'colorSeq': 2}]}]",/p/safavieh-gresley-patio-collection-bar-stool/ppr5008088372?pTmplType=regular&searchTerm=patio+and+outdoor+furniture&geoZip=55057,"[{'message': 'Online Only', 'icon': 'mouse'}, {'message': 'Available for Shipping', 'icon': 'check'}]",False,791,True,567.0,567.0,GIFTWRAP,False,False,2022-01-21T17:04:18,DP0224202107045280M.tif,DP0224202107045447M.tif,,,https://www.jcpenney.com/p/safavieh-gresley-patio-collection-bar-stool/ppr5008088372?pTmplType=regular&searchTerm=patio+and+outdoor+furniture&geoZip=55057,20251225,patio and outdoor furniture
Corliving Patio Umbrella,ppr5008132345,5.0,10.0,800.0,800.0,800.0,800.0,ORIGINAL,False,False,available online only,False,False,original,False,True,"['Features: Uv Protection, Collapsible, Quick Ship, Tiltable, Vented, Weather Resistant', 'Manufacturer Warranty: 6 Month', 'Shape: Octagon', 'Measurements: 115 Width/Inches, 100 Height/Inches, 138 Depth/Inches', 'Diameter: 9 1/2 Ft']",0.0,0.0,ORIGINAL,False,False,79101600067,USD,more brands,"[{'colorName': 'Grey', 'swatchImageId': 'DP0614202107014184S.tif', 'colorizedImageId': 'DP0614202107014167M.tif', 'colorSeqNum': 1, 'skuId': '79101600034', 'defaultSwatch': False, 'skuAltImages': [{'imgId': 'DP0614202107014250M.tif', 'colorSeq': 0}, {'imgId': 'DP0614202107014298M.tif', 'colorSeq': 1}, {'imgId': 'DP0614202107014283M.tif', 'colorSeq': 2}]}, {'colorName': 'Wine Red', 'swatchImageId': 'DP0327202311041220S.tif', 'colorizedImageId': 'DP0327202311040600M.tif', 'colorSeqNum': 6, 'skuId': '79101600067', 'defaultSwatch': False, 'skuAltImages': [{'imgId': 'DP0327202311040910M.tif', 'colorSeq': 0}, {'imgId': 'DP0327202311042466M.tif', 'colorSeq': 1}, {'imgId': 'DP0327202311042154M.tif', 'colorSeq': 2}]}]",/p/corliving-patio-umbrella/ppr5008132345?pTmplType=regular&searchTerm=patio+and+outdoor+furniture&geoZip=55057,"[{'message': 'Online Only', 'icon': 'mouse'}, {'message': 'Available for Shipping', 'icon': 'check'}]",False,791,True,600.0,600.0,RECLINER,False,False,2021-06-14T22:03:54,DP0614202107014167M.tif,DP0614202107014250M.tif,,,https://www.jcpenney.com/p/corliving-patio-umbrella/ppr5008132345?pTmplType=regular&searchTerm=patio+and+outdoor+furniture&geoZip=55057,20251225,patio and outdoor furniture
Safavieh Gillian 3-pc. Lounge Chair,ppr5008357169,,,1300.0,1300.0,1300.0,1300.0,ORIGINAL,False,False,available online only,False,False,original,False,True,"['# Pieces In Set: 3', 'Included: 1 Seat Back Cushion(s), 1 Seat Cushion(s), 1 Chair(s)', 'Features: Cushioned', 'Joinery: Screwed', 'Seating Capacity: 1']",0.0,0.0,ORIGINAL,False,False,79123970034,USD,safavieh,"[{'colorName': 'White Black', 'swatchImageId': 'DP0508202309214306S.tif', 'colorizedImageId': 'DP0508202309213480M.tif', 'colorSeqNum': 1, 'skuId': '79123970026', 'defaultSwatch': False, 'skuAltImages': [{'imgId': 'DP0508202309213789M.tif', 'colorSeq': 0}, {'imgId': 'DP0508202309212758M.tif', 'colorSeq': 1}, {'imgId': 'DP0508202309213995M.tif', 'colorSeq': 2}]}, {'colorName': 'Tan White', 'swatchImageId': 'DP0508202309214203S.tif', 'colorizedImageId': 'DP0508202309213377M.tif', 'colorSeqNum': 2, 'skuId': '79123970018', 'defaultSwatch': False, 'skuAltImages': [{'imgId': 'DP0508202309213687M.tif', 'colorSeq': 0}, {'imgId': 'DP0508202309214718M.tif', 'colorSeq': 1}, {'imgId': 'DP0508202309212655M.tif', 'colorSeq': 2}]}, {'colorName': 'Grey', 'swatchImageId': 'DP0508202309214100S.tif', 'colorizedImageId': 'DP0508202309213274M.tif', 'colorSeqNum': 3, 'skuId': '79123970034', 'defaultSwatch': False, 'skuAltImages': [{'imgId': 'DP0508202309213584M.tif', 'colorSeq': 0}, {'imgId': 'DP0508202309213892M.tif', 'colorSeq': 1}, {'imgId': 'DP0508202309212551M.tif', 'colorSeq': 2}]}]",/p/safavieh-gillian-3-pc-lounge-chair/ppr5008357169?pTmplType=regular&searchTerm=patio+and+outdoor+furniture&geoZip=55057,"[{'message': 'Online Only', 'icon': 'mouse'}, {'message': 'Available for Shipping', 'icon': 'check'}]",False,791,True,975.0,975.0,RECLINER,False,False,2023-05-09T00:11:32,DP0508202309213480M.tif,DP0508202309213789M.tif,,,https://www.jcpenney.com/p/safavieh-gillian-3-pc-lounge-chair/ppr5008357169?pTmplType=regular&searchTerm=patio+and+outdoor+furniture&geoZip=55057,20251225,patio and outdoor furniture
Safavieh Breetel 2-pc. Adriondack Chair,ppr5008081338,,,960.0,960.0,960.0,960.0,ORIGINAL,False,False,available online only,False,False,original,False,True,"['# Pieces In Set: 2', 'Included: 2 Chair(s)', 'Features: Weather Resistant, Quick Ship, Deep Seat', 'Joinery: Screwed', 'Seating Capacity: 1']",0.0,0.0,ORIGINAL,False,False,79104980034,USD,safavieh,"[{'colorName': 'Natural', 'swatchImageId': 'DP0209202115031001S.tif', 'colorizedImageId': 'DP0209202115030992M.tif', 'colorSeqNum': 1, 'skuId': '79104980026', 'defaultSwatch': False, 'skuAltImages': [{'imgId': 'DP0209202115031033M.tif', 'colorSeq': 0}, {'imgId': 'DP0209202115031025M.tif', 'colorSeq': 1}, {'imgId': 'DP0209202115031018M.tif', 'colorSeq': 2}]}, {'colorName': 'Grey Wash', 'swatchImageId': 'DP0209202115030996S.tif', 'colorizedImageId': 'DP0209202115030988M.tif', 'colorSeqNum': 2, 'skuId': '79104980034', 'defaultSwatch': False, 'skuAltImages': [{'imgId': 'DP0209202115031029M.tif', 'colorSeq': 0}, {'imgId': 'DP0209202115031022M.tif', 'colorSeq': 1}, {'imgId': 'DP0209202115031014M.tif', 'colorSeq': 2}]}, {'colorName': 'Black', 'swatchImageId': 'DP0903202411020293S.tif', 'colorizedImageId': 'DP0903202411015479M.tif', 'colorSeqNum': 4, 'skuId': '79104980059', 'defaultSwatch': False, 'skuAltImages': [{'imgId': 'DP0903202411015683M.tif', 'colorSeq': 0}, {'imgId': 'DP0903202411015886M.tif', 'colorSeq': 1}, {'imgId': 'DP0903202411015175M.tif', 'colorSeq': 2}]}]",/p/safavieh-breetel-2-pc-adriondack-chair/ppr5008081338?pTmplType=regular&searchTerm=patio+and+outdoor+furniture&geoZip=55057,"[{'message': 'Online Only', 'icon': 'mouse'}, {'message': 'Available for Shipping', 'icon': 'check'}]",False,791,True,720.0,720.0,RECLINER,False,False,2021-02-09T22:06:25,DP0209202115030992M.tif,DP0209202115031033M.tif,,,https://www.jcpenney.com/p/safavieh-breetel-2-pc-adriondack-chair/ppr5008081338?pTmplType=regular&searchTerm=patio+and+outdoor+furniture&geoZip=55057,20251225,patio and outdoor furniture
Safavieh Inglewood Lounge Chair,ppr5008236695,,,1060.0,1060.0,1060.0,1060.0,ORIGINAL,False,False,available online only,False,False,original,False,True,"['Included: 1 Chair(s)', 'Features: Quick Ship', 'Joinery: Glued', 'Seating Capacity: 1', 'Tools Required: Allen Wrench (included)']",0.0,0.0,ORIGINAL,False,False,79116190026,USD,safavieh,"[{'colorName': 'Natural Beige', 'swatchImageId': 'DP0413202209024249S.tif', 'colorizedImageId': 'DP0413202209024241M.tif', 'colorSeqNum': 1, 'skuId': '79116190018', 'defaultSwatch': False, 'skuAltImages': [{'imgId': 'DP0413202209024305M.tif', 'colorSeq': 0}, {'imgId': 'DP0413202209024264M.tif', 'colorSeq': 1}, {'imgId': 'DP0413202209024269M.tif', 'colorSeq': 2}]}, {'colorName': 'Ash Grey Beige', 'swatchImageId': 'DP0413202209024244S.tif', 'colorizedImageId': 'DP0413202209024235M.tif', 'colorSeqNum': 2, 'skuId': '79116190026', 'defaultSwatch': False, 'skuAltImages': [{'imgId': 'DP0413202209024291M.tif', 'colorSeq': 0}, {'imgId': 'DP0413202209024260M.tif', 'colorSeq': 1}, {'imgId': 'DP0413202209024275M.tif', 'colorSeq': 2}]}]",/p/safavieh-inglewood-lounge-chair/ppr5008236695?pTmplType=regular&searchTerm=patio+and+outdoor+furniture&geoZip=55057,"[{'message': 'Online Only', 'icon': 'mouse'}, {'message': 'Available for Shipping', 'icon': 'check'}]",False,791,True,795.0,795.0,RECLINER,False,False,2022-04-13T22:03:25,DP0413202209024241M.tif,DP0413202209024305M.tif,,,https://www.jcpenney.com/p/safavieh-inglewood-lounge-chair/ppr5008236695?pTmplType=regular&searchTerm=patio+and+outdoor+furniture&geoZip=55057,20251225,patio and outdoor furniture
Safavieh Ralden Patio Collection Lounge Chair,ppr5008088350,,,830.0,830.0,830.0,830.0,ORIGINAL,False,False,available online only,False,False,original,False,True,"['Included: 1 Chair(s)', 'Features: Weather Resistant, Folding, Quick Ship, Wheeled', 'Joinery: Glued, Nailed', 'Seating Capacity: 1', 'Tools Required: Screws (included), Allen Wrench (included)']",0.0,0.0,ORIGINAL,False,False,79101340034,USD,safavieh,"[{'colorName': 'Natural Beige', 'swatchImageId': 'DP0526202107015378S.tif', 'colorizedImageId': 'DP0525202113005347M.tif', 'colorSeqNum': 1, 'skuId': '79101340026', 'defaultSwatch': False, 'skuAltImages': [{'imgId': 'DP0525202113005371M.tif', 'colorSeq': 0}, {'imgId': 'DP0525202113005366M.tif', 'colorSeq': 1}, {'imgId': 'DP0525202113005360M.tif', 'colorSeq': 2}]}, {'colorName': 'Natural Navy', 'swatchImageId': 'DP0224202107044515S.tif', 'colorizedImageId': 'DP0224202107044508M.tif', 'colorSeqNum': 2, 'skuId': '79101340034', 'defaultSwatch': False, 'skuAltImages': [{'imgId': 'DP0224202107044544M.tif', 'colorSeq': 0}, {'imgId': 'DP0224202107044536M.tif', 'colorSeq': 1}, {'imgId': 'DP0224202107044529M.tif', 'colorSeq': 2}]}]",/p/safavieh-ralden-patio-collection-lounge-chair/ppr5008088350?pTmplType=regular&searchTerm=patio+and+outdoor+furniture&geoZip=55057,"[{'message': 'Online Only', 'icon': 'mouse'}, {'message': 'Available for Shipping', 'icon': 'check'}]",False,791,True,622.5,622.5,RECLINER,False,False,2021-02-24T22:04:46,DP0525202113005347M.tif,DP0525202113005371M.tif,,,https://www.jcpenney.com/p/safavieh-ralden-patio-collection-lounge-chair/ppr5008088350?pTmplType=regular&searchTerm=patio+and+outdoor+furniture&geoZip=55057,20251225,patio and outdoor furniture
Safavieh Loren Sling Chair 2-pc. Sling Chair,ppr5008081345,,,580.0,580.0,580.0,580.0,ORIGINAL,False,False,available online only,False,False,original,False,True,"['# Pieces In Set: 2', 'Included: 2 Chair(s)', 'Features: Weather Resistant, Folding, Quick Ship', 'Joinery: Screwed', 'Seating Capacity: 1']",0.0,0.0,ORIGINAL,False,False,79105020034,USD,safavieh,"[{'colorName': 'Natural Navy', 'swatchImageId': 'DP0209202115031103S.tif', 'colorizedImageId': 'DP0209202113021004M.tif', 'colorSeqNum': 1, 'skuId': '79105020026', 'defaultSwatch': False, 'skuAltImages': [{'imgId': 'DP0518202117011738M.tif', 'colorSeq': 0}, {'imgId': 'DP0209202113021033M.tif', 'colorSeq': 1}, {'imgId': 'DP0209202113021026M.tif', 'colorSeq': 2}]}, {'colorName': 'Natural Beige', 'swatchImageId': 'DP0209202115031099S.tif', 'colorizedImageId': 'DP0209202113020999M.tif', 'colorSeqNum': 2, 'skuId': '79105020034', 'defaultSwatch': False, 'skuAltImages': [{'imgId': 'DP0209202113021030M.tif', 'colorSeq': 0}, {'imgId': 'DP0209202113021022M.tif', 'colorSeq': 1}, {'imgId': 'DP0209202113021015M.tif', 'colorSeq': 2}]}]",/p/safavieh-loren-sling-chair-2-pc-sling-chair/ppr5008081345?pTmplType=regular&searchTerm=patio+and+outdoor+furniture&geoZip=55057,"[{'message': 'Online Only', 'icon': 'mouse'}, {'message': 'Available for Shipping', 'icon': 'check'}]",False,791,True,522.0,522.0,GIFTWRAP,False,False,2021-02-09T22:06:26,DP0209202113021004M.tif,DP0518202117011738M.tif,,,https://www.jcpenney.com/p/safavieh-loren-sling-chair-2-pc-sling-chair/ppr5008081345?pTmplType=regular&searchTerm=patio+and+outdoor+furniture&geoZip=55057,20251225,patio and outdoor furniture
Carlbach Outdoor Teak Dining Armchair with Cushion,ppr5008451422,,,530.0,530.0,530.0,530.0,ORIGINAL,False,False,available online only,False,False,original,False,True,"['Included: 1 Seat Cushion(s), 1 Chair(s)', 'Features: Upholstered, Quick Ship', 'Joinery: Screwed', 'Manufacturer Warranty: 6 Month', 'Seating Capacity: 1']",0.0,0.0,ORIGINAL,True,False,79131450018,USD,more brands,"[{'colorName': 'Brown', 'swatchImageId': 'DP0513202415120913S.tif', 'colorizedImageId': 'DP0513202415120710M.tif', 'colorSeqNum': 1, 'skuId': '79131450018', 'defaultSwatch': False, 'skuAltImages': [{'imgId': 'DP0513202415120811M.tif', 'colorSeq': 0}, {'imgId': 'DP0513202415120506M.tif', 'colorSeq': 1}, {'imgId': 'DP0513202415120608M.tif', 'colorSeq': 2}]}]",/p/carlbach-outdoor-teak-dining-armchair-with-cushion/ppr5008451422?pTmplType=regular&searchTerm=patio+and+outdoor+furniture&geoZip=55057,"[{'message': 'Online Only', 'icon': 'mouse'}, {'message': 'Available for Shipping', 'icon': 'check'}]",False,791,True,477.0,477.0,GIFTWRAP,False,False,2024-05-13T22:04:54,DP0513202415120710M.tif,DP0513202415120811M.tif,,,https://www.jcpenney.com/p/carlbach-outdoor-teak-dining-armchair-with-cushion/ppr5008451422?pTmplType=regular&searchTerm=patio+and+outdoor+furniture&geoZip=55057,20251225,patio and outdoor furniture
Modesta Adjustable Lounge Chair,ppr5008429774,,,1900.0,1900.0,1900.0,1900.0,ORIGINAL,False,False,available online only,False,False,original,False,True,"['Included: 1 Chair(s)', 'Features: Water Resistant, Weather Resistant, Adjustable', 'Manufacturer Warranty: 90 Days Limited', 'Seating Capacity: 1', 'Tools Required: Allen Wrench (included)']",0.0,0.0,ORIGINAL,False,False,79129060018,USD,more brands,"[{'colorName': 'Gray', 'swatchImageId': 'DP1001202407183682S.tif', 'colorizedImageId': 'DP1001202407183378M.tif', 'colorSeqNum': 1, 'skuId': '79129060018', 'defaultSwatch': False, 'skuAltImages': [{'imgId': 'DP1001202407183886M.tif', 'colorSeq': 0}, {'imgId': 'DP1001202407183479M.tif', 'colorSeq': 1}, {'imgId': 'DP1016202407120827M.tif', 'colorSeq': 2}]}]",/p/modesta-adjustable-lounge-chair/ppr5008429774?pTmplType=regular&searchTerm=patio+and+outdoor+furniture&geoZip=55057,"[{'message': 'Online Only', 'icon': 'mouse'}, {'message': 'Available for Shipping', 'icon': 'check'}]",False,791,True,1425.0,1425.0,RECLINER,False,False,2024-10-01T22:02:46,DP1001202407183378M.tif,DP1001202407183886M.tif,,,https://www.jcpenney.com/p/modesta-adjustable-lounge-chair/ppr5008429774?pTmplType=regular&searchTerm=patio+and+outdoor+furniture&geoZip=55057,20251225,patio and outdoor furniture
Salem Adjustable Lounge Chair,ppr5008376395,,,870.0,870.0,870.0,870.0,ORIGINAL,False,False,available online only,False,False,original,False,True,"['Included: 1 Chair(s)', 'Features: Water Resistant, Adjustable, Easy Clean, 4 Legs', 'Manufacturer Warranty: 90 Days Limited', 'Seating Capacity: 1', 'Chair Measurements: 15.5 Height/Inches, 27.5 Depth/Inches, 79.25 Width/Inches']",0.0,0.0,ORIGINAL,False,False,79127650018,USD,more brands,"[{'colorName': 'Brown', 'swatchImageId': 'DP0706202307300384S.tif', 'colorizedImageId': 'DP0706202307300281M.tif', 'colorSeqNum': 1, 'skuId': '79127650018', 'defaultSwatch': False, 'skuAltImages': [{'imgId': 'DP0706202307300590M.tif', 'colorSeq': 0}, {'imgId': 'DP0706202307300693M.tif', 'colorSeq': 1}, {'imgId': 'DP0706202307300796M.tif', 'colorSeq': 2}]}]",/p/salem-adjustable-lounge-chair/ppr5008376395?pTmplType=regular&searchTerm=patio+and+outdoor+furniture&geoZip=55057,"[{'message': 'Online Only', 'icon': 'mouse'}, {'message': 'Available for Shipping', 'icon': 'check'}]",False,791,True,652.5,652.5,RECLINER,False,False,2023-07-10T07:08:28,DP0706202307300281M.tif,DP0706202307300590M.tif,,,https://www.jcpenney.com/p/salem-adjustable-lounge-chair/ppr5008376395?pTmplType=regular&searchTerm=patio+and+outdoor+furniture&geoZip=55057,20251225,patio and outdoor furniture
Navan Adjustable 2-pc. Lounge Chair,ppr5008376386,,,1720.0,1720.0,1720.0,1720.0,ORIGINAL,False,False,available online only,False,False,original,False,True,"['# Pieces In Set: 2', 'Included: 2 Chair(s)', 'Features: Easy Clean, Water Resistant, Adjustable, 4 Legs', 'Manufacturer Warranty: 90 Days Limited', 'Seating Capacity: 2']",0.0,0.0,ORIGINAL,False,False,79127560018,USD,more brands,"[{'colorName': 'Dark Gray', 'swatchImageId': 'DP0706202307283719S.tif', 'colorizedImageId': 'DP0706202307283616M.tif', 'colorSeqNum': 1, 'skuId': '79127560018', 'defaultSwatch': False, 'skuAltImages': [{'imgId': 'DP0706202307283926M.tif', 'colorSeq': 0}, {'imgId': 'DP0706202307284029M.tif', 'colorSeq': 1}, {'imgId': 'DP0706202307284132M.tif', 'colorSeq': 2}]}]",/p/navan-adjustable-2-pc-lounge-chair/ppr5008376386?pTmplType=regular&searchTerm=patio+and+outdoor+furniture&geoZip=55057,"[{'message': 'Online Only', 'icon': 'mouse'}, {'message': 'Available for Shipping', 'icon': 'check'}]",False,791,True,1290.0,1290.0,RECLINER,False,False,2023-07-10T07:08:27,DP0706202307283616M.tif,DP0706202307283926M.tif,,,https://www.jcpenney.com/p/navan-adjustable-2-pc-lounge-chair/ppr5008376386?pTmplType=regular&searchTerm=patio+and+outdoor+furniture&geoZip=55057,20251225,patio and outdoor furniture
Hanlee 2-pc. Folding Adriondack Chair,ppr5008376330,,,770.0,770.0,770.0,770.0,ORIGINAL,False,False,available online only,False,False,original,False,True,"['# Pieces In Set: 2', 'Included: 2 Chair(s)', 'Features: Folding', 'Manufacturer Warranty: 90 Days Limited', 'Seating Capacity: 2']",0.0,0.0,ORIGINAL,False,False,79127070018,USD,more brands,"[{'colorName': 'White', 'swatchImageId': 'DP0705202307174185S.tif', 'colorizedImageId': 'DP0705202307174082M.tif', 'colorSeqNum': 1, 'skuId': '79127070018', 'defaultSwatch': False, 'skuAltImages': [{'imgId': 'DP0705202307174390M.tif', 'colorSeq': 0}, {'imgId': 'DP0705202307174494M.tif', 'colorSeq': 1}, {'imgId': 'DP0705202307174597M.tif', 'colorSeq': 2}]}]",/p/hanlee-2-pc-folding-adriondack-chair/ppr5008376330?pTmplType=regular&searchTerm=patio+and+outdoor+furniture&geoZip=55057,"[{'message': 'Online Only', 'icon': 'mouse'}, {'message': 'Available for Shipping', 'icon': 'check'}]",False,791,True,577.5,577.5,RECLINER,False,False,2023-07-10T07:08:28,DP0705202307174082M.tif,DP0705202307174390M.tif,,,https://www.jcpenney.com/p/hanlee-2-pc-folding-adriondack-chair/ppr5008376330?pTmplType=regular&searchTerm=patio+and+outdoor+furniture&geoZip=55057,20251225,patio and outdoor furniture
Belgian 2-pc. Upholstered Club Chair,ppr5008376207,,,1365.0,1365.0,1365.0,1365.0,ORIGINAL,False,False,available online only,False,False,original,False,True,"['# Pieces In Set: 2', 'Included: 2 Chair(s)', 'Features: Upholstered', 'Manufacturer Warranty: 90 Days Limited', 'Seating Capacity: 2']",0.0,0.0,ORIGINAL,False,False,79126490018,USD,more brands,"[{'colorName': 'Teak Beige', 'swatchImageId': 'DP0705202307080208S.tif', 'colorizedImageId': 'DP0705202307075795M.tif', 'colorSeqNum': 1, 'skuId': '79126490018', 'defaultSwatch': False, 'skuAltImages': [{'imgId': 'DP0705202307075898M.tif', 'colorSeq': 0}, {'imgId': 'DP0705202307080002M.tif', 'colorSeq': 1}, {'imgId': 'DP0705202307075589M.tif', 'colorSeq': 2}]}]",/p/belgian-2-pc-upholstered-club-chair/ppr5008376207?pTmplType=regular&searchTerm=patio+and+outdoor+furniture&geoZip=55057,"[{'message': 'Online Only', 'icon': 'mouse'}, {'message': 'Available for Shipping', 'icon': 'check'}]",False,791,True,1023.75,1023.75,RECLINER,False,False,2023-07-10T07:08:27,DP0705202307075795M.tif,DP0705202307075898M.tif,,,https://www.jcpenney.com/p/belgian-2-pc-upholstered-club-chair/ppr5008376207?pTmplType=regular&searchTerm=patio+and+outdoor+furniture&geoZip=55057,20251225,patio and outdoor furniture
Malia Egg Chair,ppr5008367160,,,790.0,790.0,790.0,790.0,ORIGINAL,False,False,available online only,False,False,original,False,True,"['Included: 1 Chair(s)', 'Features: Removable Cushions, Quick Ship, Weather Resistant, Water Resistant', 'Manufacturer Warranty: 90 Days Limited', 'Seating Capacity: 1', 'Tools Required: Allen Wrench (included), Screws (included)']",0.0,0.0,ORIGINAL,False,False,79125950018,USD,more brands,"[{'colorName': 'Beige Bronze Brown', 'swatchImageId': 'DP1023202517003928S.tif', 'colorizedImageId': 'DP1023202517003823M.tif', 'colorSeqNum': 1, 'skuId': '79125950018', 'defaultSwatch': False, 'skuAltImages': [{'imgId': 'DP1023202517004346M.tif', 'colorSeq': 0}, {'imgId': 'DP1023202517004241M.tif', 'colorSeq': 1}, {'imgId': 'DP1023202517004033M.tif', 'colorSeq': 2}]}]",/p/malia-egg-chair/ppr5008367160?pTmplType=regular&searchTerm=patio+and+outdoor+furniture&geoZip=55057,"[{'message': 'Online Only', 'icon': 'mouse'}, {'message': 'Available for Shipping', 'icon': 'check'}]",False,791,True,592.5,592.5,RECLINER,False,False,2025-10-23T22:05:47,DP1023202517003823M.tif,DP1023202517004346M.tif,"[{'name': 'NEW', 'priority': 1, 'urlParam': 'new'}]",,https://www.jcpenney.com/p/malia-egg-chair/ppr5008367160?pTmplType=regular&searchTerm=patio+and+outdoor+furniture&geoZip=55057,20251225,patio and outdoor furniture
Richards Egg Chair,ppr5008367159,,,800.0,800.0,800.0,800.0,ORIGINAL,False,False,available online only,False,False,original,False,True,"['Included: 1 Chair(s)', 'Features: Quick Ship, Weather Resistant, Removable Cushions, Water Resistant', 'Manufacturer Warranty: 90 Days Limited', 'Seating Capacity: 1', 'Tools Required: Screws (included), Allen Wrench (included)']",0.0,0.0,ORIGINAL,False,False,79125940018,USD,more brands,"[{'colorName': 'Dark Gray Taupe', 'swatchImageId': 'DP1023202515155081S.tif', 'colorizedImageId': 'DP1023202517003092M.tif', 'colorSeqNum': 1, 'skuId': '79125940018', 'defaultSwatch': False, 'skuAltImages': [{'imgId': 'DP1023202517003509M.tif', 'colorSeq': 0}, {'imgId': 'DP1023202517003405M.tif', 'colorSeq': 1}, {'imgId': 'DP1023202517003196M.tif', 'colorSeq': 2}]}]",/p/richards-egg-chair/ppr5008367159?pTmplType=regular&searchTerm=patio+and+outdoor+furniture&geoZip=55057,"[{'message': 'Online Only', 'icon': 'mouse'}, {'message': 'Available for Shipping', 'icon': 'check'}]",False,791,True,600.0,600.0,RECLINER,False,False,2025-10-23T22:05:47,DP1023202517003092M.tif,DP1023202517003509M.tif,"[{'name': 'NEW', 'priority': 1, 'urlParam': 'new'}]",,https://www.jcpenney.com/p/richards-egg-chair/ppr5008367159?pTmplType=regular&searchTerm=patio+and+outdoor+furniture&geoZip=55057,20251225,patio and outdoor furniture
Safavieh Hutton 2 Pack,ppr5008349100,,,890.0,890.0,890.0,890.0,ORIGINAL,False,False,available online only,False,False,original,False,True,"['# Pieces In Set: 2-Pack', 'Included: 2 Chair(s)', 'Joinery: Screwed', 'Seating Capacity: 1', 'Measurements: 35 Height/Inches, 22 Width/Inches, 25.6 Depth/Inches']",0.0,0.0,ORIGINAL,False,False,79123400018,USD,safavieh,"[{'colorName': 'Navy', 'swatchImageId': 'DP0405202309255184S.tif', 'colorizedImageId': 'DP0405202309254771M.tif', 'colorSeqNum': 1, 'skuId': '79123400018', 'defaultSwatch': False, 'skuAltImages': [{'imgId': 'DP0405202309254873M.tif', 'colorSeq': 0}, {'imgId': 'DP0405202309254977M.tif', 'colorSeq': 1}, {'imgId': 'DP0405202309255390M.tif', 'colorSeq': 2}]}]",/p/safavieh-hutton-2-pack/ppr5008349100?pTmplType=regular&searchTerm=patio+and+outdoor+furniture&geoZip=55057,"[{'message': 'Online Only', 'icon': 'mouse'}, {'message': 'Available for Shipping', 'icon': 'check'}]",False,791,True,667.5,667.5,RECLINER,False,False,2023-04-05T22:05:17,DP0405202309254771M.tif,DP0405202309254873M.tif,,,https://www.jcpenney.com/p/safavieh-hutton-2-pack/ppr5008349100?pTmplType=regular&searchTerm=patio+and+outdoor+furniture&geoZip=55057,20251225,patio and outdoor furniture
Safavieh Zoya 2 Pack,ppr5008349099,,,920.0,920.0,920.0,920.0,ORIGINAL,False,False,available online only,False,False,original,False,True,"['# Pieces In Set: 2-Pack', 'Included: 2 Chair(s)', 'Features: Stackable', 'Joinery: Screwed', 'Seating Capacity: 1']",0.0,0.0,ORIGINAL,False,False,79123390018,USD,safavieh,"[{'colorName': 'Navy White', 'swatchImageId': 'DP0405202309253945S.tif', 'colorizedImageId': 'DP0405202309253634M.tif', 'colorSeqNum': 1, 'skuId': '79123390018', 'defaultSwatch': False, 'skuAltImages': [{'imgId': 'DP0405202309253737M.tif', 'colorSeq': 0}, {'imgId': 'DP0405202309253841M.tif', 'colorSeq': 1}, {'imgId': 'DP0405202309254151M.tif', 'colorSeq': 2}]}]",/p/safavieh-zoya-2-pack/ppr5008349099?pTmplType=regular&searchTerm=patio+and+outdoor+furniture&geoZip=55057,"[{'message': 'Online Only', 'icon': 'mouse'}, {'message': 'Available for Shipping', 'icon': 'check'}]",False,791,True,690.0,690.0,RECLINER,False,False,2023-04-05T22:05:16,DP0405202309253634M.tif,DP0405202309253737M.tif,,,https://www.jcpenney.com/p/safavieh-zoya-2-pack/ppr5008349099?pTmplType=regular&searchTerm=patio+and+outdoor+furniture&geoZip=55057,20251225,patio and outdoor furniture
Patio Accent Chair with Cushions,ppr5008345311,,,760.0,760.0,760.0,760.0,ORIGINAL,False,False,available online only,False,False,original,False,True,"['# Pieces In Set: 3', 'Included: 1 Seat Back Cushion(s), 1 Seat Cushion(s), 1 Chair(s)', 'Features: Removable Cushions, Weather Resistant', 'Manufacturer Warranty: 180 Day Parts Limited', 'Seating Capacity: 1']",0.0,0.0,ORIGINAL,False,False,79123090034,USD,more brands,"[{'colorName': 'Black Blue', 'swatchImageId': 'DP0325202307111263S.tif', 'colorizedImageId': 'DP0325202307110329M.tif', 'colorSeqNum': 1, 'skuId': '79123090034', 'defaultSwatch': False, 'skuAltImages': [{'imgId': 'DP0325202307110640M.tif', 'colorSeq': 0}, {'imgId': 'DP0325202307110952M.tif', 'colorSeq': 1}, {'imgId': 'DP0325202307105705M.tif', 'colorSeq': 2}]}]",/p/patio-accent-chair-with-cushions/ppr5008345311?pTmplType=regular&searchTerm=patio+and+outdoor+furniture&geoZip=55057,"[{'message': 'Online Only', 'icon': 'mouse'}, {'message': 'Available for Shipping', 'icon': 'check'}]",False,791,True,570.0,570.0,RECLINER,False,False,2023-03-25T22:02:57,DP0325202307110329M.tif,DP0325202307110640M.tif,"[{'name': 'Few Left', 'priority': 1, 'urlParam': 'fewleft'}]",,https://www.jcpenney.com/p/patio-accent-chair-with-cushions/ppr5008345311?pTmplType=regular&searchTerm=patio+and+outdoor+furniture&geoZip=55057,20251225,patio and outdoor furniture
Safavieh Merlin Adriondack Chair,ppr5008341770,,,510.0,510.0,510.0,510.0,ORIGINAL,False,False,available online only,False,False,original,False,True,"['Features: Water Resistant', 'Joinery: Screwed', 'Seating Capacity: 1', 'Tools Required: Screws (included)', 'Measurements: 32.3 Height/Inches, 51.9 Width/Inches, 29.5 Depth/Inches']",0.0,0.0,ORIGINAL,False,False,79122960018,USD,safavieh,"[{'colorName': 'Ash Grey', 'swatchImageId': 'DP0322202307250221S.tif', 'colorizedImageId': 'DP0322202307250015M.tif', 'colorSeqNum': 1, 'skuId': '79122960018', 'defaultSwatch': False, 'skuAltImages': [{'imgId': 'DP0322202307250429M.tif', 'colorSeq': 0}, {'imgId': 'DP0322202307250118M.tif', 'colorSeq': 1}, {'imgId': 'DP0322202307250532M.tif', 'colorSeq': 2}]}]",/p/safavieh-merlin-adriondack-chair/ppr5008341770?pTmplType=regular&searchTerm=patio+and+outdoor+furniture&geoZip=55057,"[{'message': 'Online Only', 'icon': 'mouse'}, {'message': 'Available for Shipping', 'icon': 'check'}]",False,791,True,459.0,459.0,GIFTWRAP,False,False,2023-03-22T22:03:38,DP0322202307250015M.tif,DP0322202307250429M.tif,"[{'name': 'Few Left', 'priority': 1, 'urlParam': 'fewleft'}]",,https://www.jcpenney.com/p/safavieh-merlin-adriondack-chair/ppr5008341770?pTmplType=regular&searchTerm=patio+and+outdoor+furniture&geoZip=55057,20251225,patio and outdoor furniture
Adjustable 2-pc. Lounge Chair,ppr5008336752,,,820.0,820.0,820.0,820.0,ORIGINAL,False,False,available online only,False,False,original,False,True,"['# Pieces In Set: 2', 'Included: 1 Chair(s)', 'Features: Quick Ship, 4 Legs, Adjustable', 'Seating Capacity: 1', 'Tools Required: Allen Wrench (included)']",0.0,0.0,ORIGINAL,False,False,79122490018,USD,more brands,"[{'colorName': 'Gray', 'swatchImageId': 'DP0314202309295194S.tif', 'colorizedImageId': 'DP0314202309294779M.tif', 'colorSeqNum': 1, 'skuId': '79122490018', 'defaultSwatch': False, 'skuAltImages': [{'imgId': 'DP0314202309294883M.tif', 'colorSeq': 0}, {'imgId': 'DP0314202309294988M.tif', 'colorSeq': 1}, {'imgId': 'DP0314202309294572M.tif', 'colorSeq': 2}]}]",/p/adjustable-2-pc-lounge-chair/ppr5008336752?pTmplType=regular&searchTerm=patio+and+outdoor+furniture&geoZip=55057,"[{'message': 'Online Only', 'icon': 'mouse'}, {'message': 'Available for Shipping', 'icon': 'check'}]",False,791,True,615.0,615.0,RECLINER,False,False,2023-03-14T22:10:09,DP0314202309294779M.tif,DP0314202309294883M.tif,,,https://www.jcpenney.com/p/adjustable-2-pc-lounge-chair/ppr5008336752?pTmplType=regular&searchTerm=patio+and+outdoor+furniture&geoZip=55057,20251225,patio and outdoor furniture
Hampton Lounge Chair,ppr5008336642,,,740.0,740.0,740.0,740.0,ORIGINAL,False,False,available online only,False,False,original,False,True,"['Included: 1 Chair(s)', 'Features: 4 Legs', 'Seating Capacity: 1', 'Tools Required: Screws (included), Phillips Screwdriver (not Included), Allen Wrench (included)', 'Chair Measurements: 31.25 Depth/Inches']",0.0,0.0,ORIGINAL,False,False,79122390018,USD,more brands,"[{'colorName': 'Black', 'swatchImageId': 'DP0314202309280706S.tif', 'colorizedImageId': 'DP0314202309280290M.tif', 'colorSeqNum': 1, 'skuId': '79122390018', 'defaultSwatch': False, 'skuAltImages': [{'imgId': 'DP0314202309280393M.tif', 'colorSeq': 0}, {'imgId': 'DP0314202309280498M.tif', 'colorSeq': 1}, {'imgId': 'DP0314202309280082M.tif', 'colorSeq': 2}]}]",/p/hampton-lounge-chair/ppr5008336642?pTmplType=regular&searchTerm=patio+and+outdoor+furniture&geoZip=55057,"[{'message': 'Online Only', 'icon': 'mouse'}, {'message': 'Available for Shipping', 'icon': 'check'}]",False,791,True,666.0,666.0,GIFTWRAP,False,False,2023-03-14T22:10:06,DP0314202309280290M.tif,DP0314202309280393M.tif,,,https://www.jcpenney.com/p/hampton-lounge-chair/ppr5008336642?pTmplType=regular&searchTerm=patio+and+outdoor+furniture&geoZip=55057,20251225,patio and outdoor furniture
Ariana Lounge Chair,ppr5008336631,,,760.0,760.0,760.0,760.0,ORIGINAL,False,False,available online only,False,False,original,False,True,"['Included: 1 Chair(s)', 'Features: Quick Ship, Water Resistant, 4 Legs', 'Seating Capacity: 2', 'Tools Required: Allen Wrench (included)', 'Chair Measurements: 78.75 Width/Inches, 30.5 Height/Inches, 24 Depth/Inches']",0.0,0.0,ORIGINAL,False,False,79122280018,USD,more brands,"[{'colorName': 'Gray', 'swatchImageId': 'DP0314202309261164S.tif', 'colorizedImageId': 'DP0314202309260750M.tif', 'colorSeqNum': 1, 'skuId': '79122280018', 'defaultSwatch': False, 'skuAltImages': [{'imgId': 'DP0314202309261371M.tif', 'colorSeq': 0}, {'imgId': 'DP0314202309260853M.tif', 'colorSeq': 1}, {'imgId': 'DP0314202309260956M.tif', 'colorSeq': 2}]}]",/p/ariana-lounge-chair/ppr5008336631?pTmplType=regular&searchTerm=patio+and+outdoor+furniture&geoZip=55057,"[{'message': 'Online Only', 'icon': 'mouse'}, {'message': 'Available for Shipping', 'icon': 'check'}]",False,791,True,570.0,570.0,RECLINER,False,False,2023-03-14T22:10:03,DP0314202309260750M.tif,DP0314202309261371M.tif,,,https://www.jcpenney.com/p/ariana-lounge-chair/ppr5008336631?pTmplType=regular&searchTerm=patio+and+outdoor+furniture&geoZip=55057,20251225,patio and outdoor furniture
Burchett 2-pc. Club Chair,ppr5008330503,,,1440.0,1440.0,1440.0,1440.0,ORIGINAL,False,False,available online only,False,False,original,False,True,"['# Pieces In Set: 2', 'Included: 2 Chair(s)', 'Features: Quick Ship, Water Resistant', 'Manufacturer Warranty: 90 Days Limited', 'Seating Capacity: 2']",0.0,0.0,ORIGINAL,False,False,79121690018,USD,more brands,"[{'colorName': 'Teak  Brown  Beige', 'swatchImageId': 'DP0215202309151183S.tif', 'colorizedImageId': 'DP0215202309151081M.tif', 'colorSeqNum': 1, 'skuId': '79121690018', 'defaultSwatch': False, 'skuAltImages': [{'imgId': 'DP0215202309151390M.tif', 'colorSeq': 0}, {'imgId': 'DP0215202309151493M.tif', 'colorSeq': 1}, {'imgId': 'DP0215202309151596M.tif', 'colorSeq': 2}]}]",/p/burchett-2-pc-club-chair/ppr5008330503?pTmplType=regular&searchTerm=patio+and+outdoor+furniture&geoZip=55057,"[{'message': 'Online Only', 'icon': 'mouse'}, {'message': 'Available for Shipping', 'icon': 'check'}]",False,791,True,1080.0,1080.0,RECLINER,False,False,2023-02-15T22:06:02,DP0215202309151081M.tif,DP0215202309151390M.tif,,,https://www.jcpenney.com/p/burchett-2-pc-club-chair/ppr5008330503?pTmplType=regular&searchTerm=patio+and+outdoor+furniture&geoZip=55057,20251225,patio and outdoor furniture
Waverly Lounge Chair Lounge Chair,ppr5008328405,,,500.0,500.0,500.0,500.0,ORIGINAL,False,False,available online only,False,False,original,False,True,"['Included: 2 Chair(s)', 'Features: 4 Legs, Quick Ship', 'Manufacturer Warranty: 90 Days', 'Seating Capacity: 1', 'Tools Required: Screws (included), Allen Wrench (included)']",0.0,0.0,ORIGINAL,False,False,79121410018,USD,more brands,"[{'colorName': 'Brown', 'swatchImageId': 'DP0204202307055201S.tif', 'colorizedImageId': 'DP0204202307054892M.tif', 'colorSeqNum': 1, 'skuId': '79121410018', 'defaultSwatch': False, 'skuAltImages': [{'imgId': 'DP0204202307054995M.tif', 'colorSeq': 0}, {'imgId': 'DP0204202307054686M.tif', 'colorSeq': 1}, {'imgId': 'DP0204202307055098M.tif', 'colorSeq': 2}]}]",/p/waverly-lounge-chair-lounge-chair/ppr5008328405?pTmplType=regular&searchTerm=patio+and+outdoor+furniture&geoZip=55057,"[{'message': 'Online Only', 'icon': 'mouse'}, {'message': 'Available for Shipping', 'icon': 'check'}]",False,791,True,450.0,450.0,GIFTWRAP,False,False,2023-02-06T07:06:07,DP0204202307054892M.tif,DP0204202307054995M.tif,,,https://www.jcpenney.com/p/waverly-lounge-chair-lounge-chair/ppr5008328405?pTmplType=regular&searchTerm=patio+and+outdoor+furniture&geoZip=55057,20251225,patio and outdoor furniture
Cape Lounge Chair Adjustable 2-pc. Lounge Chair,ppr5008328394,,,1130.0,1130.0,1130.0,1130.0,ORIGINAL,False,False,available online only,False,False,original,False,True,"['# Pieces In Set: 2', 'Included: 2 Chair(s)', 'Features: 4 Legs, Quick Ship, Adjustable', 'Manufacturer Warranty: 90 Days', 'Seating Capacity: 2']",0.0,0.0,ORIGINAL,False,False,79121350018,USD,more brands,"[{'colorName': 'Dark Gray', 'swatchImageId': 'DP0204202307043271S.tif', 'colorizedImageId': 'DP0204202307042961M.tif', 'colorSeqNum': 1, 'skuId': '79121350018', 'defaultSwatch': False, 'skuAltImages': [{'imgId': 'DP0204202307043065M.tif', 'colorSeq': 0}, {'imgId': 'DP0204202307043168M.tif', 'colorSeq': 1}, {'imgId': 'DP0204202307043478M.tif', 'colorSeq': 2}]}]",/p/cape-lounge-chair-adjustable-2-pc-lounge-chair/ppr5008328394?pTmplType=regular&searchTerm=patio+and+outdoor+furniture&geoZip=55057,"[{'message': 'Online Only', 'icon': 'mouse'}, {'message': 'Available for Shipping', 'icon': 'check'}]",False,791,True,847.5,847.5,RECLINER,False,False,2023-02-06T07:06:07,DP0204202307042961M.tif,DP0204202307043065M.tif,,,https://www.jcpenney.com/p/cape-lounge-chair-adjustable-2-pc-lounge-chair/ppr5008328394?pTmplType=regular&searchTerm=patio+and+outdoor+furniture&geoZip=55057,20251225,patio and outdoor furniture
Julia Hanging Egg Chair with Blue Cushion and Stand,ppr5008259471,,,1100.0,1100.0,1100.0,1100.0,ORIGINAL,False,False,available online only,False,False,original,False,True,"['Features: Easy Installation, Quick Ship', 'Manufacturer Warranty: 1 Year', 'Seating Capacity: 1', 'Tools Required: Allen Wrench (included)', 'Maximum Weight Limit: 330 Lbs']",0.0,0.0,ORIGINAL,False,False,79120470018,USD,more brands,"[{'colorName': 'Blue', 'swatchImageId': 'DP1031202507203819S.tif', 'colorizedImageId': 'DP1016202511154355M.tif', 'colorSeqNum': 1, 'skuId': '79120470018', 'defaultSwatch': False, 'skuAltImages': [{'imgId': 'DP1016202511154561M.tif', 'colorSeq': 0}, {'imgId': 'DP1016202511154252M.tif', 'colorSeq': 1}, {'imgId': 'DP1016202511154148M.tif', 'colorSeq': 6}]}]",/p/julia-hanging-egg-chair-with-blue-cushion-and-stand/ppr5008259471?pTmplType=regular&searchTerm=patio+and+outdoor+furniture&geoZip=55057,"[{'message': 'Online Only', 'icon': 'mouse'}, {'message': 'Available for Shipping', 'icon': 'check'}]",False,791,True,825.0,825.0,RECLINER,False,False,2023-01-04T22:03:33,DP1016202511154355M.tif,DP1016202511154561M.tif,,,https://www.jcpenney.com/p/julia-hanging-egg-chair-with-blue-cushion-and-stand/ppr5008259471?pTmplType=regular&searchTerm=patio+and+outdoor+furniture&geoZip=55057,20251225,patio and outdoor furniture
Contemporary 2-pc. Lounge Chair,ppr5008256331,,,520.0,520.0,520.0,520.0,ORIGINAL,False,False,available online only,False,False,original,False,True,"['# Pieces In Set: 2', 'Features: Quick Ship, Weather Resistant', 'Manufacturer Warranty: 1 Year', 'Seating Capacity: 2', 'Tools Required: Allen Wrench (included)']",0.0,0.0,ORIGINAL,False,False,79120010018,USD,more brands,"[{'colorName': 'Beige', 'swatchImageId': 'DP0601202308152649S.tif', 'colorizedImageId': 'DP0601202308152443M.tif', 'colorSeqNum': 1, 'skuId': '79120010018', 'defaultSwatch': False, 'skuAltImages': [{'imgId': 'DP0601202308152546M.tif', 'colorSeq': 0}, {'imgId': 'DP0616202207094986M.tif', 'colorSeq': 1}, {'imgId': 'DP0601202308152959M.tif', 'colorSeq': 2}]}]",/p/contemporary-2-pc-lounge-chair/ppr5008256331?pTmplType=regular&searchTerm=patio+and+outdoor+furniture&geoZip=55057,"[{'message': 'Online Only', 'icon': 'mouse'}, {'message': 'Available for Shipping', 'icon': 'check'}]",False,791,True,468.0,468.0,GIFTWRAP,False,False,2022-06-16T22:02:21,DP0601202308152443M.tif,DP0601202308152546M.tif,"[{'name': 'Few Left', 'priority': 1, 'urlParam': 'fewleft'}]",,https://www.jcpenney.com/p/contemporary-2-pc-lounge-chair/ppr5008256331?pTmplType=regular&searchTerm=patio+and+outdoor+furniture&geoZip=55057,20251225,patio and outdoor furniture
Safavieh Kamson Lounge Chair,ppr5008236701,,,690.0,690.0,690.0,690.0,ORIGINAL,False,False,available online only,False,False,original,False,True,"['Included: 1 Chair(s)', 'Features: Quick Ship, Wheeled, Water Resistant', 'Joinery: Glued', 'Seating Capacity: 1', 'Tools Required: Allen Wrench (included)']",0.0,0.0,ORIGINAL,False,False,79116250018,USD,safavieh,"[{'colorName': 'Natural Beige', 'swatchImageId': 'DP0413202209024502S.tif', 'colorizedImageId': 'DP0413202209024500M.tif', 'colorSeqNum': 1, 'skuId': '79116250018', 'defaultSwatch': False, 'skuAltImages': [{'imgId': 'DP0413202209024517M.tif', 'colorSeq': 0}, {'imgId': 'DP0413202209024508M.tif', 'colorSeq': 1}, {'imgId': 'DP0413202209024513M.tif', 'colorSeq': 2}]}]",/p/safavieh-kamson-lounge-chair/ppr5008236701?pTmplType=regular&searchTerm=patio+and+outdoor+furniture&geoZip=55057,"[{'message': 'Online Only', 'icon': 'mouse'}, {'message': 'Available for Shipping', 'icon': 'check'}]",False,791,True,621.0,621.0,GIFTWRAP,False,False,2022-04-13T22:03:28,DP0413202209024500M.tif,DP0413202209024517M.tif,,,https://www.jcpenney.com/p/safavieh-kamson-lounge-chair/ppr5008236701?pTmplType=regular&searchTerm=patio+and+outdoor+furniture&geoZip=55057,20251225,patio and outdoor furniture
Safavieh Montclair Lounge Chair,ppr5008236698,,,900.0,900.0,900.0,900.0,ORIGINAL,False,False,available online only,False,False,original,False,True,"['Included: 1 Chair(s)', 'Features: Quick Ship', 'Joinery: Glued', 'Seating Capacity: 1', 'Tools Required: Screws (included), Allen Wrench (included)']",0.0,0.0,ORIGINAL,False,False,79116220018,USD,safavieh,"[{'colorName': 'Natural Beige', 'swatchImageId': 'DP0413202209024392S.tif', 'colorizedImageId': 'DP0413202209024389M.tif', 'colorSeqNum': 1, 'skuId': '79116220018', 'defaultSwatch': False, 'skuAltImages': [{'imgId': 'DP0413202209024397M.tif', 'colorSeq': 0}, {'imgId': 'DP0413202209024403M.tif', 'colorSeq': 1}, {'imgId': 'DP0413202209024399M.tif', 'colorSeq': 2}]}]",/p/safavieh-montclair-lounge-chair/ppr5008236698?pTmplType=regular&searchTerm=patio+and+outdoor+furniture&geoZip=55057,"[{'message': 'Online Only', 'icon': 'mouse'}, {'message': 'Available for Shipping', 'icon': 'check'}]",False,791,True,675.0,675.0,RECLINER,False,False,2022-09-05T19:05:04,DP0413202209024389M.tif,DP0413202209024397M.tif,,,https://www.jcpenney.com/p/safavieh-montclair-lounge-chair/ppr5008236698?pTmplType=regular&searchTerm=patio+and+outdoor+furniture&geoZip=55057,20251225,patio and outdoor furniture
Safavieh Burke 2-pc. Armchair,ppr5008236691,,,790.0,790.0,790.0,790.0,ORIGINAL,False,False,available online only,False,False,original,False,True,"['# Pieces In Set: 2', 'Included: 2 Chair(s)', 'Features: Water Resistant, Quick Ship', 'Joinery: Welded Joint, Screwed', 'Seating Capacity: 2']",0.0,0.0,ORIGINAL,False,False,79116150018,USD,safavieh,"[{'colorName': 'Black', 'swatchImageId': 'DP0413202209024156S.tif', 'colorizedImageId': 'DP0413202209024152M.tif', 'colorSeqNum': 1, 'skuId': '79116150018', 'defaultSwatch': False, 'skuAltImages': [{'imgId': 'DP0413202209024172M.tif', 'colorSeq': 0}, {'imgId': 'DP0413202209024175M.tif', 'colorSeq': 1}, {'imgId': 'DP0413202209024161M.tif', 'colorSeq': 2}]}]",/p/safavieh-burke-2-pc-armchair/ppr5008236691?pTmplType=regular&searchTerm=patio+and+outdoor+furniture&geoZip=55057,"[{'message': 'Online Only', 'icon': 'mouse'}, {'message': 'Available for Shipping', 'icon': 'check'}]",False,791,True,592.5,592.5,RECLINER,False,False,2022-09-16T11:09:12,DP0413202209024152M.tif,DP0413202209024172M.tif,,,https://www.jcpenney.com/p/safavieh-burke-2-pc-armchair/ppr5008236691?pTmplType=regular&searchTerm=patio+and+outdoor+furniture&geoZip=55057,20251225,patio and outdoor furniture
Sunnydaze® Penelope 45-Inch Hanging Egg Chair,ppr5008102468,,,850.0,850.0,850.0,850.0,ORIGINAL,False,False,available online only,False,False,original,False,True,"['Included: 1 Seat Cushion(s), 1 Seat Back Cushion(s), 1 Chair(s)', 'Features: Quick Ship, Weather Resistant, Water Resistant', 'Joinery: Welded Joint', 'Manufacturer Warranty: 1 Year', 'Seating Capacity: 1']",0.0,0.0,ORIGINAL,False,False,79112070018,USD,more brands,"[{'colorName': 'Cyan', 'swatchImageId': 'DP0406202107022263S.tif', 'colorizedImageId': 'DP0406202107022257M.tif', 'colorSeqNum': 1, 'skuId': '79112070018', 'defaultSwatch': False, 'skuAltImages': [{'imgId': 'DP0406202107022315M.tif', 'colorSeq': 0}, {'imgId': 'DP0406202107022309M.tif', 'colorSeq': 1}, {'imgId': 'DP0406202107022302M.tif', 'colorSeq': 2}]}]",/p/sunnydaze-penelope-45-inch-hanging-egg-chair/ppr5008102468?pTmplType=regular&searchTerm=patio+and+outdoor+furniture&geoZip=55057,"[{'message': 'Online Only', 'icon': 'mouse'}, {'message': 'Available for Shipping', 'icon': 'check'}]",False,791,True,,,,False,False,2021-04-13T21:02:35,DP0406202107022257M.tif,DP0406202107022315M.tif,,,https://www.jcpenney.com/p/sunnydaze-penelope-45-inch-hanging-egg-chair/ppr5008102468?pTmplType=regular&searchTerm=patio+and+outdoor+furniture&geoZip=55057,20251225,patio and outdoor furniture
Sunnydaze® Delaney 50-Inch Hanging Egg Chair,ppr5008102467,,,800.0,800.0,800.0,800.0,ORIGINAL,False,False,available online only,False,False,original,False,True,"['Included: 1 Seat Back Cushion(s), 1 Chair(s), 1 Seat Cushion(s)', 'Features: Quick Ship, Weather Resistant, Water Resistant', 'Joinery: Welded Joint', 'Manufacturer Warranty: 1 Year', 'Seating Capacity: 1']",0.0,0.0,ORIGINAL,False,False,79112060018,USD,more brands,"[{'colorName': 'Grey', 'swatchImageId': 'DP0406202107022204S.tif', 'colorizedImageId': 'DP0406202107022198M.tif', 'colorSeqNum': 1, 'skuId': '79112060018', 'defaultSwatch': False, 'skuAltImages': [{'imgId': 'DP0406202107022243M.tif', 'colorSeq': 0}, {'imgId': 'DP0406202107022235M.tif', 'colorSeq': 1}, {'imgId': 'DP0406202107022229M.tif', 'colorSeq': 2}]}]",/p/sunnydaze-delaney-50-inch-hanging-egg-chair/ppr5008102467?pTmplType=regular&searchTerm=patio+and+outdoor+furniture&geoZip=55057,"[{'message': 'Online Only', 'icon': 'mouse'}, {'message': 'Available for Shipping', 'icon': 'check'}]",False,791,True,,,,False,False,2021-04-13T21:02:35,DP0406202107022198M.tif,DP0406202107022243M.tif,"[{'name': 'Few Left', 'priority': 1, 'urlParam': 'fewleft'}]",,https://www.jcpenney.com/p/sunnydaze-delaney-50-inch-hanging-egg-chair/ppr5008102467?pTmplType=regular&searchTerm=patio+and+outdoor+furniture&geoZip=55057,20251225,patio and outdoor furniture
Halden Indoor/Outdoor Arm Chair,ppr5008086456,,,810.0,810.0,810.0,810.0,ORIGINAL,False,False,available online only,False,False,original,False,True,"['# Pieces In Set: 2', 'Included: 2 Chair(s)', 'Features: Weather Resistant, Quick Ship', 'Joinery: Welded Joint', 'Seating Capacity: 1']",0.0,0.0,ORIGINAL,False,False,79108140018,USD,safavieh,"[{'colorName': 'White Black', 'swatchImageId': 'DP0215202107030637S.tif', 'colorizedImageId': 'DP0215202107030628M.tif', 'colorSeqNum': 1, 'skuId': '79108140018', 'defaultSwatch': False, 'skuAltImages': [{'imgId': 'DP0215202107030649M.tif', 'colorSeq': 0}, {'imgId': 'DP0215202107030645M.tif', 'colorSeq': 1}, {'imgId': 'DP0215202107030641M.tif', 'colorSeq': 2}]}]",/p/halden-indoor-outdoor-arm-chair/ppr5008086456?pTmplType=regular&searchTerm=patio+and+outdoor+furniture&geoZip=55057,"[{'message': 'Online Only', 'icon': 'mouse'}, {'message': 'Available for Shipping', 'icon': 'check'}]",False,791,True,607.5,607.5,RECLINER,False,False,2021-02-15T22:04:30,DP0215202107030628M.tif,DP0215202107030649M.tif,,,https://www.jcpenney.com/p/halden-indoor-outdoor-arm-chair/ppr5008086456?pTmplType=regular&searchTerm=patio+and+outdoor+furniture&geoZip=55057,20251225,patio and outdoor furniture
Safavieh Gerhardt Outdoor Collection 2-pc.,ppr5008086443,,,820.0,820.0,820.0,820.0,ORIGINAL,False,False,available online only,False,False,original,False,True,"['# Pieces In Set: 2', 'Included: 2 Chair(s)', 'Features: Quick Ship, Weather Resistant', 'Joinery: Screwed', 'Seating Capacity: 1']",0.0,0.0,ORIGINAL,False,False,79108130018,USD,safavieh,"[{'colorName': 'Grey', 'swatchImageId': 'DP0215202107030611S.tif', 'colorizedImageId': 'DP0215202107030602M.tif', 'colorSeqNum': 1, 'skuId': '79108130018', 'defaultSwatch': False, 'skuAltImages': [{'imgId': 'DP0215202107030619M.tif', 'colorSeq': 0}, {'imgId': 'DP0215202107030623M.tif', 'colorSeq': 1}, {'imgId': 'DP0215202107030615M.tif', 'colorSeq': 2}]}]",/p/safavieh-gerhardt-outdoor-collection-2-pc/ppr5008086443?pTmplType=regular&searchTerm=patio+and+outdoor+furniture&geoZip=55057,"[{'message': 'Online Only', 'icon': 'mouse'}, {'message': 'Available for Shipping', 'icon': 'check'}]",False,791,True,615.0,615.0,RECLINER,False,False,2021-02-15T22:04:30,DP0215202107030602M.tif,DP0215202107030619M.tif,,,https://www.jcpenney.com/p/safavieh-gerhardt-outdoor-collection-2-pc/ppr5008086443?pTmplType=regular&searchTerm=patio+and+outdoor+furniture&geoZip=55057,20251225,patio and outdoor furniture
Safavieh Koda Outdoor Collection 2-pc. Lounge Chair,ppr5008086441,,,810.0,810.0,810.0,810.0,ORIGINAL,False,False,available online only,False,False,original,False,True,"['# Pieces In Set: 2', 'Included: 2 Chair(s)', 'Features: Quick Ship, Weather Resistant, Stackable', 'Joinery: Screwed, Welded Joint', 'Seating Capacity: 1']",0.0,0.0,ORIGINAL,False,False,79108120018,USD,safavieh,"[{'colorName': 'Black Brown', 'swatchImageId': 'DP0215202107030584S.tif', 'colorizedImageId': 'DP0215202107030575M.tif', 'colorSeqNum': 1, 'skuId': '79108120018', 'defaultSwatch': False, 'skuAltImages': [{'imgId': 'DP0215202107030593M.tif', 'colorSeq': 0}, {'imgId': 'DP0215202107030598M.tif', 'colorSeq': 1}, {'imgId': 'DP0215202107030589M.tif', 'colorSeq': 2}]}]",/p/safavieh-koda-outdoor-collection-2-pc-lounge-chair/ppr5008086441?pTmplType=regular&searchTerm=patio+and+outdoor+furniture&geoZip=55057,"[{'message': 'Online Only', 'icon': 'mouse'}, {'message': 'Available for Shipping', 'icon': 'check'}]",False,791,True,607.5,607.5,RECLINER,False,False,2021-02-15T22:04:30,DP0215202107030575M.tif,DP0215202107030593M.tif,,,https://www.jcpenney.com/p/safavieh-koda-outdoor-collection-2-pc-lounge-chair/ppr5008086441?pTmplType=regular&searchTerm=patio+and+outdoor+furniture&geoZip=55057,20251225,patio and outdoor furniture
Safavieh Kiyan Outdoor Collection 2-pc. Lounge Chair,ppr5008086437,,,1350.0,1350.0,1350.0,1350.0,ORIGINAL,False,False,available online only,False,False,original,False,True,"['# Pieces In Set: 2', 'Included: 2 Chair(s)', 'Features: Removable Cushion Covers, Weather Resistant, Quick Ship', 'Joinery: Screwed, Welded Joint', 'Seating Capacity: 1']",0.0,0.0,ORIGINAL,False,False,79108100018,USD,safavieh,"[{'colorName': 'Grey', 'swatchImageId': 'DP0215202107030531S.tif', 'colorizedImageId': 'DP0215202107030522M.tif', 'colorSeqNum': 1, 'skuId': '79108100018', 'defaultSwatch': False, 'skuAltImages': [{'imgId': 'DP0215202107030540M.tif', 'colorSeq': 0}, {'imgId': 'DP0215202107030545M.tif', 'colorSeq': 1}, {'imgId': 'DP0215202107030536M.tif', 'colorSeq': 2}]}]",/p/safavieh-kiyan-outdoor-collection-2-pc-lounge-chair/ppr5008086437?pTmplType=regular&searchTerm=patio+and+outdoor+furniture&geoZip=55057,"[{'message': 'Online Only', 'icon': 'mouse'}, {'message': 'Available for Shipping', 'icon': 'check'}]",False,791,True,1012.5,1012.5,RECLINER,False,False,2021-02-15T22:04:30,DP0215202107030522M.tif,DP0215202107030540M.tif,,,https://www.jcpenney.com/p/safavieh-kiyan-outdoor-collection-2-pc-lounge-chair/ppr5008086437?pTmplType=regular&searchTerm=patio+and+outdoor+furniture&geoZip=55057,20251225,patio and outdoor furniture
Safavieh Paolo Outdoor Collection 2-pc. Lounge Chair,ppr5008086431,,,870.0,870.0,870.0,870.0,ORIGINAL,False,False,available online only,False,False,original,False,True,"['# Pieces In Set: 2', 'Included: 2 Chair(s)', 'Features: Removable Cushion Covers, Quick Ship, Weather Resistant', 'Joinery: Screwed', 'Seating Capacity: 1']",0.0,0.0,ORIGINAL,False,False,79108080018,USD,safavieh,"[{'colorName': 'Grey', 'swatchImageId': 'DP0215202107030477S.tif', 'colorizedImageId': 'DP0215202107030468M.tif', 'colorSeqNum': 1, 'skuId': '79108080018', 'defaultSwatch': False, 'skuAltImages': [{'imgId': 'DP0215202107030491M.tif', 'colorSeq': 0}, {'imgId': 'DP0215202107030486M.tif', 'colorSeq': 1}, {'imgId': 'DP0215202107030482M.tif', 'colorSeq': 2}]}]",/p/safavieh-paolo-outdoor-collection-2-pc-lounge-chair/ppr5008086431?pTmplType=regular&searchTerm=patio+and+outdoor+furniture&geoZip=55057,"[{'message': 'Online Only', 'icon': 'mouse'}, {'message': 'Available for Shipping', 'icon': 'check'}]",False,791,True,652.5,652.5,RECLINER,False,False,2021-05-27T07:07:53,DP0215202107030468M.tif,DP0215202107030491M.tif,,,https://www.jcpenney.com/p/safavieh-paolo-outdoor-collection-2-pc-lounge-chair/ppr5008086431?pTmplType=regular&searchTerm=patio+and+outdoor+furniture&geoZip=55057,20251225,patio and outdoor furniture
Corliving Gallant 4-pc.,ppr5007988677,,,2600.0,2600.0,2600.0,2600.0,ORIGINAL,False,False,available online only,False,False,original,False,True,"['# Pieces In Set: 4', 'Features: Stackable, Uv Protection', 'Measurements: 34 Height/Inches, 23 Depth/Inches, 22 Width/Inches', 'Dining Height: Standard Height', 'Maximum Weight Limit: 265 Lbs']",0.0,0.0,ORIGINAL,False,False,79107090026,USD,more brands,"[{'colorName': 'Charcoal Grey', 'swatchImageId': 'DP0613202209161000S.tif', 'colorizedImageId': 'DP0613202209160794M.tif', 'colorSeqNum': 1, 'skuId': '79107090026', 'defaultSwatch': False, 'skuAltImages': [{'imgId': 'DP0613202209160897M.tif', 'colorSeq': 0}, {'imgId': 'DP0613202209160690M.tif', 'colorSeq': 1}, {'imgId': 'DP0523202207055980M.tif', 'colorSeq': 2}]}]",/p/corliving-gallant-4-pc/ppr5007988677?pTmplType=regular&searchTerm=patio+and+outdoor+furniture&geoZip=55057,"[{'message': 'Online Only', 'icon': 'mouse'}, {'message': 'Available for Shipping', 'icon': 'check'}]",False,791,True,1950.0,1950.0,RECLINER,False,False,2020-09-08T15:03:33,DP0613202209160794M.tif,DP0613202209160897M.tif,,,https://www.jcpenney.com/p/corliving-gallant-4-pc/ppr5007988677?pTmplType=regular&searchTerm=patio+and+outdoor+furniture&geoZip=55057,20251225,patio and outdoor furniture
Sunnydaze Collection Patio Umbrella Base,ppr5008095857,5.0,5.0,280.0,280.0,280.0,280.0,ORIGINAL,False,False,available online only,False,False,original,False,True,"['Features: Quick Ship', 'Manufacturer Warranty: 1 Year', 'Shape: Square', 'Measurements: 20 Length/Inches, 3 Height/Inches, 20 Width/Inches', 'Weight (lb.): 20 Lb']",0.0,0.0,ORIGINAL,False,False,79111100018,USD,more brands,"[{'colorName': 'Black', 'swatchImageId': 'DP0318202107031547S.tif', 'colorizedImageId': 'DP0318202107031542M.tif', 'colorSeqNum': 1, 'skuId': '79111100018', 'defaultSwatch': False, 'skuAltImages': [{'imgId': 'DP0318202107031566M.tif', 'colorSeq': 0}, {'imgId': 'DP0318202107031561M.tif', 'colorSeq': 1}, {'imgId': 'DP0318202107031556M.tif', 'colorSeq': 2}]}]",/p/sunnydaze-collection-patio-umbrella-base/ppr5008095857?pTmplType=regular&searchTerm=patio+and+outdoor+furniture&geoZip=55057,"[{'message': 'Online Only', 'icon': 'mouse'}, {'message': 'Available for Shipping', 'icon': 'check'}]",False,791,True,,,,False,False,2021-03-18T22:02:45,DP0318202107031542M.tif,DP0318202107031566M.tif,,,https://www.jcpenney.com/p/sunnydaze-collection-patio-umbrella-base/ppr5008095857?pTmplType=regular&searchTerm=patio+and+outdoor+furniture&geoZip=55057,20251225,patio and outdoor furniture
Chair Hammock,ppr5008235268,5.0,1.0,400.0,400.0,400.0,400.0,ORIGINAL,False,False,available online only,False,False,original,False,True,"['Included: 1 Hammock Stand(s), 1 Hammock(s)', 'Features: Quick Ship, Adjustable Height', 'Manufacturer Warranty: 1 Year', 'Seating Capacity: 1', 'Measurements: 53 Depth/Inches, 93 Height/Inches, 45 Width/Inches']",0.0,0.0,ORIGINAL,False,False,79115880018,USD,more brands,"[{'colorName': 'Cream Black', 'swatchImageId': 'DP1016202507171959S.tif', 'colorizedImageId': 'DP1016202507171855M.tif', 'colorSeqNum': 1, 'skuId': '79115880018', 'defaultSwatch': False, 'skuAltImages': [{'imgId': 'DP1016202507172062M.tif', 'colorSeq': 0}, {'imgId': 'DP1016202507171752M.tif', 'colorSeq': 1}, {'imgId': 'DP1016202507171648M.tif', 'colorSeq': 8}]}]",/p/chair-hammock/ppr5008235268?pTmplType=regular&searchTerm=patio+and+outdoor+furniture&geoZip=55057,"[{'message': 'Online Only', 'icon': 'mouse'}, {'message': 'Available for Shipping', 'icon': 'check'}]",False,791,True,360.0,360.0,GIFTWRAP,False,False,2022-05-24T15:05:00,DP1016202507171855M.tif,DP1016202507172062M.tif,,,https://www.jcpenney.com/p/chair-hammock/ppr5008235268?pTmplType=regular&searchTerm=patio+and+outdoor+furniture&geoZip=55057,20251225,patio and outdoor furniture
Safavieh Brea Outdoor Collection Bench,ppr5008111340,,,760.0,760.0,760.0,760.0,ORIGINAL,False,False,available online only,False,False,original,False,True,"['Included: 1 Table(s), 2 Chair(s)', 'Features: Weather Resistant, Quick Ship', 'Joinery: Screwed, Nailed, Glued', 'Seating Capacity: 2', 'Tools Required: Screws (included), Allen Wrench (included)']",0.0,0.0,ORIGINAL,False,False,79113230034,USD,safavieh,"[{'colorName': 'Natural', 'swatchImageId': 'DP0421202115011649S.tif', 'colorizedImageId': 'DP0421202115011641M.tif', 'colorSeqNum': 1, 'skuId': '79113230018', 'defaultSwatch': False, 'skuAltImages': [{'imgId': 'DP0421202115011663M.tif', 'colorSeq': 0}, {'imgId': 'DP0421202115011670M.tif', 'colorSeq': 1}, {'imgId': 'DP0421202115011678M.tif', 'colorSeq': 2}]}, {'colorName': 'Grey', 'swatchImageId': 'DP0902202415080147S.tif', 'colorizedImageId': 'DP0902202415075129M.tif', 'colorSeqNum': 2, 'skuId': '79113230026', 'defaultSwatch': False, 'skuAltImages': [{'imgId': 'DP0902202415075435M.tif', 'colorSeq': 0}, {'imgId': 'DP0902202415074518M.tif', 'colorSeq': 1}, {'imgId': 'DP0902202415074824M.tif', 'colorSeq': 2}]}, {'colorName': 'White', 'swatchImageId': 'DP0902202415080249S.tif', 'colorizedImageId': 'DP0902202415075232M.tif', 'colorSeqNum': 3, 'skuId': '79113230034', 'defaultSwatch': False, 'skuAltImages': [{'imgId': 'DP0902202415075537M.tif', 'colorSeq': 0}, {'imgId': 'DP0902202415075741M.tif', 'colorSeq': 1}, {'imgId': 'DP0902202415074620M.tif', 'colorSeq': 2}]}, {'colorName': 'Black', 'swatchImageId': 'DP0902202415080046S.tif', 'colorizedImageId': 'DP0902202415075027M.tif', 'colorSeqNum': 4, 'skuId': '79113230042', 'defaultSwatch': False, 'skuAltImages': [{'imgId': 'DP0902202415075334M.tif', 'colorSeq': 0}, {'imgId': 'DP0902202415075639M.tif', 'colorSeq': 1}, {'imgId': 'DP0902202415074416M.tif', 'colorSeq': 2}]}]",/p/safavieh-brea-outdoor-collection-bench/ppr5008111340?pTmplType=regular&searchTerm=patio+and+outdoor+furniture&geoZip=55057,"[{'message': 'Online Only', 'icon': 'mouse'}, {'message': 'Available for Shipping', 'icon': 'check'}]",False,791,True,570.0,570.0,RECLINER,False,False,2021-09-29T09:07:34,DP0421202115011641M.tif,DP0421202115011663M.tif,,,https://www.jcpenney.com/p/safavieh-brea-outdoor-collection-bench/ppr5008111340?pTmplType=regular&searchTerm=patio+and+outdoor+furniture&geoZip=55057,20251225,patio and outdoor furniture
Safavieh Dryad Bench,ppr5008445649,,,760.0,760.0,760.0,760.0,ORIGINAL,False,False,available online only,False,False,original,False,True,"['Included: 1 Bench(es), 2 Seat Back Cushion(s), 2 Seat Cushion(s)', 'Features: Cushioned, Quick Ship', 'Joinery: Screwed', 'Seating Capacity: 2', 'Tools Required: Screws (included), Allen Wrench (included)']",0.0,0.0,ORIGINAL,False,False,79130610018,USD,safavieh,"[{'colorName': 'Natural Light Grey', 'swatchImageId': 'DP0423202407092948S.tif', 'colorizedImageId': 'DP0423202407092541M.tif', 'colorSeqNum': 1, 'skuId': '79130610018', 'defaultSwatch': False, 'skuAltImages': [{'imgId': 'DP0423202407092643M.tif', 'colorSeq': 0}, {'imgId': 'DP0423202407092744M.tif', 'colorSeq': 1}, {'imgId': 'DP0423202407093049M.tif', 'colorSeq': 2}]}]",/p/safavieh-dryad-bench/ppr5008445649?pTmplType=regular&searchTerm=patio+and+outdoor+furniture&geoZip=55057,"[{'message': 'Online Only', 'icon': 'mouse'}, {'message': 'Available for Shipping', 'icon': 'check'}]",False,791,True,570.0,570.0,RECLINER,False,False,2024-04-23T22:02:49,DP0423202407092541M.tif,DP0423202407092643M.tif,,,https://www.jcpenney.com/p/safavieh-dryad-bench/ppr5008445649?pTmplType=regular&searchTerm=patio+and+outdoor+furniture&geoZip=55057,20251225,patio and outdoor furniture
Signature Design by Ashley® Naples Beach Removable Cushions Bench,ppr5008359902,3.0,1.0,760.0,760.0,760.0,760.0,ORIGINAL,False,False,available online only,False,False,original,False,True,"['Included: 1 Seat Cushion(s), 1 Bench(es)', 'Features: Weather Resistant, Non-Toxic, Removable Cushions, Stain Resistant, Outdoor, Cushioned, Quick Ship, Uv Protection, Fade Resistant, Rust Resistant', 'Seating Capacity: 2', 'Tools Required: Screws (included), Allen Wrench (included)', 'Measurements: 18.3 Depth/Inches, 16.14 Height/Inches, 50 Width/Inches']",0.0,0.0,ORIGINAL,False,False,79124100018,USD,signature design by ashley,"[{'colorName': 'Medium Blue', 'swatchImageId': 'DP0524202307272802S.tif', 'colorizedImageId': 'DP0524202307272389M.tif', 'colorSeqNum': 1, 'skuId': '79124100018', 'defaultSwatch': False, 'skuAltImages': [{'imgId': 'DP0524202307272492M.tif', 'colorSeq': 0}, {'imgId': 'DP0524202307272596M.tif', 'colorSeq': 1}, {'imgId': 'DP0524202307272699M.tif', 'colorSeq': 2}]}]",/p/signature-design-by-ashley-naples-beach-removable-cushions-bench/ppr5008359902?pTmplType=regular&searchTerm=patio+and+outdoor+furniture&geoZip=55057,"[{'message': 'Online Only', 'icon': 'mouse'}, {'message': 'Available for Shipping', 'icon': 'check'}]",False,791,True,570.0,570.0,RECLINER,False,False,2023-05-24T22:03:40,DP0524202307272389M.tif,DP0524202307272492M.tif,,,https://www.jcpenney.com/p/signature-design-by-ashley-naples-beach-removable-cushions-bench/ppr5008359902?pTmplType=regular&searchTerm=patio+and+outdoor+furniture&geoZip=55057,20251225,patio and outdoor furniture
Corliving Miramar Removable Cushions Bench,ppr5008133938,5.0,1.0,780.0,780.0,780.0,780.0,ORIGINAL,False,False,available online only,False,False,original,False,True,"['Included: 1 Seat Cushion(s), 1 Bench(es)', 'Features: Removable Cushions, Uv Protection, Water Resistant, Weather Resistant, Quick Ship', 'Joinery: Screwed', 'Manufacturer Warranty: 6 Month', 'Seating Capacity: 2']",0.0,0.0,ORIGINAL,False,False,79114120018,USD,more brands,"[{'colorName': 'White', 'swatchImageId': 'DP0614202107020020S.tif', 'colorizedImageId': 'DP0614202107020017M.tif', 'colorSeqNum': 1, 'skuId': '79114120018', 'defaultSwatch': False, 'skuAltImages': [{'imgId': 'DP0614202107020036M.tif', 'colorSeq': 0}, {'imgId': 'DP0614202107020040M.tif', 'colorSeq': 1}, {'imgId': 'DP0614202107020028M.tif', 'colorSeq': 2}]}]",/p/corliving-miramar-removable-cushions-bench/ppr5008133938?pTmplType=regular&searchTerm=patio+and+outdoor+furniture&geoZip=55057,"[{'message': 'Online Only', 'icon': 'mouse'}, {'message': 'Available for Shipping', 'icon': 'check'}]",False,791,True,585.0,585.0,RECLINER,False,False,2021-06-14T22:04:06,DP0614202107020017M.tif,DP0614202107020036M.tif,"[{'name': 'Few Left', 'priority': 1, 'urlParam': 'fewleft'}]",,https://www.jcpenney.com/p/corliving-miramar-removable-cushions-bench/ppr5008133938?pTmplType=regular&searchTerm=patio+and+outdoor+furniture&geoZip=55057,20251225,patio and outdoor furniture
Sunnydaze Patio Furniture Hammock,ppr5008102519,4.625,64.0,200.0,200.0,200.0,200.0,ORIGINAL,False,False,available online only,False,False,original,False,True,"['Included: 1 Hammock(s), 1 Spreader Bar(s), 1 Pillow(s)', 'Features: Uv Protection, Quick Ship', 'Manufacturer Warranty: 1 Year', 'Seating Capacity: 2', 'Measurements: 36 Width/Inches, 144 Depth/Inches, 44 Height/Inches']",0.0,0.0,ORIGINAL,False,False,79112520018,USD,more brands,"[{'colorName': 'Red', 'swatchImageId': 'DP0215202207031212S.tif', 'colorizedImageId': 'DP1022202517044167M.tif', 'colorSeqNum': 1, 'skuId': '79112520026', 'defaultSwatch': False, 'skuAltImages': [{'imgId': 'DP1022202517045314M.tif', 'colorSeq': 0}, {'imgId': 'DP1022202517044584M.tif', 'colorSeq': 1}, {'imgId': 'DP1022202517045105M.tif', 'colorSeq': 2}]}, {'colorName': 'Light Blue', 'swatchImageId': 'DP0215202207031206S.tif', 'colorizedImageId': 'DP1022202517044062M.tif', 'colorSeqNum': 2, 'skuId': '79112520018', 'defaultSwatch': False, 'skuAltImages': [{'imgId': 'DP1022202517045209M.tif', 'colorSeq': 0}, {'imgId': 'DP1022202517044480M.tif', 'colorSeq': 1}, {'imgId': 'DP1022202517045418M.tif', 'colorSeq': 2}]}]",/p/sunnydaze-patio-furniture-hammock/ppr5008102519?pTmplType=regular&searchTerm=patio+and+outdoor+furniture&geoZip=55057,"[{'message': 'Online Only', 'icon': 'mouse'}, {'message': 'Available for Shipping', 'icon': 'check'}]",False,791,True,,,,False,False,2021-04-13T21:02:35,DP1022202517044167M.tif,DP1022202517045314M.tif,,,https://www.jcpenney.com/p/sunnydaze-patio-furniture-hammock/ppr5008102519?pTmplType=regular&searchTerm=patio+and+outdoor+furniture&geoZip=55057,20251225,patio and outdoor furniture
Hayward Patio Umbrella Base,ppr5008431420,,,400.0,400.0,400.0,400.0,ORIGINAL,False,False,available online only,False,False,original,False,True,"['Features: Quick Ship', 'Shape: Round', 'Measurements: 21.65 Width/Inches, 21.65 Depth/Inches, 17 Height/Inches', 'Diameter: 11 Ft', 'Weight (lb.): 90 Lb']",0.0,0.0,ORIGINAL,False,False,79129960018,USD,more brands,"[{'colorName': 'Black', 'swatchImageId': 'DP0212202407455807S.tif', 'colorizedImageId': 'DP0226202407033736M.tif', 'colorSeqNum': 1, 'skuId': '79129960018', 'defaultSwatch': False, 'skuAltImages': [{'imgId': 'DP0226202407033839M.tif', 'colorSeq': 0}, {'imgId': 'DP0226202407033529M.tif', 'colorSeq': 2}, {'imgId': 'DP0212202407455704M.tif', 'colorSeq': 4}]}]",/p/hayward-patio-umbrella-base/ppr5008431420?pTmplType=regular&searchTerm=patio+and+outdoor+furniture&geoZip=55057,"[{'message': 'Online Only', 'icon': 'mouse'}, {'message': 'Available for Shipping', 'icon': 'check'}]",False,791,True,360.0,360.0,GIFTWRAP,False,False,2024-02-12T22:05:49,DP0226202407033736M.tif,DP0226202407033839M.tif,,,https://www.jcpenney.com/p/hayward-patio-umbrella-base/ppr5008431420?pTmplType=regular&searchTerm=patio+and+outdoor+furniture&geoZip=55057,20251225,patio and outdoor furniture
Safavieh Zimmerman Patio Collection Patio Umbrella,ppr5008094060,,,440.0,440.0,440.0,440.0,ORIGINAL,False,False,available online only,False,False,original,False,True,"['Features: Uv Protection, Weather Resistant, Collapsible', 'Shape: Rectangle', 'Measurements: 78.74 Depth/Inches, 118.11 Width/Inches, 106.31 Height/Inches', 'Weight (lb.): 21 Lb', 'Assembly: Assembly Required']",0.0,0.0,ORIGINAL,False,False,79109400034,USD,safavieh,"[{'colorName': 'Beige White', 'swatchImageId': 'DP0310202109015868S.tif', 'colorizedImageId': 'DP0310202109015856M.tif', 'colorSeqNum': 1, 'skuId': '79109400026', 'defaultSwatch': False, 'skuAltImages': [{'imgId': 'DP0310202109015914M.tif', 'colorSeq': 0}, {'imgId': 'DP0310202109015890M.tif', 'colorSeq': 1}, {'imgId': 'DP0310202109015902M.tif', 'colorSeq': 2}]}, {'colorName': 'Navy White', 'swatchImageId': 'DP0310202109015871S.tif', 'colorizedImageId': 'DP0310202109015860M.tif', 'colorSeqNum': 2, 'skuId': '79109400018', 'defaultSwatch': False, 'skuAltImages': [{'imgId': 'DP0310202109015918M.tif', 'colorSeq': 0}, {'imgId': 'DP0310202109015894M.tif', 'colorSeq': 1}, {'imgId': 'DP0310202109015906M.tif', 'colorSeq': 2}]}, {'colorName': 'White', 'swatchImageId': 'DP0310202109015875S.tif', 'colorizedImageId': 'DP0310202109015864M.tif', 'colorSeqNum': 3, 'skuId': '79109400034', 'defaultSwatch': False, 'skuAltImages': [{'imgId': 'DP0310202109015922M.tif', 'colorSeq': 0}, {'imgId': 'DP0310202109015898M.tif', 'colorSeq': 1}, {'imgId': 'DP0310202109015910M.tif', 'colorSeq': 2}]}, {'colorName': 'Dark Green White', 'swatchImageId': 'DP0903202407265875S.tif', 'colorizedImageId': 'DP0903202407264653M.tif', 'colorSeqNum': 4, 'skuId': '79109400042', 'defaultSwatch': False, 'skuAltImages': [{'imgId': 'DP0903202407265264M.tif', 'colorSeq': 0}, {'imgId': 'DP0903202407264042M.tif', 'colorSeq': 1}, {'imgId': 'DP0903202407263430M.tif', 'colorSeq': 2}]}, {'colorName': 'Baby Blue White', 'swatchImageId': 'DP0903202407265774S.tif', 'colorizedImageId': 'DP0903202407264551M.tif', 'colorSeqNum': 5, 'skuId': '79109400059', 'defaultSwatch': False, 'skuAltImages': [{'imgId': 'DP0903202407265162M.tif', 'colorSeq': 0}, {'imgId': 'DP0903202407263940M.tif', 'colorSeq': 1}, {'imgId': 'DP0903202407263329M.tif', 'colorSeq': 2}]}, {'colorName': 'Grey White', 'swatchImageId': 'DP0903202407265977S.tif', 'colorizedImageId': 'DP0903202407264755M.tif', 'colorSeqNum': 6, 'skuId': '79109400067', 'defaultSwatch': False, 'skuAltImages': [{'imgId': 'DP0903202407265365M.tif', 'colorSeq': 0}, {'imgId': 'DP0903202407264144M.tif', 'colorSeq': 1}, {'imgId': 'DP0903202407263532M.tif', 'colorSeq': 2}]}, {'colorName': 'Yellow White', 'swatchImageId': 'DP0903202407270283S.tif', 'colorizedImageId': 'DP0903202407265060M.tif', 'colorSeqNum': 7, 'skuId': '79109400075', 'defaultSwatch': False, 'skuAltImages': [{'imgId': 'DP0903202407265672M.tif', 'colorSeq': 0}, {'imgId': 'DP0903202407264449M.tif', 'colorSeq': 1}, {'imgId': 'DP0903202407263838M.tif', 'colorSeq': 2}]}, {'colorName': 'Orange White Trim', 'swatchImageId': 'DP0903202407270079S.tif', 'colorizedImageId': 'DP0903202407264857M.tif', 'colorSeqNum': 8, 'skuId': '79109400083', 'defaultSwatch': False, 'skuAltImages': [{'imgId': 'DP0903202407265468M.tif', 'colorSeq': 0}, {'imgId': 'DP0903202407264246M.tif', 'colorSeq': 1}, {'imgId': 'DP0903202407263635M.tif', 'colorSeq': 2}]}, {'colorName': 'Red White Trim', 'swatchImageId': 'DP0903202407270181S.tif', 'colorizedImageId': 'DP0903202407264959M.tif', 'colorSeqNum': 9, 'skuId': '79109400091', 'defaultSwatch': False, 'skuAltImages': [{'imgId': 'DP0903202407265570M.tif', 'colorSeq': 0}, {'imgId': 'DP0903202407264348M.tif', 'colorSeq': 1}, {'imgId': 'DP0903202407263737M.tif', 'colorSeq': 2}]}]",/p/safavieh-zimmerman-patio-collection-patio-umbrella/ppr5008094060?pTmplType=regular&searchTerm=patio+and+outdoor+furniture&geoZip=55057,"[{'message': 'Online Only', 'icon': 'mouse'}, {'message': 'Available for Shipping', 'icon': 'check'}]",False,791,True,396.0,396.0,GIFTWRAP,False,False,2021-03-10T22:04:19,DP0310202109015856M.tif,DP0310202109015914M.tif,,,https://www.jcpenney.com/p/safavieh-zimmerman-patio-collection-patio-umbrella/ppr5008094060?pTmplType=regular&searchTerm=patio+and+outdoor+furniture&geoZip=55057,20251225,patio and outdoor furniture
Safavieh Aklin Patio Umbrella,ppr5008446003,,,390.0,390.0,390.0,390.0,ORIGINAL,False,False,available online only,False,False,original,False,True,"['Features: Quick Ship, Weather Resistant, Uv Protection', 'Shape: Rectangle', 'Measurements: 118.11 Width/Inches, 78.7 Depth/Inches, 106.3 Height/Inches', 'Diameter: 10 Ft', 'Weight (lb.): 20.5 Lb']",0.0,0.0,ORIGINAL,False,False,79131150026,USD,safavieh,"[{'colorName': 'White', 'swatchImageId': 'DP0423202411144070S.tif', 'colorizedImageId': 'DP0423202411143662M.tif', 'colorSeqNum': 1, 'skuId': '79131150042', 'defaultSwatch': False, 'skuAltImages': [{'imgId': 'DP0423202411144477M.tif', 'colorSeq': 0}, {'imgId': 'DP0423202411143254M.tif', 'colorSeq': 1}]}, {'colorName': 'Grey', 'swatchImageId': 'DP0423202411143764S.tif', 'colorizedImageId': 'DP0423202411143357M.tif', 'colorSeqNum': 2, 'skuId': '79131150018', 'defaultSwatch': False, 'skuAltImages': [{'imgId': 'DP0423202411144171M.tif', 'colorSeq': 0}, {'imgId': 'DP0423202411142948M.tif', 'colorSeq': 1}]}, {'colorName': 'Navy', 'swatchImageId': 'DP0423202411143867S.tif', 'colorizedImageId': 'DP0423202411143459M.tif', 'colorSeqNum': 3, 'skuId': '79131150026', 'defaultSwatch': False, 'skuAltImages': [{'imgId': 'DP0423202411144274M.tif', 'colorSeq': 0}, {'imgId': 'DP0423202411143050M.tif', 'colorSeq': 1}]}, {'colorName': 'Red', 'swatchImageId': 'DP0423202411143968S.tif', 'colorizedImageId': 'DP0423202411143560M.tif', 'colorSeqNum': 4, 'skuId': '79131150034', 'defaultSwatch': False, 'skuAltImages': [{'imgId': 'DP0423202411144375M.tif', 'colorSeq': 0}, {'imgId': 'DP0423202411143152M.tif', 'colorSeq': 1}]}]",/p/safavieh-aklin-patio-umbrella/ppr5008446003?pTmplType=regular&searchTerm=patio+and+outdoor+furniture&geoZip=55057,"[{'message': 'Online Only', 'icon': 'mouse'}, {'message': 'Available for Shipping', 'icon': 'check'}]",False,791,True,351.0,351.0,GIFTWRAP,False,False,2024-04-23T22:04:32,DP0423202411143662M.tif,DP0423202411144477M.tif,,,https://www.jcpenney.com/p/safavieh-aklin-patio-umbrella/ppr5008446003?pTmplType=regular&searchTerm=patio+and+outdoor+furniture&geoZip=55057,20251225,patio and outdoor furniture
Safavieh Iris Patio Collection Patio Umbrella,ppr5008094062,,,460.0,460.0,460.0,460.0,ORIGINAL,False,False,available online only,False,False,original,False,True,"['Features: Collapsible, Weather Resistant, Uv Protection', 'Shape: Rectangle', 'Measurements: 106.31 Height/Inches, 78.74 Depth/Inches, 118.11 Width/Inches', 'Weight (lb.): 21 Lb', 'Assembly: Assembly Required']",0.0,0.0,ORIGINAL,False,False,79109420034,USD,safavieh,"[{'colorName': 'Black White', 'swatchImageId': 'DP0310202109015982S.tif', 'colorizedImageId': 'DP0310202109015971M.tif', 'colorSeqNum': 1, 'skuId': '79109420018', 'defaultSwatch': False, 'skuAltImages': [{'imgId': 'DP0310202109020027M.tif', 'colorSeq': 0}, {'imgId': 'DP0310202109020004M.tif', 'colorSeq': 1}, {'imgId': 'DP0310202109020016M.tif', 'colorSeq': 2}]}, {'colorName': 'Navy White', 'swatchImageId': 'DP0310202109015989S.tif', 'colorizedImageId': 'DP0310202109015978M.tif', 'colorSeqNum': 2, 'skuId': '79109420026', 'defaultSwatch': False, 'skuAltImages': [{'imgId': 'DP0310202109020035M.tif', 'colorSeq': 0}, {'imgId': 'DP0310202109020012M.tif', 'colorSeq': 1}, {'imgId': 'DP0310202109020023M.tif', 'colorSeq': 2}]}, {'colorName': 'Grey White', 'swatchImageId': 'DP0310202109015986S.tif', 'colorizedImageId': 'DP0310202109015975M.tif', 'colorSeqNum': 3, 'skuId': '79109420034', 'defaultSwatch': False, 'skuAltImages': [{'imgId': 'DP0310202109020031M.tif', 'colorSeq': 0}, {'imgId': 'DP0310202109020008M.tif', 'colorSeq': 1}, {'imgId': 'DP0310202109020019M.tif', 'colorSeq': 2}]}, {'colorName': 'Orange Stripe', 'swatchImageId': 'DP0903202407270793S.tif', 'colorizedImageId': 'DP0903202407270589M.tif', 'colorSeqNum': 4, 'skuId': '79109420042', 'defaultSwatch': False, 'skuAltImages': [{'imgId': 'DP0903202407270691M.tif', 'colorSeq': 0}, {'imgId': 'DP0903202407270895M.tif', 'colorSeq': 1}, {'imgId': 'DP0903202407270487M.tif', 'colorSeq': 2}]}]",/p/safavieh-iris-patio-collection-patio-umbrella/ppr5008094062?pTmplType=regular&searchTerm=patio+and+outdoor+furniture&geoZip=55057,"[{'message': 'Online Only', 'icon': 'mouse'}, {'message': 'Available for Shipping', 'icon': 'check'}]",False,791,True,414.0,414.0,GIFTWRAP,False,False,2021-03-10T22:04:19,DP0310202109015971M.tif,DP0310202109020027M.tif,,,https://www.jcpenney.com/p/safavieh-iris-patio-collection-patio-umbrella/ppr5008094062?pTmplType=regular&searchTerm=patio+and+outdoor+furniture&geoZip=55057,20251225,patio and outdoor furniture
Safavieh Vienna Patio Collection Patio Umbrella,ppr5008094067,,,480.0,480.0,480.0,480.0,ORIGINAL,False,False,available online only,False,False,original,False,True,"['Features: Uv Protection, Collapsible, Weather Resistant', 'Shape: Rectangle', 'Measurements: 118.11 Width/Inches, 78.74 Depth/Inches, 106.31 Height/Inches', 'Weight (lb.): 21 Lb', 'Assembly: Assembly Required']",0.0,0.0,ORIGINAL,False,False,79109470018,USD,safavieh,"[{'colorName': 'Navy White', 'swatchImageId': 'DP0310202109020247S.tif', 'colorizedImageId': 'DP0310202109020235M.tif', 'colorSeqNum': 1, 'skuId': '79109470026', 'defaultSwatch': False, 'skuAltImages': [{'imgId': 'DP0310202109020270M.tif', 'colorSeq': 0}, {'imgId': 'DP0310202109020294M.tif', 'colorSeq': 1}, {'imgId': 'DP0310202109020282M.tif', 'colorSeq': 2}]}, {'colorName': 'Grey White', 'swatchImageId': 'DP0310202109020243S.tif', 'colorizedImageId': 'DP0310202109020231M.tif', 'colorSeqNum': 2, 'skuId': '79109470018', 'defaultSwatch': False, 'skuAltImages': [{'imgId': 'DP0310202109020267M.tif', 'colorSeq': 0}, {'imgId': 'DP0310202109020290M.tif', 'colorSeq': 1}, {'imgId': 'DP0310202109020278M.tif', 'colorSeq': 2}]}, {'colorName': 'Black White', 'swatchImageId': 'DP0310202109020239S.tif', 'colorizedImageId': 'DP0310202109020227M.tif', 'colorSeqNum': 3, 'skuId': '79109470034', 'defaultSwatch': False, 'skuAltImages': [{'imgId': 'DP0310202109020263M.tif', 'colorSeq': 0}, {'imgId': 'DP0310202109020286M.tif', 'colorSeq': 1}, {'imgId': 'DP0310202109020274M.tif', 'colorSeq': 2}]}]",/p/safavieh-vienna-patio-collection-patio-umbrella/ppr5008094067?pTmplType=regular&searchTerm=patio+and+outdoor+furniture&geoZip=55057,"[{'message': 'Online Only', 'icon': 'mouse'}, {'message': 'Available for Shipping', 'icon': 'check'}]",False,791,True,432.0,432.0,GIFTWRAP,False,False,2021-03-10T22:04:21,DP0310202109020235M.tif,DP0310202109020270M.tif,,,https://www.jcpenney.com/p/safavieh-vienna-patio-collection-patio-umbrella/ppr5008094067?pTmplType=regular&searchTerm=patio+and+outdoor+furniture&geoZip=55057,20251225,patio and outdoor furniture
Hilo Outdoor Patio Umbrella,ppr5008212540,,,230.0,230.0,230.0,230.0,ORIGINAL,False,False,available online only,False,False,original,False,True,"['Features: Uv Protection, Collapsible, Weather Resistant, Quick Ship', 'Shape: Octagon', 'Measurements: 73.62 Depth/Inches, 87.79 Height/Inches, 73.62 Length/Inches', 'Diameter: 6 1/2 Ft', 'Weight (lb.): 6 Lb']",0.0,0.0,ORIGINAL,False,False,79114510018,USD,safavieh,"[{'colorName': 'Tiki', 'swatchImageId': 'DP0127202211022287S.tif', 'colorizedImageId': 'DP0127202211022278M.tif', 'colorSeqNum': 1, 'skuId': '79114510018', 'defaultSwatch': False, 'skuAltImages': [{'imgId': 'DP0127202211022292M.tif', 'colorSeq': 0}, {'imgId': 'DP0127202211022273M.tif', 'colorSeq': 1}, {'imgId': 'DP0127202211022282M.tif', 'colorSeq': 2}]}]",/p/hilo-outdoor-patio-umbrella/ppr5008212540?pTmplType=regular&searchTerm=patio+and+outdoor+furniture&geoZip=55057,"[{'message': 'Online Only', 'icon': 'mouse'}, {'message': 'Available for Shipping', 'icon': 'check'}]",False,791,True,207.0,207.0,GIFTWRAP,False,False,2022-01-27T22:04:21,DP0127202211022278M.tif,DP0127202211022292M.tif,,,https://www.jcpenney.com/p/hilo-outdoor-patio-umbrella/ppr5008212540?pTmplType=regular&searchTerm=patio+and+outdoor+furniture&geoZip=55057,20251225,patio and outdoor furniture
Altaview Bohemian 2-pc. Counter Height Bar Stool,ppr5008234210,,,820.0,820.0,820.0,820.0,ORIGINAL,False,False,available online only,False,False,original,False,True,"['# Pieces In Set: 2', 'Included: 2 Stool(s)', 'Features: Waterproof, Armless, 4 Legs, Weather Resistant, Quick Ship, Backless, Outdoor', 'Joinery: Cam And Bolt Lock', 'Manufacturer Warranty: 1 Year']",0.0,0.0,ORIGINAL,False,False,79115530059,USD,more brands,"[{'colorName': 'Navy', 'swatchImageId': 'DP0418202209021059S.tif', 'colorizedImageId': 'DP0418202209021073M.tif', 'colorSeqNum': 1, 'skuId': '79115530059', 'defaultSwatch': False, 'skuAltImages': [{'imgId': 'DP0418202209021069M.tif', 'colorSeq': 0}, {'imgId': 'DP0418202209021084M.tif', 'colorSeq': 1}, {'imgId': 'DP0418202209021094M.tif', 'colorSeq': 2}]}, {'colorName': 'Blue', 'swatchImageId': 'DP0418202209021053S.tif', 'colorizedImageId': 'DP0418202209021062M.tif', 'colorSeqNum': 2, 'skuId': '79115530018', 'defaultSwatch': False, 'skuAltImages': [{'imgId': 'DP0418202209021045M.tif', 'colorSeq': 1}, {'imgId': 'DP0418202209021077M.tif', 'colorSeq': 2}, {'imgId': 'DP0418202209021087M.tif', 'colorSeq': 3}]}, {'colorName': 'Dark Brown', 'swatchImageId': 'DP0418202209021055S.tif', 'colorizedImageId': 'DP0418202209021080M.tif', 'colorSeqNum': 3, 'skuId': '79115530026', 'defaultSwatch': False, 'skuAltImages': [{'imgId': 'DP0418202209021064M.tif', 'colorSeq': 0}, {'imgId': 'DP0418202209021047M.tif', 'colorSeq': 1}, {'imgId': 'DP0418202209021105M.tif', 'colorSeq': 3}]}, {'colorName': 'Gray', 'swatchImageId': 'DP0418202209021056S.tif', 'colorizedImageId': 'DP0418202209021070M.tif', 'colorSeqNum': 4, 'skuId': '79115530034', 'defaultSwatch': False, 'skuAltImages': [{'imgId': 'DP0418202209021066M.tif', 'colorSeq': 0}, {'imgId': 'DP0418202209021048M.tif', 'colorSeq': 1}, {'imgId': 'DP0418202209021081M.tif', 'colorSeq': 2}]}, {'colorName': 'Natural Tone', 'swatchImageId': 'DP0419202207030014S.tif', 'colorizedImageId': 'DP0419202207030018M.tif', 'colorSeqNum': 5, 'skuId': '79115530042', 'defaultSwatch': False, 'skuAltImages': [{'imgId': 'DP0419202207030017M.tif', 'colorSeq': 0}, {'imgId': 'DP0419202207030012M.tif', 'colorSeq': 1}, {'imgId': 'DP0419202207030020M.tif', 'colorSeq': 2}]}]",/p/altaview-bohemian-2-pc-counter-height-bar-stool/ppr5008234210?pTmplType=regular&searchTerm=patio+and+outdoor+furniture&geoZip=55057,"[{'message': 'Online Only', 'icon': 'mouse'}, {'message': 'Available for Shipping', 'icon': 'check'}]",False,791,True,615.0,615.0,RECLINER,False,False,2022-04-18T22:04:52,DP0418202209021073M.tif,DP0418202209021069M.tif,,,https://www.jcpenney.com/p/altaview-bohemian-2-pc-counter-height-bar-stool/ppr5008234210?pTmplType=regular&searchTerm=patio+and+outdoor+furniture&geoZip=55057,20251225,patio and outdoor furniture
Landry Patio Collection Bar Stool,ppr5008088368,,,540.0,540.0,540.0,540.0,ORIGINAL,False,False,available online only,False,False,original,False,True,"['Included: 1 Stool(s)', 'Features: Weather Resistant, Quick Ship', 'Joinery: Welded Joint, Screwed', 'Seating Capacity: 1', 'Measurements: 38 Height/Inches, 18 Depth/Inches, 18 Width/Inches']",0.0,0.0,ORIGINAL,False,False,79101470042,USD,safavieh,"[{'colorName': 'White', 'swatchImageId': 'DP0224202107045148S.tif', 'colorizedImageId': 'DP0224202107045140M.tif', 'colorSeqNum': 1, 'skuId': '79101470026', 'defaultSwatch': False, 'skuAltImages': [{'imgId': 'DP0224202107045187M.tif', 'colorSeq': 0}, {'imgId': 'DP0224202107045179M.tif', 'colorSeq': 1}, {'imgId': 'DP0224202107045162M.tif', 'colorSeq': 2}]}, {'colorName': 'Grey', 'swatchImageId': 'DP0224202107045144S.tif', 'colorizedImageId': 'DP0224202107045137M.tif', 'colorSeqNum': 2, 'skuId': '79101470034', 'defaultSwatch': False, 'skuAltImages': [{'imgId': 'DP0224202107045183M.tif', 'colorSeq': 0}, {'imgId': 'DP0224202107045165M.tif', 'colorSeq': 1}, {'imgId': 'DP0224202107045158M.tif', 'colorSeq': 2}]}, {'colorName': 'Black', 'swatchImageId': 'DP0903202411005480S.tif', 'colorizedImageId': 'DP0903202413010052M.tif', 'colorSeqNum': 3, 'skuId': '79101470042', 'defaultSwatch': False, 'skuAltImages': [{'imgId': 'DP0903202413010257M.tif', 'colorSeq': 0}, {'imgId': 'DP0903202411005276M.tif', 'colorSeq': 1}, {'imgId': 'DP0903202411005683M.tif', 'colorSeq': 2}]}, {'colorName': 'Brown', 'swatchImageId': 'DP0903202411005581S.tif', 'colorizedImageId': 'DP0903202413010155M.tif', 'colorSeqNum': 4, 'skuId': '79101470059', 'defaultSwatch': False, 'skuAltImages': [{'imgId': 'DP0903202413010358M.tif', 'colorSeq': 0}, {'imgId': 'DP0903202411005378M.tif', 'colorSeq': 1}, {'imgId': 'DP0903202411005784M.tif', 'colorSeq': 2}]}]",/p/landry-patio-collection-bar-stool/ppr5008088368?pTmplType=regular&searchTerm=patio+and+outdoor+furniture&geoZip=55057,"[{'message': 'Online Only', 'icon': 'mouse'}, {'message': 'Available for Shipping', 'icon': 'check'}]",False,791,True,486.0,486.0,GIFTWRAP,False,False,2021-02-24T22:04:50,DP0224202107045140M.tif,DP0224202107045187M.tif,,,https://www.jcpenney.com/p/landry-patio-collection-bar-stool/ppr5008088368?pTmplType=regular&searchTerm=patio+and+outdoor+furniture&geoZip=55057,20251225,patio and outdoor furniture
Safavieh Deltana Collection Bar Stool,ppr5008088366,,,580.0,580.0,580.0,580.0,ORIGINAL,False,False,available online only,False,False,original,False,True,"['Included: 1 Stool(s)', 'Features: Weather Resistant, Quick Ship', 'Joinery: Welded Joint, Screwed', 'Seating Capacity: 1', 'Measurements: 20 Depth/Inches, 20 Width/Inches, 41.3 Height/Inches']",0.0,0.0,ORIGINAL,False,False,79101450026,USD,safavieh,"[{'colorName': 'Beige', 'swatchImageId': 'DP0224202107045007S.tif', 'colorizedImageId': 'DP0224202107045003M.tif', 'colorSeqNum': 1, 'skuId': '79101450026', 'defaultSwatch': False, 'skuAltImages': [{'imgId': 'DP0224202107045027M.tif', 'colorSeq': 0}, {'imgId': 'DP0224202107045017M.tif', 'colorSeq': 1}, {'imgId': 'DP0224202107045014M.tif', 'colorSeq': 2}]}, {'colorName': 'Navy', 'swatchImageId': 'DP0903202407131040S.tif', 'colorizedImageId': 'DP0903202407130532M.tif', 'colorSeqNum': 2, 'skuId': '79101450059', 'defaultSwatch': False, 'skuAltImages': [{'imgId': 'DP0903202407130736M.tif', 'colorSeq': 0}, {'imgId': 'DP0903202407130837M.tif', 'colorSeq': 1}, {'imgId': 'DP0903202407131142M.tif', 'colorSeq': 2}]}]",/p/safavieh-deltana-collection-bar-stool/ppr5008088366?pTmplType=regular&searchTerm=patio+and+outdoor+furniture&geoZip=55057,"[{'message': 'Online Only', 'icon': 'mouse'}, {'message': 'Available for Shipping', 'icon': 'check'}]",False,791,True,522.0,522.0,GIFTWRAP,False,False,2021-08-20T09:07:17,DP0224202107045003M.tif,DP0224202107045027M.tif,,,https://www.jcpenney.com/p/safavieh-deltana-collection-bar-stool/ppr5008088366?pTmplType=regular&searchTerm=patio+and+outdoor+furniture&geoZip=55057,20251225,patio and outdoor furniture
2-pc. Bar Stool,ppr5008236709,,,460.0,460.0,460.0,460.0,ORIGINAL,False,False,available online only,False,False,original,False,True,"['# Pieces In Set: 2', 'Included: 2 Stool(s)', 'Features: Heavy-Duty, Quick Ship', 'Joinery: Screwed', 'Manufacturer Warranty: 1 Year']",0.0,0.0,ORIGINAL,False,False,79116280018,USD,more brands,"[{'colorName': 'Black', 'swatchImageId': 'DP0505202207022895S.tif', 'colorizedImageId': 'DP0505202207022894M.tif', 'colorSeqNum': 1, 'skuId': '79116280018', 'defaultSwatch': False, 'skuAltImages': [{'imgId': 'DP0413202209024639M.tif', 'colorSeq': 0}, {'imgId': 'DP0505202207022903M.tif', 'colorSeq': 1}, {'imgId': 'DP0505202207022902M.tif', 'colorSeq': 2}]}]",/p/2-pc-bar-stool/ppr5008236709?pTmplType=regular&searchTerm=patio+and+outdoor+furniture&geoZip=55057,"[{'message': 'Online Only', 'icon': 'mouse'}, {'message': 'Available for Shipping', 'icon': 'check'}]",False,791,True,414.0,414.0,GIFTWRAP,False,False,2022-08-08T21:06:35,DP0505202207022894M.tif,DP0413202209024639M.tif,,,https://www.jcpenney.com/p/2-pc-bar-stool/ppr5008236709?pTmplType=regular&searchTerm=patio+and+outdoor+furniture&geoZip=55057,20251225,patio and outdoor furniture
Safavieh Torre Patio Collection Concrete Side Table,ppr5008094547,,,330.0,330.0,330.0,330.0,ORIGINAL,False,False,available online only,False,False,original,False,True,"['Included: 1 Table(s)', 'Features: Quick Ship, Water Resistant', 'Shape: Round', 'Maximum Weight Limit: 50 Lbs', 'Table Measurements: 12.2 Width/Inches, 12.2 Length/Inches, 17.3 Height/Inches']",0.0,0.0,ORIGINAL,False,False,79109650018,USD,safavieh,"[{'colorName': 'Dark Grey', 'swatchImageId': 'DP0311202113015650S.tif', 'colorizedImageId': 'DP0311202113015641M.tif', 'colorSeqNum': 1, 'skuId': '79109650018', 'defaultSwatch': False, 'skuAltImages': [{'imgId': 'DP0311202113015684M.tif', 'colorSeq': 0}, {'imgId': 'DP0311202113015676M.tif', 'colorSeq': 1}, {'imgId': 'DP0311202113015668M.tif', 'colorSeq': 2}]}, {'colorName': 'Ivory', 'swatchImageId': 'DP0311202113015654S.tif', 'colorizedImageId': 'DP0311202113015645M.tif', 'colorSeqNum': 2, 'skuId': '79109650026', 'defaultSwatch': False, 'skuAltImages': [{'imgId': 'DP0311202113015688M.tif', 'colorSeq': 0}, {'imgId': 'DP0311202113015680M.tif', 'colorSeq': 1}, {'imgId': 'DP0311202113015672M.tif', 'colorSeq': 2}]}]",/p/safavieh-torre-patio-collection-concrete-side-table/ppr5008094547?pTmplType=regular&searchTerm=patio+and+outdoor+furniture&geoZip=55057,"[{'message': 'Online Only', 'icon': 'mouse'}, {'message': 'Available for Shipping', 'icon': 'check'}]",False,791,True,297.0,297.0,GIFTWRAP,False,False,2021-03-11T22:03:08,DP0311202113015641M.tif,DP0311202113015684M.tif,,,https://www.jcpenney.com/p/safavieh-torre-patio-collection-concrete-side-table/ppr5008094547?pTmplType=regular&searchTerm=patio+and+outdoor+furniture&geoZip=55057,20251225,patio and outdoor furniture
Safavieh Henderson 3-pc. Side Table,ppr5008357164,,,700.0,700.0,700.0,700.0,ORIGINAL,False,False,available online only,False,False,original,False,True,"['# Pieces In Set: 3', 'Included: 3 Table(s)', 'Features: Outdoor, Quick Ship', 'Joinery: Screwed', 'Shape: Round']",0.0,0.0,ORIGINAL,False,False,79123920018,USD,safavieh,"[{'colorName': 'Natural White', 'swatchImageId': 'DP0508202309200821S.tif', 'colorizedImageId': 'DP0508202309200615M.tif', 'colorSeqNum': 1, 'skuId': '79123920018', 'defaultSwatch': False, 'skuAltImages': [{'imgId': 'DP0508202309200718M.tif', 'colorSeq': 0}, {'imgId': 'DP0508202309201027M.tif', 'colorSeq': 1}, {'imgId': 'DP0508202309200924M.tif', 'colorSeq': 2}]}]",/p/safavieh-henderson-3-pc-side-table/ppr5008357164?pTmplType=regular&searchTerm=patio+and+outdoor+furniture&geoZip=55057,"[{'message': 'Online Only', 'icon': 'mouse'}, {'message': 'Available for Shipping', 'icon': 'check'}]",False,791,True,630.0,630.0,GIFTWRAP,False,False,2023-05-09T00:11:29,DP0508202309200615M.tif,DP0508202309200718M.tif,,,https://www.jcpenney.com/p/safavieh-henderson-3-pc-side-table/ppr5008357164?pTmplType=regular&searchTerm=patio+and+outdoor+furniture&geoZip=55057,20251225,patio and outdoor furniture
Hermosa Side Table,ppr5008348073,,,450.0,450.0,450.0,450.0,ORIGINAL,False,False,available online only,False,False,original,False,True,"['Included: 1 Table(s)', 'Features: Quick Ship, 4 Legs', 'Seating Capacity: 4', 'Tools Required: Allen Wrench (included), Screws (included)', 'Maximum Weight Limit: 300 Lbs']",0.0,0.0,ORIGINAL,False,False,79123270018,USD,more brands,"[{'colorName': 'Teak', 'swatchImageId': 'DP0329202307130350S.tif', 'colorizedImageId': 'DP0329202307130040M.tif', 'colorSeqNum': 1, 'skuId': '79123270018', 'defaultSwatch': False, 'skuAltImages': [{'imgId': 'DP0329202307130143M.tif', 'colorSeq': 0}, {'imgId': 'DP0329202307130246M.tif', 'colorSeq': 1}, {'imgId': 'DP0329202307130557M.tif', 'colorSeq': 2}]}]",/p/hermosa-side-table/ppr5008348073?pTmplType=regular&searchTerm=patio+and+outdoor+furniture&geoZip=55057,"[{'message': 'Online Only', 'icon': 'mouse'}, {'message': 'Available for Shipping', 'icon': 'check'}]",False,791,True,405.0,405.0,GIFTWRAP,False,False,2023-03-29T22:03:21,DP0329202307130040M.tif,DP0329202307130143M.tif,,,https://www.jcpenney.com/p/hermosa-side-table/ppr5008348073?pTmplType=regular&searchTerm=patio+and+outdoor+furniture&geoZip=55057,20251225,patio and outdoor furniture
San Pico Iron Side Table,ppr5008348072,,,970.0,970.0,970.0,970.0,ORIGINAL,False,False,available online only,False,False,original,False,True,"['Included: 1 Table(s)', 'Features: 4 Legs, Quick Ship', 'Seating Capacity: 3', 'Tools Required: Allen Wrench (included), Screws (included)', 'Maximum Weight Limit: 100 Lbs']",0.0,0.0,ORIGINAL,False,False,79123260018,USD,more brands,"[{'colorName': 'Gray', 'swatchImageId': 'DP0329202307125522S.tif', 'colorizedImageId': 'DP0329202307125210M.tif', 'colorSeqNum': 1, 'skuId': '79123260018', 'defaultSwatch': False, 'skuAltImages': [{'imgId': 'DP0329202307125315M.tif', 'colorSeq': 0}, {'imgId': 'DP0329202307125418M.tif', 'colorSeq': 1}, {'imgId': 'DP0329202307125728M.tif', 'colorSeq': 2}]}]",/p/san-pico-iron-side-table/ppr5008348072?pTmplType=regular&searchTerm=patio+and+outdoor+furniture&geoZip=55057,"[{'message': 'Online Only', 'icon': 'mouse'}, {'message': 'Available for Shipping', 'icon': 'check'}]",False,791,True,727.5,727.5,RECLINER,False,False,2023-03-29T22:03:20,DP0329202307125210M.tif,DP0329202307125315M.tif,,,https://www.jcpenney.com/p/san-pico-iron-side-table/ppr5008348072?pTmplType=regular&searchTerm=patio+and+outdoor+furniture&geoZip=55057,20251225,patio and outdoor furniture
Safavieh Akiko Weather Resistant Cement Side Table,ppr5008216489,,,640.0,640.0,640.0,640.0,ORIGINAL,False,False,available online only,False,False,original,False,True,"['Included: 1 Table(s)', 'Features: Quick Ship, Weather Resistant', 'Joinery: Nailed, Screwed', 'Shape: Round', 'Maximum Weight Limit: 20 Lbs']",0.0,0.0,ORIGINAL,False,False,79115030018,USD,safavieh,"[{'colorName': 'Dark Grey', 'swatchImageId': 'DP0209202207035515S.tif', 'colorizedImageId': 'DP0209202207035498M.tif', 'colorSeqNum': 1, 'skuId': '79115030018', 'defaultSwatch': False, 'skuAltImages': [{'imgId': 'DP0209202207035505M.tif', 'colorSeq': 0}, {'imgId': 'DP0209202207035522M.tif', 'colorSeq': 1}, {'imgId': 'DP0209202207035491M.tif', 'colorSeq': 2}]}]",/p/safavieh-akiko-weather-resistant-cement-side-table/ppr5008216489?pTmplType=regular&searchTerm=patio+and+outdoor+furniture&geoZip=55057,"[{'message': 'Online Only', 'icon': 'mouse'}, {'message': 'Available for Shipping', 'icon': 'check'}]",False,791,True,576.0,576.0,GIFTWRAP,False,False,2022-02-09T22:03:20,DP0209202207035498M.tif,DP0209202207035505M.tif,,,https://www.jcpenney.com/p/safavieh-akiko-weather-resistant-cement-side-table/ppr5008216489?pTmplType=regular&searchTerm=patio+and+outdoor+furniture&geoZip=55057,20251225,patio and outdoor furniture
Safavieh Vesta Weather Resistant Cement Side Table,ppr5008216467,,,430.0,430.0,430.0,430.0,ORIGINAL,False,False,available online only,False,False,original,False,True,"['Included: 1 Table(s)', 'Features: Quick Ship, Weather Resistant', 'Shape: Round', 'Maximum Weight Limit: 175 Lbs', 'Table Measurements: 17.7 Height/Inches, 15.7 Length/Inches, 15.7 Width/Inches']",0.0,0.0,ORIGINAL,False,False,79114990018,USD,safavieh,"[{'colorName': 'Black', 'swatchImageId': 'DP0209202207035342S.tif', 'colorizedImageId': 'DP0209202207035327M.tif', 'colorSeqNum': 1, 'skuId': '79114990018', 'defaultSwatch': False, 'skuAltImages': [{'imgId': 'DP0209202207035334M.tif', 'colorSeq': 0}, {'imgId': 'DP0209202207035320M.tif', 'colorSeq': 1}, {'imgId': 'DP0209202207035349M.tif', 'colorSeq': 2}]}]",/p/safavieh-vesta-weather-resistant-cement-side-table/ppr5008216467?pTmplType=regular&searchTerm=patio+and+outdoor+furniture&geoZip=55057,"[{'message': 'Online Only', 'icon': 'mouse'}, {'message': 'Available for Shipping', 'icon': 'check'}]",False,791,True,387.0,387.0,GIFTWRAP,False,False,2022-02-09T22:03:20,DP0209202207035327M.tif,DP0209202207035334M.tif,,,https://www.jcpenney.com/p/safavieh-vesta-weather-resistant-cement-side-table/ppr5008216467?pTmplType=regular&searchTerm=patio+and+outdoor+furniture&geoZip=55057,20251225,patio and outdoor furniture
Safavieh Benton Weather Resistant Side Table,ppr5008216090,,,340.0,340.0,340.0,340.0,ORIGINAL,False,False,available online only,False,False,original,False,True,"['Included: 1 Table(s)', 'Features: Weather Resistant, Quick Ship', 'Joinery: Glued, Screwed, Nailed', 'Shape: Rectangle', 'Dining Height: Standard Height']",0.0,0.0,ORIGINAL,False,False,79114880034,USD,safavieh,"[{'colorName': 'Ash Grey', 'swatchImageId': 'DP0209202207034669S.tif', 'colorizedImageId': 'DP0209202207034627M.tif', 'colorSeqNum': 1, 'skuId': '79114880034', 'defaultSwatch': False, 'skuAltImages': [{'imgId': 'DP0209202207034655M.tif', 'colorSeq': 0}, {'imgId': 'DP0209202207034605M.tif', 'colorSeq': 1}, {'imgId': 'DP0209202207034690M.tif', 'colorSeq': 2}]}]",/p/safavieh-benton-weather-resistant-side-table/ppr5008216090?pTmplType=regular&searchTerm=patio+and+outdoor+furniture&geoZip=55057,"[{'message': 'Online Only', 'icon': 'mouse'}, {'message': 'Available for Shipping', 'icon': 'check'}]",False,791,True,306.0,306.0,GIFTWRAP,False,False,2022-02-09T22:03:17,DP0209202207034627M.tif,DP0209202207034655M.tif,,,https://www.jcpenney.com/p/safavieh-benton-weather-resistant-side-table/ppr5008216090?pTmplType=regular&searchTerm=patio+and+outdoor+furniture&geoZip=55057,20251225,patio and outdoor furniture
Celeste Collection Weather Resistant Side Table,ppr5008094577,,,530.0,530.0,530.0,530.0,ORIGINAL,False,False,available online only,False,False,original,False,True,"['Included: 1 Table(s)', 'Features: Quick Ship, Weather Resistant', 'Joinery: Glued, Screwed, Nailed', 'Shape: Round', 'Bar Measurements: 18.1 Width/Inches, 18.1 Depth/Inches, 21.2 Height/Inches']",0.0,0.0,ORIGINAL,False,False,79109760018,USD,more brands,"[{'colorName': 'Dark Grey Natural', 'swatchImageId': 'DP0311202113020227S.tif', 'colorizedImageId': 'DP0311202113020223M.tif', 'colorSeqNum': 1, 'skuId': '79109760018', 'defaultSwatch': False, 'skuAltImages': [{'imgId': 'DP0311202113020240M.tif', 'colorSeq': 0}, {'imgId': 'DP0311202113020236M.tif', 'colorSeq': 1}, {'imgId': 'DP0311202113020244M.tif', 'colorSeq': 2}]}]",/p/celeste-collection-weather-resistant-side-table/ppr5008094577?pTmplType=regular&searchTerm=patio+and+outdoor+furniture&geoZip=55057,"[{'message': 'Online Only', 'icon': 'mouse'}, {'message': 'Available for Shipping', 'icon': 'check'}]",False,791,True,477.0,477.0,GIFTWRAP,False,False,2021-03-11T22:03:11,DP0311202113020223M.tif,DP0311202113020240M.tif,,,https://www.jcpenney.com/p/celeste-collection-weather-resistant-side-table/ppr5008094577?pTmplType=regular&searchTerm=patio+and+outdoor+furniture&geoZip=55057,20251225,patio and outdoor furniture
Corliving Patio Side Table,ppr5007987701,,,600.0,600.0,600.0,600.0,ORIGINAL,False,False,available online only,False,False,original,False,True,"['Features: Uv Protection', 'Assembly: Ready-To-Assemble', 'Frame Content: 100% Wood', 'Care: Wipe Clean', 'Material: Wood']",0.0,0.0,ORIGINAL,True,False,79105980018,USD,more brands,"[{'colorName': 'Cinnamon Brown', 'swatchImageId': 'DP0907202015020127S.tif', 'colorizedImageId': 'DP0907202015020122M.tif', 'colorSeqNum': 1, 'skuId': '79105980018', 'defaultSwatch': False, 'skuAltImages': [{'imgId': 'DP0907202015020144M.tif', 'colorSeq': 0}, {'imgId': 'DP0907202015020138M.tif', 'colorSeq': 1}, {'imgId': 'DP0907202015020132M.tif', 'colorSeq': 2}]}]",/p/corliving-patio-side-table/ppr5007987701?pTmplType=regular&searchTerm=patio+and+outdoor+furniture&geoZip=55057,"[{'message': 'Online Only', 'icon': 'mouse'}, {'message': 'Available for Shipping', 'icon': 'check'}]",False,791,True,540.0,540.0,GIFTWRAP,False,False,2020-09-08T17:15:43,DP0907202015020122M.tif,DP0907202015020144M.tif,,,https://www.jcpenney.com/p/corliving-patio-side-table/ppr5007987701?pTmplType=regular&searchTerm=patio+and+outdoor+furniture&geoZip=55057,20251225,patio and outdoor furniture
Linum Home Textiles Chaise Lounge Cover Chair Protector,ppr5008609727,,,95.99,95.99,138.0,138.0,SALE,False,False,available online only,False,False,original,False,True,"['Features: Washable', 'Measurements: 32 Width/Inches, 102 Length/Inches', 'Base Material: 100% Cotton', 'Fiber Content: 100% Cotton', 'Care: Machine Wash, Do Not Bleach, Tumble Dry']",0.0,0.0,SALE,False,False,70908660026,USD,more brands,"[{'colorName': 'Aqua', 'swatchImageId': 'DP0924202509045880S.tif', 'colorizedImageId': 'DP0924202509045463M.tif', 'colorSeqNum': 2, 'skuId': '70908660026', 'defaultSwatch': False, 'skuAltImages': [{'imgId': 'DP0924202509045150M.tif', 'colorSeq': 0}, {'imgId': 'DP0924202509044837M.tif', 'colorSeq': 1}]}, {'colorName': 'White', 'swatchImageId': 'DP0924202509050088S.tif', 'colorizedImageId': 'DP0924202509045671M.tif', 'colorSeqNum': 3, 'skuId': '70908660034', 'defaultSwatch': False, 'skuAltImages': [{'imgId': 'DP0924202509045358M.tif', 'colorSeq': 0}, {'imgId': 'DP0924202509045045M.tif', 'colorSeq': 1}]}]",/p/linum-home-textiles-chaise-lounge-cover-chair-protector/ppr5008609727?pTmplType=regular&searchTerm=patio+and+outdoor+furniture&geoZip=55057&selectedSKUId=70908660026,"[{'message': 'Online Only', 'icon': 'mouse'}, {'message': 'Available for Shipping', 'icon': 'check'}]",False,709,True,67.19,67.19,YULETIDE,False,True,2025-09-24T22:03:14,DP0924202509045463M.tif,DP0924202509045150M.tif,,,https://www.jcpenney.com/p/linum-home-textiles-chaise-lounge-cover-chair-protector/ppr5008609727?pTmplType=regular&searchTerm=patio+and+outdoor+furniture&geoZip=55057&selectedSKUId=70908660026,20251225,patio and outdoor furniture
Chair Hammock,ppr5008235264,5.0,1.0,410.0,410.0,410.0,410.0,ORIGINAL,False,False,available online only,False,False,original,False,True,"['Included: 1 Hammock Stand(s), 1 Hammock(s)', 'Features: Adjustable Height, Quick Ship', 'Manufacturer Warranty: 1 Year', 'Seating Capacity: 1', 'Measurements: 93 Height/Inches, 47 Width/Inches, 53 Depth/Inches']",0.0,0.0,ORIGINAL,False,False,79115850034,USD,more brands,"[{'colorName': 'Brown Black', 'swatchImageId': 'DP1011202515034311S.tif', 'colorizedImageId': 'DP1011202515033997M.tif', 'colorSeqNum': 1, 'skuId': '79115850026', 'defaultSwatch': False, 'skuAltImages': [{'imgId': 'DP1011202515034938M.tif', 'colorSeq': 0}, {'imgId': 'DP1011202515034729M.tif', 'colorSeq': 1}, {'imgId': 'DP1011202515033683M.tif', 'colorSeq': 2}]}, {'colorName': 'Light Brown Black', 'swatchImageId': 'DP1011202515034416S.tif', 'colorizedImageId': 'DP1011202515034102M.tif', 'colorSeqNum': 3, 'skuId': '79115850034', 'defaultSwatch': False, 'skuAltImages': [{'imgId': 'DP1011202515034834M.tif', 'colorSeq': 0}, {'imgId': 'DP1011202515033788M.tif', 'colorSeq': 1}, {'imgId': 'DP0413202209023764M.tif', 'colorSeq': 2}]}]",/p/chair-hammock/ppr5008235264?pTmplType=regular&searchTerm=patio+and+outdoor+furniture&geoZip=55057,"[{'message': 'Online Only', 'icon': 'mouse'}, {'message': 'Available for Shipping', 'icon': 'check'}]",False,791,True,369.0,369.0,GIFTWRAP,False,False,2022-05-24T15:05:00,DP1011202515033997M.tif,DP1011202515034938M.tif,,,https://www.jcpenney.com/p/chair-hammock/ppr5008235264?pTmplType=regular&searchTerm=patio+and+outdoor+furniture&geoZip=55057,20251225,patio and outdoor furniture
Serene Expandable Patio Daybed,ppr5008376228,,,1360.0,1360.0,1360.0,1360.0,ORIGINAL,False,False,available online only,False,False,original,False,True,"['Included: 1 Chair(s)', 'Features: Extendable, Upholstered', 'Manufacturer Warranty: 90 Days Limited', 'Seating Capacity: 2', 'Tools Required: Screws (not Included), Allen Wrench (included)']",0.0,0.0,ORIGINAL,False,False,79126670018,USD,more brands,"[{'colorName': 'Gray Dark', 'swatchImageId': 'DP0705202307110260S.tif', 'colorizedImageId': 'DP0705202307105848M.tif', 'colorSeqNum': 1, 'skuId': '79126670018', 'defaultSwatch': False, 'skuAltImages': [{'imgId': 'DP0705202307105951M.tif', 'colorSeq': 0}, {'imgId': 'DP0705202307110054M.tif', 'colorSeq': 1}, {'imgId': 'DP0705202307105641M.tif', 'colorSeq': 2}]}]",/p/serene-expandable-patio-daybed/ppr5008376228?pTmplType=regular&searchTerm=patio+and+outdoor+furniture&geoZip=55057,"[{'message': 'Online Only', 'icon': 'mouse'}, {'message': 'Available for Shipping', 'icon': 'check'}]",False,791,True,1020.0,1020.0,RECLINER,False,False,2023-07-10T07:08:27,DP0705202307105848M.tif,DP0705202307105951M.tif,,,https://www.jcpenney.com/p/serene-expandable-patio-daybed/ppr5008376228?pTmplType=regular&searchTerm=patio+and+outdoor+furniture&geoZip=55057,20251225,patio and outdoor furniture
"Signature Design by Ashley® Sundown Treasure Outdoor Rocking Chair
",ppr5008438458,,,660.0,660.0,660.0,660.0,ORIGINAL,False,False,available online only,False,False,original,False,True,"['Included: 1 Chair(s)', 'Features: Weather Resistant, Waterproof', 'Seating Capacity: 1', 'Tools Required: Allen Wrench (included), Screws (included)', 'Chair Measurements: 31.25 Width/Inches, 37.13 Height/Inches, 35.25 Depth/Inches']",0.0,0.0,ORIGINAL,False,False,79130470018,USD,signature design by ashley,"[{'colorName': 'Black', 'swatchImageId': 'DP0313202413044072S.tif', 'colorizedImageId': 'DP0319202407041634M.tif', 'colorSeqNum': 1, 'skuId': '79130450018', 'defaultSwatch': False, 'skuAltImages': [{'imgId': 'DP0319202407041736M.tif', 'colorSeq': 0}, {'imgId': 'DP0313202413043866M.tif', 'colorSeq': 1}, {'imgId': 'DP0319202407041839M.tif', 'colorSeq': 2}]}, {'colorName': 'White', 'swatchImageId': 'DP0313202413045307S.tif', 'colorizedImageId': 'DP0319202407042453M.tif', 'colorSeqNum': 2, 'skuId': '79130470018', 'defaultSwatch': False, 'skuAltImages': [{'imgId': 'DP0319202407042556M.tif', 'colorSeq': 0}, {'imgId': 'DP0313202413045101M.tif', 'colorSeq': 1}, {'imgId': 'DP0319202407042659M.tif', 'colorSeq': 2}]}, {'colorName': 'Driftwood', 'swatchImageId': 'DP0313202413044690S.tif', 'colorizedImageId': 'DP0319202407042043M.tif', 'colorSeqNum': 3, 'skuId': '79130460018', 'defaultSwatch': False, 'skuAltImages': [{'imgId': 'DP0319202407042145M.tif', 'colorSeq': 0}, {'imgId': 'DP0313202413044484M.tif', 'colorSeq': 1}, {'imgId': 'DP0319202407042248M.tif', 'colorSeq': 2}]}]",/p/signature-design-by-ashley-sundown-treasure-outdoor-rocking-chair/ppr5008438458?pTmplType=regular&searchTerm=patio+and+outdoor+furniture&geoZip=55057,"[{'message': 'Online Only', 'icon': 'mouse'}, {'message': 'Available for Shipping', 'icon': 'check'}]",False,791,True,594.0,594.0,GIFTWRAP,False,False,2024-03-13T22:04:56,DP0319202407041634M.tif,DP0319202407041736M.tif,,,https://www.jcpenney.com/p/signature-design-by-ashley-sundown-treasure-outdoor-rocking-chair/ppr5008438458?pTmplType=regular&searchTerm=patio+and+outdoor+furniture&geoZip=55057,20251225,patio and outdoor furniture
Safavieh Fionne Lounge Chair,ppr5008357168,,,360.0,360.0,360.0,360.0,ORIGINAL,False,False,available online only,False,False,original,False,True,"['Included: 1 Chair(s)', 'Joinery: Screwed', 'Seating Capacity: 1', 'Tools Required: Allen Wrench (included), Screws (included)', 'Measurements: 23.23 Width/Inches, 74.41 Depth/Inches, 12.2 Height/Inches']",0.0,0.0,ORIGINAL,False,False,79123960034,USD,safavieh,"[{'colorName': 'Silver Beige', 'swatchImageId': 'DP0508202309211520S.tif', 'colorizedImageId': 'DP0508202309210592M.tif', 'colorSeqNum': 1, 'skuId': '79123960018', 'defaultSwatch': False, 'skuAltImages': [{'imgId': 'DP0508202309210901M.tif', 'colorSeq': 0}, {'imgId': 'DP0508202309211210M.tif', 'colorSeq': 1}, {'imgId': 'DP0508202309205973M.tif', 'colorSeq': 2}]}, {'colorName': 'Silver Grey', 'swatchImageId': 'DP0508202309211623S.tif', 'colorizedImageId': 'DP0508202309210695M.tif', 'colorSeqNum': 2, 'skuId': '79123960026', 'defaultSwatch': False, 'skuAltImages': [{'imgId': 'DP0508202309211004M.tif', 'colorSeq': 0}, {'imgId': 'DP0508202309211314M.tif', 'colorSeq': 1}, {'imgId': 'DP0508202309210076M.tif', 'colorSeq': 2}]}, {'colorName': 'Black', 'swatchImageId': 'DP0508202309211417S.tif', 'colorizedImageId': 'DP0508202309210488M.tif', 'colorSeqNum': 3, 'skuId': '79123960034', 'defaultSwatch': False, 'skuAltImages': [{'imgId': 'DP0508202309210798M.tif', 'colorSeq': 0}, {'imgId': 'DP0508202309211107M.tif', 'colorSeq': 1}, {'imgId': 'DP0508202309205870M.tif', 'colorSeq': 2}]}]",/p/safavieh-fionne-lounge-chair/ppr5008357168?pTmplType=regular&searchTerm=patio+and+outdoor+furniture&geoZip=55057,"[{'message': 'Online Only', 'icon': 'mouse'}, {'message': 'Available for Shipping', 'icon': 'check'}]",False,791,True,324.0,324.0,GIFTWRAP,False,False,2023-05-09T00:11:31,DP0508202309210592M.tif,DP0508202309210901M.tif,,,https://www.jcpenney.com/p/safavieh-fionne-lounge-chair/ppr5008357168?pTmplType=regular&searchTerm=patio+and+outdoor+furniture&geoZip=55057,20251225,patio and outdoor furniture
Safavieh Arcata Lounge Chair,ppr5008236697,,,940.0,940.0,940.0,940.0,ORIGINAL,False,False,available online only,False,False,original,False,True,"['Included: 1 Chair(s), 1 Seat Cushion(s), 1 Seat Back Cushion(s)', 'Features: Water Resistant', 'Joinery: Nailed, Glued', 'Seating Capacity: 1', 'Tools Required: Allen Wrench (included), Screws (included)']",0.0,0.0,ORIGINAL,False,False,79116210018,USD,safavieh,"[{'colorName': 'Natural Beige', 'swatchImageId': 'DP0413202209024356S.tif', 'colorizedImageId': 'DP0413202209024352M.tif', 'colorSeqNum': 1, 'skuId': '79116210018', 'defaultSwatch': False, 'skuAltImages': [{'imgId': 'DP0413202209024388M.tif', 'colorSeq': 0}, {'imgId': 'DP0413202209024366M.tif', 'colorSeq': 1}, {'imgId': 'DP0413202209024360M.tif', 'colorSeq': 2}]}]",/p/safavieh-arcata-lounge-chair/ppr5008236697?pTmplType=regular&searchTerm=patio+and+outdoor+furniture&geoZip=55057,"[{'message': 'Online Only', 'icon': 'mouse'}, {'message': 'Available for Shipping', 'icon': 'check'}]",False,791,True,705.0,705.0,RECLINER,False,False,2022-04-13T22:03:26,DP0413202209024352M.tif,DP0413202209024388M.tif,,,https://www.jcpenney.com/p/safavieh-arcata-lounge-chair/ppr5008236697?pTmplType=regular&searchTerm=patio+and+outdoor+furniture&geoZip=55057,20251225,patio and outdoor furniture
Sunnydaze® Caroline Hanging Egg Chair,ppr5008102457,,,750.0,750.0,750.0,750.0,ORIGINAL,False,False,available online only,False,False,original,False,True,"['Included: 1 Seat Cushion(s), 1 Chair(s), 1 Seat Back Cushion(s)', 'Features: Water Resistant, Quick Ship, Weather Resistant', 'Joinery: Welded Joint', 'Manufacturer Warranty: 1 Year', 'Seating Capacity: 1']",0.0,0.0,ORIGINAL,False,False,79111960026,USD,more brands,"[{'colorName': 'Cream', 'swatchImageId': 'DP0406202107021452S.tif', 'colorizedImageId': 'DP0406202107021440M.tif', 'colorSeqNum': 1, 'skuId': '79111960026', 'defaultSwatch': False, 'skuAltImages': [{'imgId': 'DP0406202107021554M.tif', 'colorSeq': 0}, {'imgId': 'DP0406202107021541M.tif', 'colorSeq': 1}, {'imgId': 'DP0406202107021529M.tif', 'colorSeq': 2}]}, {'colorName': 'Grey', 'swatchImageId': 'DP0406202107021458S.tif', 'colorizedImageId': 'DP0406202107021446M.tif', 'colorSeqNum': 2, 'skuId': '79111960018', 'defaultSwatch': False, 'skuAltImages': [{'imgId': 'DP0406202107021547M.tif', 'colorSeq': 0}, {'imgId': 'DP0406202107021535M.tif', 'colorSeq': 1}, {'imgId': 'DP0406202107021522M.tif', 'colorSeq': 2}]}]",/p/sunnydaze-caroline-hanging-egg-chair/ppr5008102457?pTmplType=regular&searchTerm=patio+and+outdoor+furniture&geoZip=55057,"[{'message': 'Online Only', 'icon': 'mouse'}, {'message': 'Available for Shipping', 'icon': 'check'}]",False,791,True,,,,False,False,2021-04-13T21:02:35,DP0406202107021440M.tif,DP0406202107021554M.tif,,,https://www.jcpenney.com/p/sunnydaze-caroline-hanging-egg-chair/ppr5008102457?pTmplType=regular&searchTerm=patio+and+outdoor+furniture&geoZip=55057,20251225,patio and outdoor furniture
Safavieh Broderick Outdoor Collection 2-pc. Lounge Chair,ppr5008086476,,,700.0,700.0,700.0,700.0,ORIGINAL,False,False,available online only,False,False,original,False,True,"['# Pieces In Set: 2', 'Included: 2 Chair(s)', 'Features: Quick Ship, Water Resistant', 'Joinery: Welded Joint', 'Seating Capacity: 1']",0.0,0.0,ORIGINAL,False,False,79108200018,USD,safavieh,"[{'colorName': 'Matte White', 'swatchImageId': 'DP0215202107031186S.tif', 'colorizedImageId': 'DP0215202107031143M.tif', 'colorSeqNum': 1, 'skuId': '79108200018', 'defaultSwatch': False, 'skuAltImages': [{'imgId': 'DP0215202107031228M.tif', 'colorSeq': 0}, {'imgId': 'DP0215202107031249M.tif', 'colorSeq': 1}, {'imgId': 'DP0215202107031207M.tif', 'colorSeq': 2}]}, {'colorName': 'Matte Navy Blue', 'swatchImageId': 'DP0215202107031177S.tif', 'colorizedImageId': 'DP0215202107031135M.tif', 'colorSeqNum': 2, 'skuId': '79108200034', 'defaultSwatch': False, 'skuAltImages': [{'imgId': 'DP0215202107031219M.tif', 'colorSeq': 0}, {'imgId': 'DP0215202107031240M.tif', 'colorSeq': 1}, {'imgId': 'DP0215202107031199M.tif', 'colorSeq': 2}]}]",/p/safavieh-broderick-outdoor-collection-2-pc-lounge-chair/ppr5008086476?pTmplType=regular&searchTerm=patio+and+outdoor+furniture&geoZip=55057,"[{'message': 'Online Only', 'icon': 'mouse'}, {'message': 'Available for Shipping', 'icon': 'check'}]",False,791,True,630.0,630.0,GIFTWRAP,False,False,2021-02-15T22:04:33,DP0215202107031143M.tif,DP0215202107031228M.tif,,,https://www.jcpenney.com/p/safavieh-broderick-outdoor-collection-2-pc-lounge-chair/ppr5008086476?pTmplType=regular&searchTerm=patio+and+outdoor+furniture&geoZip=55057,20251225,patio and outdoor furniture
Belsey Upholstered Armchair,ppr5008451425,,,1120.0,1120.0,1120.0,1120.0,ORIGINAL,False,False,available online only,False,False,original,False,True,"['Included: 1 Chair(s), 1 Seat Cushion(s), 1 Seat Back Cushion(s)', 'Features: Upholstered, Quick Ship', 'Joinery: Screwed', 'Manufacturer Warranty: 6 Month', 'Seating Capacity: 1']",0.0,0.0,ORIGINAL,True,False,79131480018,USD,more brands,"[{'colorName': 'Brown', 'swatchImageId': 'DP0513202415122745S.tif', 'colorizedImageId': 'DP0513202415122542M.tif', 'colorSeqNum': 1, 'skuId': '79131480018', 'defaultSwatch': False, 'skuAltImages': [{'imgId': 'DP0513202415122643M.tif', 'colorSeq': 0}, {'imgId': 'DP0513202415122338M.tif', 'colorSeq': 1}, {'imgId': 'DP0513202415122439M.tif', 'colorSeq': 2}]}]",/p/belsey-upholstered-armchair/ppr5008451425?pTmplType=regular&searchTerm=patio+and+outdoor+furniture&geoZip=55057,"[{'message': 'Online Only', 'icon': 'mouse'}, {'message': 'Available for Shipping', 'icon': 'check'}]",False,791,True,840.0,840.0,RECLINER,False,False,2024-06-26T13:02:54,DP0513202415122542M.tif,DP0513202415122643M.tif,,,https://www.jcpenney.com/p/belsey-upholstered-armchair/ppr5008451425?pTmplType=regular&searchTerm=patio+and+outdoor+furniture&geoZip=55057,20251225,patio and outdoor furniture
"Signature Design by Ashley® Bree Zee Outdoor Lounge Chair with Cushion
",ppr5008438148,5.0,1.0,1400.0,1400.0,1400.0,1400.0,ORIGINAL,False,False,available online only,False,False,original,False,True,"['Included: 1 Chair(s)', 'Features: 4 Legs', 'Seating Capacity: 1', 'Tools Required: Screws (included), Allen Wrench (not Included)', 'Weight (lb.): 26 Lb']",0.0,0.0,ORIGINAL,False,False,79130210018,USD,signature design by ashley,"[{'colorName': 'Gray', 'swatchImageId': 'DP0313202413015385S.tif', 'colorizedImageId': 'DP0313202413014973M.tif', 'colorSeqNum': 1, 'skuId': '79130210018', 'defaultSwatch': False, 'skuAltImages': [{'imgId': 'DP0313202413015179M.tif', 'colorSeq': 3}, {'imgId': 'DP0313202413014870M.tif', 'colorSeq': 4}, {'imgId': 'DP0313202413015899M.tif', 'colorSeq': 5}]}]",/p/signature-design-by-ashley-bree-zee-outdoor-lounge-chair-with-cushion/ppr5008438148?pTmplType=regular&searchTerm=patio+and+outdoor+furniture&geoZip=55057,"[{'message': 'Online Only', 'icon': 'mouse'}, {'message': 'Available for Shipping', 'icon': 'check'}]",False,791,True,1050.0,1050.0,RECLINER,False,False,2024-03-13T22:04:51,DP0313202413014973M.tif,DP0313202413015179M.tif,,"[{'name': 'Shop the Collection', 'priority': 1, 'urlParam': 'collection'}]",https://www.jcpenney.com/p/signature-design-by-ashley-bree-zee-outdoor-lounge-chair-with-cushion/ppr5008438148?pTmplType=regular&searchTerm=patio+and+outdoor+furniture&geoZip=55057,20251225,patio and outdoor furniture
Cape Adjustable Lounge Chair,ppr5008376394,,,800.0,800.0,800.0,800.0,ORIGINAL,False,False,available online only,False,False,original,False,True,"['Included: 1 Chair(s)', 'Features: 4 Legs, Easy Clean, Water Resistant, Adjustable', 'Manufacturer Warranty: 90 Days Limited', 'Seating Capacity: 1', 'Tools Required: Screws (included), Allen Wrench (included)']",0.0,0.0,ORIGINAL,False,False,79127640018,USD,more brands,"[{'colorName': 'Dark Gray', 'swatchImageId': 'DP0706202307295352S.tif', 'colorizedImageId': 'DP0706202307295249M.tif', 'colorSeqNum': 1, 'skuId': '79127640018', 'defaultSwatch': False, 'skuAltImages': [{'imgId': 'DP0706202307295558M.tif', 'colorSeq': 0}, {'imgId': 'DP0706202307295661M.tif', 'colorSeq': 1}, {'imgId': 'DP0706202307295765M.tif', 'colorSeq': 2}]}]",/p/cape-adjustable-lounge-chair/ppr5008376394?pTmplType=regular&searchTerm=patio+and+outdoor+furniture&geoZip=55057,"[{'message': 'Online Only', 'icon': 'mouse'}, {'message': 'Available for Shipping', 'icon': 'check'}]",False,791,True,600.0,600.0,RECLINER,False,False,2023-07-10T07:08:28,DP0706202307295249M.tif,DP0706202307295558M.tif,,,https://www.jcpenney.com/p/cape-adjustable-lounge-chair/ppr5008376394?pTmplType=regular&searchTerm=patio+and+outdoor+furniture&geoZip=55057,20251225,patio and outdoor furniture
Oxton Adjustable 2-pc. Lounge Chair,ppr5008376392,,,1440.0,1440.0,1440.0,1440.0,ORIGINAL,False,False,available online only,False,False,original,False,True,"['# Pieces In Set: 2', 'Included: 2 Chair(s)', 'Features: Water Resistant, Easy Clean, Adjustable, 4 Legs', 'Manufacturer Warranty: 90 Days Limited', 'Seating Capacity: 2']",0.0,0.0,ORIGINAL,False,False,79127620018,USD,more brands,"[{'colorName': 'Gray', 'swatchImageId': 'DP0706202307293495S.tif', 'colorizedImageId': 'DP0706202307293392M.tif', 'colorSeqNum': 1, 'skuId': '79127620018', 'defaultSwatch': False, 'skuAltImages': [{'imgId': 'DP0706202307293701M.tif', 'colorSeq': 0}, {'imgId': 'DP0706202307293803M.tif', 'colorSeq': 1}, {'imgId': 'DP0706202307293907M.tif', 'colorSeq': 2}]}]",/p/oxton-adjustable-2-pc-lounge-chair/ppr5008376392?pTmplType=regular&searchTerm=patio+and+outdoor+furniture&geoZip=55057,"[{'message': 'Online Only', 'icon': 'mouse'}, {'message': 'Available for Shipping', 'icon': 'check'}]",False,791,True,1080.0,1080.0,RECLINER,False,False,2023-07-10T07:08:28,DP0706202307293392M.tif,DP0706202307293701M.tif,,,https://www.jcpenney.com/p/oxton-adjustable-2-pc-lounge-chair/ppr5008376392?pTmplType=regular&searchTerm=patio+and+outdoor+furniture&geoZip=55057,20251225,patio and outdoor furniture
Sedona 2-pc. Upholstered Club Chair,ppr5008376223,,,1120.0,1120.0,1120.0,1120.0,ORIGINAL,False,False,available online only,False,False,original,False,True,"['# Pieces In Set: 2', 'Included: 2 Chair(s)', 'Features: Upholstered', 'Manufacturer Warranty: 90 Days Limited', 'Seating Capacity: 2']",0.0,0.0,ORIGINAL,False,False,79126640018,USD,more brands,"[{'colorName': 'White Teak', 'swatchImageId': 'DP0705202307103166S.tif', 'colorizedImageId': 'DP0705202307102754M.tif', 'colorSeqNum': 1, 'skuId': '79126640018', 'defaultSwatch': False, 'skuAltImages': [{'imgId': 'DP0705202307102857M.tif', 'colorSeq': 0}, {'imgId': 'DP0705202307102960M.tif', 'colorSeq': 1}, {'imgId': 'DP0705202307102547M.tif', 'colorSeq': 2}]}]",/p/sedona-2-pc-upholstered-club-chair/ppr5008376223?pTmplType=regular&searchTerm=patio+and+outdoor+furniture&geoZip=55057,"[{'message': 'Online Only', 'icon': 'mouse'}, {'message': 'Available for Shipping', 'icon': 'check'}]",False,791,True,840.0,840.0,RECLINER,False,False,2023-07-10T07:08:27,DP0705202307102754M.tif,DP0705202307102857M.tif,,,https://www.jcpenney.com/p/sedona-2-pc-upholstered-club-chair/ppr5008376223?pTmplType=regular&searchTerm=patio+and+outdoor+furniture&geoZip=55057,20251225,patio and outdoor furniture
Cayuse Egg Chair,ppr5008367161,,,650.0,650.0,650.0,650.0,ORIGINAL,False,False,available online only,False,False,original,False,True,"['Included: 1 Chair(s)', 'Features: Removable Cushions, Water Resistant, Quick Ship, Weather Resistant', 'Manufacturer Warranty: 90 Days Limited', 'Seating Capacity: 1', 'Tools Required: Screws (included), Allen Wrench (included)']",0.0,0.0,ORIGINAL,False,False,79125960018,USD,more brands,"[{'colorName': 'Gray Dark Gray', 'swatchImageId': 'DP1023202515155186S.tif', 'colorizedImageId': 'DP1023202517004659M.tif', 'colorSeqNum': 1, 'skuId': '79125960018', 'defaultSwatch': False, 'skuAltImages': [{'imgId': 'DP1023202517005077M.tif', 'colorSeq': 0}, {'imgId': 'DP1023202517004972M.tif', 'colorSeq': 1}, {'imgId': 'DP1023202517004764M.tif', 'colorSeq': 2}]}]",/p/cayuse-egg-chair/ppr5008367161?pTmplType=regular&searchTerm=patio+and+outdoor+furniture&geoZip=55057,"[{'message': 'Online Only', 'icon': 'mouse'}, {'message': 'Available for Shipping', 'icon': 'check'}]",False,791,True,585.0,585.0,GIFTWRAP,False,False,2025-10-23T22:05:47,DP1023202517004659M.tif,DP1023202517005077M.tif,"[{'name': 'NEW', 'priority': 1, 'urlParam': 'new'}]",,https://www.jcpenney.com/p/cayuse-egg-chair/ppr5008367161?pTmplType=regular&searchTerm=patio+and+outdoor+furniture&geoZip=55057,20251225,patio and outdoor furniture
Nikki 2-pc. Lounge Chair,ppr5008336639,,,610.0,610.0,610.0,610.0,ORIGINAL,False,False,available online only,False,False,original,False,True,"['# Pieces In Set: 2', 'Included: 2 Chair(s)', 'Features: Folding, 4 Legs, Quick Ship', 'Seating Capacity: 2', 'Chair Measurements: 33 Height/Inches, 41 Depth/Inches, 25.75 Width/Inches']",0.0,0.0,ORIGINAL,False,False,79122360018,USD,more brands,"[{'colorName': 'Gray', 'swatchImageId': 'DP0314202309273598S.tif', 'colorizedImageId': 'DP0314202309273182M.tif', 'colorSeqNum': 1, 'skuId': '79122360018', 'defaultSwatch': False, 'skuAltImages': [{'imgId': 'DP0314202309273285M.tif', 'colorSeq': 0}, {'imgId': 'DP0314202309273392M.tif', 'colorSeq': 1}, {'imgId': 'DP0314202309272976M.tif', 'colorSeq': 2}]}]",/p/nikki-2-pc-lounge-chair/ppr5008336639?pTmplType=regular&searchTerm=patio+and+outdoor+furniture&geoZip=55057,"[{'message': 'Online Only', 'icon': 'mouse'}, {'message': 'Available for Shipping', 'icon': 'check'}]",False,791,True,549.0,549.0,GIFTWRAP,False,False,2023-03-14T22:10:05,DP0314202309273182M.tif,DP0314202309273285M.tif,,,https://www.jcpenney.com/p/nikki-2-pc-lounge-chair/ppr5008336639?pTmplType=regular&searchTerm=patio+and+outdoor+furniture&geoZip=55057,20251225,patio and outdoor furniture
2-pc. Club Chair,ppr5008330491,,,1020.0,1020.0,1020.0,1020.0,ORIGINAL,False,False,available online only,False,False,original,False,True,"['# Pieces In Set: 2', 'Included: 2 Chair(s)', 'Features: Stackable, Quick Ship', 'Manufacturer Warranty: 90 Days Limited', 'Seating Capacity: 2']",0.0,0.0,ORIGINAL,False,False,79121570018,USD,more brands,"[{'colorName': 'Gray', 'swatchImageId': 'DP0215202309130710S.tif', 'colorizedImageId': 'DP0215202309130607M.tif', 'colorSeqNum': 1, 'skuId': '79121570018', 'defaultSwatch': False, 'skuAltImages': [{'imgId': 'DP0215202309131020M.tif', 'colorSeq': 0}, {'imgId': 'DP0215202309131123M.tif', 'colorSeq': 1}, {'imgId': 'DP0215202309130916M.tif', 'colorSeq': 2}]}]",/p/2-pc-club-chair/ppr5008330491?pTmplType=regular&searchTerm=patio+and+outdoor+furniture&geoZip=55057,"[{'message': 'Online Only', 'icon': 'mouse'}, {'message': 'Available for Shipping', 'icon': 'check'}]",False,791,True,765.0,765.0,RECLINER,False,False,2023-02-15T22:05:58,DP0215202309130607M.tif,DP0215202309131020M.tif,,,https://www.jcpenney.com/p/2-pc-club-chair/ppr5008330491?pTmplType=regular&searchTerm=patio+and+outdoor+furniture&geoZip=55057,20251225,patio and outdoor furniture
Jackson Outdoor Hanging Egg Chair Chair with Stand,ppr5008259467,,,1500.0,1500.0,1500.0,1500.0,ORIGINAL,False,False,available online only,False,False,original,False,True,"['# Pieces In Set: 2', 'Features: Quick Ship, Weather Resistant', 'Manufacturer Warranty: 1 Year', 'Seating Capacity: 1', 'Tools Required: Allen Wrench (included)']",0.0,0.0,ORIGINAL,False,False,79120430018,USD,more brands,"[{'colorName': 'Cream Black', 'swatchImageId': 'DP0601202308162439S.tif', 'colorizedImageId': 'DP0601202308162232M.tif', 'colorSeqNum': 1, 'skuId': '79120430018', 'defaultSwatch': False, 'skuAltImages': [{'imgId': 'DP0601202308162335M.tif', 'colorSeq': 0}, {'imgId': 'DP0601202308162852M.tif', 'colorSeq': 1}, {'imgId': 'DP0601202308162749M.tif', 'colorSeq': 2}]}]",/p/jackson-outdoor-hanging-egg-chair-chair-with-stand/ppr5008259467?pTmplType=regular&searchTerm=patio+and+outdoor+furniture&geoZip=55057,"[{'message': 'Online Only', 'icon': 'mouse'}, {'message': 'Available for Shipping', 'icon': 'check'}]",False,791,True,1125.0,1125.0,RECLINER,False,False,2023-01-04T22:03:32,DP0601202308162232M.tif,DP0601202308162335M.tif,,,https://www.jcpenney.com/p/jackson-outdoor-hanging-egg-chair-chair-with-stand/ppr5008259467?pTmplType=regular&searchTerm=patio+and+outdoor+furniture&geoZip=55057,20251225,patio and outdoor furniture
Safavieh Stefano 4-pc.,ppr5008236692,,,870.0,870.0,870.0,870.0,ORIGINAL,False,False,available online only,False,False,original,False,True,"['# Pieces In Set: 4', 'Included: 2 Seat Cushion(s), 2 Chair(s)', 'Features: Quick Ship, Water Resistant', 'Joinery: Welded Joint, Screwed', 'Seating Capacity: 2']",0.0,0.0,ORIGINAL,False,False,79116160018,USD,safavieh,"[{'colorName': 'Grey Grey', 'swatchImageId': 'DP0413202209024181S.tif', 'colorizedImageId': 'DP0413202209024178M.tif', 'colorSeqNum': 1, 'skuId': '79116160018', 'defaultSwatch': False, 'skuAltImages': [{'imgId': 'DP0413202209024203M.tif', 'colorSeq': 0}, {'imgId': 'DP0413202209024199M.tif', 'colorSeq': 1}, {'imgId': 'DP0413202209024189M.tif', 'colorSeq': 2}]}]",/p/safavieh-stefano-4-pc/ppr5008236692?pTmplType=regular&searchTerm=patio+and+outdoor+furniture&geoZip=55057,"[{'message': 'Online Only', 'icon': 'mouse'}, {'message': 'Available for Shipping', 'icon': 'check'}]",False,791,True,652.5,652.5,RECLINER,False,False,2023-01-24T13:05:40,DP0413202209024178M.tif,DP0413202209024203M.tif,,,https://www.jcpenney.com/p/safavieh-stefano-4-pc/ppr5008236692?pTmplType=regular&searchTerm=patio+and+outdoor+furniture&geoZip=55057,20251225,patio and outdoor furniture
Safavieh Elia Outdoor Collection 2-pc. Lounge Chair,ppr5008086439,,,840.0,840.0,840.0,840.0,ORIGINAL,False,False,available online only,False,False,original,False,True,"['# Pieces In Set: 2', 'Included: 2 Chair(s)', 'Features: Weather Resistant, Quick Ship, Stackable', 'Joinery: Screwed', 'Seating Capacity: 1']",0.0,0.0,ORIGINAL,False,False,79108110018,USD,safavieh,"[{'colorName': 'Distressed White', 'swatchImageId': 'DP0215202107030558S.tif', 'colorizedImageId': 'DP0215202107030549M.tif', 'colorSeqNum': 1, 'skuId': '79108110018', 'defaultSwatch': False, 'skuAltImages': [{'imgId': 'DP0215202107030566M.tif', 'colorSeq': 0}, {'imgId': 'DP0215202107030571M.tif', 'colorSeq': 1}, {'imgId': 'DP0215202107030562M.tif', 'colorSeq': 2}]}]",/p/safavieh-elia-outdoor-collection-2-pc-lounge-chair/ppr5008086439?pTmplType=regular&searchTerm=patio+and+outdoor+furniture&geoZip=55057,"[{'message': 'Online Only', 'icon': 'mouse'}, {'message': 'Available for Shipping', 'icon': 'check'}]",False,791,True,630.0,630.0,RECLINER,False,False,2021-02-15T22:04:30,DP0215202107030549M.tif,DP0215202107030566M.tif,,,https://www.jcpenney.com/p/safavieh-elia-outdoor-collection-2-pc-lounge-chair/ppr5008086439?pTmplType=regular&searchTerm=patio+and+outdoor+furniture&geoZip=55057,20251225,patio and outdoor furniture
Linum Home Textiles Chaise Lounge Cover Chair Protector,ppr5008609720,,,91.99,91.99,132.0,132.0,SALE,False,False,available online only,False,False,original,False,True,"['Features: Washable, Pocket', 'Measurements: 32 Width/Inches, 102 Length/Inches', 'Base Material: 100% Cotton', 'Fiber Content: 100% Cotton', 'Care: Tumble Dry, Machine Wash, Do Not Bleach']",0.0,0.0,SALE,False,False,70908640026,USD,more brands,"[{'colorName': 'Aqua', 'swatchImageId': 'DP0924202509043480S.tif', 'colorizedImageId': 'DP0924202509042853M.tif', 'colorSeqNum': 1, 'skuId': '70908640026', 'defaultSwatch': False, 'skuAltImages': [{'imgId': 'DP0924202509043167M.tif', 'colorSeq': 0}, {'imgId': 'DP0924202509042541M.tif', 'colorSeq': 1}]}]",/p/linum-home-textiles-chaise-lounge-cover-chair-protector/ppr5008609720?pTmplType=regular&searchTerm=patio+and+outdoor+furniture&geoZip=55057,"[{'message': 'Online Only', 'icon': 'mouse'}, {'message': 'Available for Shipping', 'icon': 'check'}]",False,709,True,64.39,64.39,YULETIDE,False,False,2025-09-24T22:03:13,DP0924202509042853M.tif,DP0924202509043167M.tif,,,https://www.jcpenney.com/p/linum-home-textiles-chaise-lounge-cover-chair-protector/ppr5008609720?pTmplType=regular&searchTerm=patio+and+outdoor+furniture&geoZip=55057,20251225,patio and outdoor furniture
Chair Hammock,ppr5008235274,,,550.0,550.0,550.0,550.0,ORIGINAL,False,False,available online only,False,False,original,False,True,"['Included: 1 Hammock(s), 1 Hammock Stand(s)', 'Features: Quick Ship, Lightweight', 'Manufacturer Warranty: 1 Year', 'Seating Capacity: 1', 'Tools Required: Screws (included), Allen Wrench (included)']",0.0,0.0,ORIGINAL,False,False,79115940018,USD,more brands,"[{'colorName': 'Light Brown Gray', 'swatchImageId': 'DP0413202209023941S.tif', 'colorizedImageId': 'DP1022202517054636M.tif', 'colorSeqNum': 1, 'skuId': '79115940018', 'defaultSwatch': False, 'skuAltImages': [{'imgId': 'DP1022202517054846M.tif', 'colorSeq': 0}, {'imgId': 'DP1022202517054741M.tif', 'colorSeq': 1}, {'imgId': 'DP0413202209023942M.tif', 'colorSeq': 3}]}]",/p/chair-hammock/ppr5008235274?pTmplType=regular&searchTerm=patio+and+outdoor+furniture&geoZip=55057,"[{'message': 'Online Only', 'icon': 'mouse'}, {'message': 'Available for Shipping', 'icon': 'check'}]",False,791,True,495.0,495.0,GIFTWRAP,False,False,2022-06-08T21:05:02,DP1022202517054636M.tif,DP1022202517054846M.tif,,,https://www.jcpenney.com/p/chair-hammock/ppr5008235274?pTmplType=regular&searchTerm=patio+and+outdoor+furniture&geoZip=55057,20251225,patio and outdoor furniture
Sunnydaze® 76-Inch Egg Chair Stand with Round Base,ppr5008102515,4.0,1.0,450.0,450.0,450.0,450.0,ORIGINAL,False,False,available online only,False,False,original,False,True,"['Included: 1 Set of Assembly Instructions, 1 Hammock Stand(s)', 'Features: Quick Ship', 'Manufacturer Warranty: 1 Year', 'Tools Required: Screws (included), Phillips Screwdriver (not Included)', 'Measurements: 42 Width/Inches, 76 Height/Inches, 38 Depth/Inches']",0.0,0.0,ORIGINAL,False,False,79112480018,USD,more brands,"[{'colorName': 'Black', 'swatchImageId': 'DP0210202213025818S.tif', 'colorizedImageId': 'DP0210202213025814M.tif', 'colorSeqNum': 1, 'skuId': '79112480018', 'defaultSwatch': False, 'skuAltImages': [{'imgId': 'DP0210202213025842M.tif', 'colorSeq': 0}, {'imgId': 'DP0210202213025838M.tif', 'colorSeq': 1}, {'imgId': 'DP0210202213025834M.tif', 'colorSeq': 2}]}]",/p/sunnydaze-76-inch-egg-chair-stand-with-round-base/ppr5008102515?pTmplType=regular&searchTerm=patio+and+outdoor+furniture&geoZip=55057,"[{'message': 'Online Only', 'icon': 'mouse'}, {'message': 'Available for Shipping', 'icon': 'check'}]",False,791,True,,,,False,False,2021-04-13T21:02:35,DP0210202213025814M.tif,DP0210202213025842M.tif,"[{'name': 'Few Left', 'priority': 1, 'urlParam': 'fewleft'}]",,https://www.jcpenney.com/p/sunnydaze-76-inch-egg-chair-stand-with-round-base/ppr5008102515?pTmplType=regular&searchTerm=patio+and+outdoor+furniture&geoZip=55057,20251225,patio and outdoor furniture
Safavieh Montclair Collection Bench,ppr5008091366,,,820.0,820.0,820.0,820.0,ORIGINAL,False,False,available online only,False,False,original,False,True,"['Included: 1 Seat Cushion(s), 1 Bench(es)', 'Features: Reversible Cushions, Quick Ship, Removable Cushion Covers, Weather Resistant', 'Joinery: Screwed, Nailed, Glued', 'Seating Capacity: 3', 'Tools Required: Allen Wrench (included), Screws (included)']",0.0,0.0,ORIGINAL,False,False,79108650018,USD,safavieh,"[{'colorName': 'Ash Grey Beige', 'swatchImageId': 'DP0302202115031231S.tif', 'colorizedImageId': 'DP0302202115031227M.tif', 'colorSeqNum': 1, 'skuId': '79108650018', 'defaultSwatch': False, 'skuAltImages': [{'imgId': 'DP0302202115031246M.tif', 'colorSeq': 0}, {'imgId': 'DP0302202115031242M.tif', 'colorSeq': 1}, {'imgId': 'DP0302202115031238M.tif', 'colorSeq': 2}]}]",/p/safavieh-montclair-collection-bench/ppr5008091366?pTmplType=regular&searchTerm=patio+and+outdoor+furniture&geoZip=55057,"[{'message': 'Online Only', 'icon': 'mouse'}, {'message': 'Available for Shipping', 'icon': 'check'}]",False,791,True,615.0,615.0,RECLINER,False,False,2022-02-15T17:05:24,DP0302202115031227M.tif,DP0302202115031246M.tif,,,https://www.jcpenney.com/p/safavieh-montclair-collection-bench/ppr5008091366?pTmplType=regular&searchTerm=patio+and+outdoor+furniture&geoZip=55057,20251225,patio and outdoor furniture
Safavieh Brentwood Outdoor Collection Bench,ppr5008214542,,,990.0,990.0,990.0,990.0,ORIGINAL,False,False,available online only,False,False,original,False,True,"['Included: 1 Bench(es)', 'Features: Weather Resistant, Quick Ship', 'Joinery: Nailed, Screwed, Glued', 'Seating Capacity: 3', 'Tools Required: Allen Wrench (included), Screws (included)']",0.0,0.0,ORIGINAL,False,False,79114590018,USD,safavieh,"[{'colorName': 'Antique White', 'swatchImageId': 'DP0204202207020836S.tif', 'colorizedImageId': 'DP0204202207020820M.tif', 'colorSeqNum': 1, 'skuId': '79114590018', 'defaultSwatch': False, 'skuAltImages': [{'imgId': 'DP0204202207020828M.tif', 'colorSeq': 0}, {'imgId': 'DP0204202207020804M.tif', 'colorSeq': 1}, {'imgId': 'DP0204202207020812M.tif', 'colorSeq': 2}]}, {'colorName': 'Dark Slate Grey', 'swatchImageId': 'DP0204202207020840S.tif', 'colorizedImageId': 'DP0204202207020824M.tif', 'colorSeqNum': 2, 'skuId': '79114590026', 'defaultSwatch': False, 'skuAltImages': [{'imgId': 'DP0204202207020832M.tif', 'colorSeq': 0}, {'imgId': 'DP0204202207020808M.tif', 'colorSeq': 1}, {'imgId': 'DP0204202207020816M.tif', 'colorSeq': 2}]}]",/p/safavieh-brentwood-outdoor-collection-bench/ppr5008214542?pTmplType=regular&searchTerm=patio+and+outdoor+furniture&geoZip=55057,"[{'message': 'Online Only', 'icon': 'mouse'}, {'message': 'Available for Shipping', 'icon': 'check'}]",False,791,True,742.5,742.5,RECLINER,False,False,2022-02-04T22:02:42,DP0204202207020820M.tif,DP0204202207020828M.tif,,,https://www.jcpenney.com/p/safavieh-brentwood-outdoor-collection-bench/ppr5008214542?pTmplType=regular&searchTerm=patio+and+outdoor+furniture&geoZip=55057,20251225,patio and outdoor furniture
Kinzie Patio Daybed,ppr5008376215,,,1960.0,1960.0,1960.0,1960.0,ORIGINAL,False,False,available online only,False,False,original,False,True,"['Included: 1 Chair(s)', 'Features: Upholstered', 'Manufacturer Warranty: 90 Days Limited', 'Seating Capacity: 2', 'Tools Required: Allen Wrench (included), Screws (included)']",0.0,0.0,ORIGINAL,False,False,79126570018,USD,more brands,"[{'colorName': 'Teak Dark Gray', 'swatchImageId': 'DP0705202307092152S.tif', 'colorizedImageId': 'DP0705202307091843M.tif', 'colorSeqNum': 1, 'skuId': '79126570018', 'defaultSwatch': False, 'skuAltImages': [{'imgId': 'DP0705202307091946M.tif', 'colorSeq': 0}, {'imgId': 'DP0705202307092049M.tif', 'colorSeq': 1}, {'imgId': 'DP0705202307091637M.tif', 'colorSeq': 2}]}]",/p/kinzie-patio-daybed/ppr5008376215?pTmplType=regular&searchTerm=patio+and+outdoor+furniture&geoZip=55057,"[{'message': 'Online Only', 'icon': 'mouse'}, {'message': 'Available for Shipping', 'icon': 'check'}]",False,791,True,1470.0,1470.0,RECLINER,False,False,2023-07-29T07:05:06,DP0705202307091843M.tif,DP0705202307091946M.tif,,,https://www.jcpenney.com/p/kinzie-patio-daybed/ppr5008376215?pTmplType=regular&searchTerm=patio+and+outdoor+furniture&geoZip=55057,20251225,patio and outdoor furniture
Signature Design by Ashley® Elite Park Patio Loveseat,ppr5008241762,5.0,1.0,2300.0,2300.0,2300.0,2300.0,ORIGINAL,False,False,available online only,False,False,original,False,True,"['Included: 2 Throw Pillow(s), 2 Seat Back Cushion(s), 2 Seat Cushion(s), 1 Loveseat(s)', 'Features: Weather Resistant', 'Joinery: Butt Joint, Screwed', 'Manufacturer Warranty: 1 Year Parts Limited', 'Seating Capacity: 2']",0.0,0.0,ORIGINAL,True,False,79117650018,USD,signature design by ashley,"[{'colorName': 'Gray', 'swatchImageId': 'DP0429202209012862S.tif', 'colorizedImageId': 'DP0429202209012858M.tif', 'colorSeqNum': 1, 'skuId': '79117650018', 'defaultSwatch': False, 'skuAltImages': [{'imgId': 'DP0429202209012861M.tif', 'colorSeq': 0}, {'imgId': 'DP0429202209012855M.tif', 'colorSeq': 1}, {'imgId': 'DP0429202209012856M.tif', 'colorSeq': 2}]}]",/p/signature-design-by-ashley-elite-park-patio-loveseat/ppr5008241762?pTmplType=regular&searchTerm=patio+and+outdoor+furniture&geoZip=55057,"[{'message': 'Online Only', 'icon': 'mouse'}, {'message': 'Available for Shipping', 'icon': 'check'}]",False,791,True,1725.0,1725.0,RECLINER,False,False,2022-04-29T22:03:33,DP0429202209012858M.tif,DP0429202209012861M.tif,,,https://www.jcpenney.com/p/signature-design-by-ashley-elite-park-patio-loveseat/ppr5008241762?pTmplType=regular&searchTerm=patio+and+outdoor+furniture&geoZip=55057,20251225,patio and outdoor furniture
Safavieh Zimmerman Patio Collection Patio Umbrella,ppr5008094068,,,370.0,370.0,370.0,370.0,ORIGINAL,False,False,available online only,False,False,original,False,True,"['Features: Weather Resistant, Collapsible, Uv Protection', 'Shape: Square', 'Measurements: 103.54 Height/Inches, 90 Width/Inches, 90 Depth/Inches', 'Weight (lb.): 13 Lb', 'Assembly: Assembly Required']",0.0,0.0,ORIGINAL,False,False,79109480067,USD,safavieh,"[{'colorName': 'Navy White', 'swatchImageId': 'DP0310202109020316S.tif', 'colorizedImageId': 'DP0310202109020303M.tif', 'colorSeqNum': 1, 'skuId': '79109480018', 'defaultSwatch': False, 'skuAltImages': [{'imgId': 'DP0310202109020345M.tif', 'colorSeq': 0}, {'imgId': 'DP0310202109020365M.tif', 'colorSeq': 1}, {'imgId': 'DP0310202109020354M.tif', 'colorSeq': 2}]}, {'colorName': 'Beige White', 'swatchImageId': 'DP0310202109020312S.tif', 'colorizedImageId': 'DP0310202109020298M.tif', 'colorSeqNum': 2, 'skuId': '79109480026', 'defaultSwatch': False, 'skuAltImages': [{'imgId': 'DP0310202109020361M.tif', 'colorSeq': 0}, {'imgId': 'DP0310202109020349M.tif', 'colorSeq': 1}, {'imgId': 'DP0310202109020336M.tif', 'colorSeq': 2}]}, {'colorName': 'White', 'swatchImageId': 'DP0310202109020320S.tif', 'colorizedImageId': 'DP0310202109020307M.tif', 'colorSeqNum': 3, 'skuId': '79109480034', 'defaultSwatch': False, 'skuAltImages': [{'imgId': 'DP0310202109020370M.tif', 'colorSeq': 0}, {'imgId': 'DP0310202109020358M.tif', 'colorSeq': 1}, {'imgId': 'DP0310202109020341M.tif', 'colorSeq': 2}]}, {'colorName': 'Dark Green White', 'swatchImageId': 'DP0903202407282021S.tif', 'colorizedImageId': 'DP0903202407281408M.tif', 'colorSeqNum': 4, 'skuId': '79109480042', 'defaultSwatch': False, 'skuAltImages': [{'imgId': 'DP0903202407281713M.tif', 'colorSeq': 0}, {'imgId': 'DP0903202407282326M.tif', 'colorSeq': 1}, {'imgId': 'DP0903202407281102M.tif', 'colorSeq': 2}]}, {'colorName': 'Grey White', 'swatchImageId': 'DP0903202407282122S.tif', 'colorizedImageId': 'DP0903202407281509M.tif', 'colorSeqNum': 5, 'skuId': '79109480059', 'defaultSwatch': False, 'skuAltImages': [{'imgId': 'DP0903202407281816M.tif', 'colorSeq': 0}, {'imgId': 'DP0903202407282428M.tif', 'colorSeq': 1}, {'imgId': 'DP0903202407281204M.tif', 'colorSeq': 2}]}, {'colorName': 'Red White Trim', 'swatchImageId': 'DP0903202407282224S.tif', 'colorizedImageId': 'DP0903202407281611M.tif', 'colorSeqNum': 6, 'skuId': '79109480067', 'defaultSwatch': False, 'skuAltImages': [{'imgId': 'DP0903202407281918M.tif', 'colorSeq': 0}, {'imgId': 'DP0903202407282530M.tif', 'colorSeq': 1}, {'imgId': 'DP0903202407281306M.tif', 'colorSeq': 2}]}]",/p/safavieh-zimmerman-patio-collection-patio-umbrella/ppr5008094068?pTmplType=regular&searchTerm=patio+and+outdoor+furniture&geoZip=55057,"[{'message': 'Online Only', 'icon': 'mouse'}, {'message': 'Available for Shipping', 'icon': 'check'}]",False,791,True,333.0,333.0,GIFTWRAP,False,False,2021-03-10T22:04:22,DP0310202109020303M.tif,DP0310202109020345M.tif,,,https://www.jcpenney.com/p/safavieh-zimmerman-patio-collection-patio-umbrella/ppr5008094068?pTmplType=regular&searchTerm=patio+and+outdoor+furniture&geoZip=55057,20251225,patio and outdoor furniture
Safavieh Milan Patio Collection Patio Umbrella,ppr5008094050,,,510.0,510.0,510.0,510.0,ORIGINAL,False,False,available online only,False,False,original,False,True,"['Features: Collapsible, Weather Resistant, Uv Protection', 'Shape: Octagon', 'Measurements: 105.51 Height/Inches, 130 Depth/Inches, 130 Width/Inches', 'Diameter: 11 Ft', 'Weight (lb.): 16 Lb']",0.0,0.0,ORIGINAL,False,False,79109300026,USD,safavieh,"[{'colorName': 'Navy White', 'swatchImageId': 'DP0310202109015380S.tif', 'colorizedImageId': 'DP0310202109015372M.tif', 'colorSeqNum': 1, 'skuId': '79109300018', 'defaultSwatch': False, 'skuAltImages': [{'imgId': 'DP0310202109015413M.tif', 'colorSeq': 0}, {'imgId': 'DP0310202109015397M.tif', 'colorSeq': 1}, {'imgId': 'DP0310202109015405M.tif', 'colorSeq': 2}]}, {'colorName': 'White', 'swatchImageId': 'DP0310202109015384S.tif', 'colorizedImageId': 'DP0310202109015376M.tif', 'colorSeqNum': 2, 'skuId': '79109300026', 'defaultSwatch': False, 'skuAltImages': [{'imgId': 'DP0310202109015416M.tif', 'colorSeq': 0}, {'imgId': 'DP0310202109015401M.tif', 'colorSeq': 1}, {'imgId': 'DP0310202109015409M.tif', 'colorSeq': 2}]}, {'colorName': 'Grey White', 'swatchImageId': 'DP0903202407251085S.tif', 'colorizedImageId': 'DP0903202407250474M.tif', 'colorSeqNum': 3, 'skuId': '79109300034', 'defaultSwatch': False, 'skuAltImages': [{'imgId': 'DP0903202407250779M.tif', 'colorSeq': 0}, {'imgId': 'DP0903202407250168M.tif', 'colorSeq': 1}, {'imgId': 'DP0903202407245863M.tif', 'colorSeq': 2}]}, {'colorName': 'Yellow White', 'swatchImageId': 'DP0903202407251288S.tif', 'colorizedImageId': 'DP0903202407250678M.tif', 'colorSeqNum': 4, 'skuId': '79109300042', 'defaultSwatch': False, 'skuAltImages': [{'imgId': 'DP0903202407250983M.tif', 'colorSeq': 0}, {'imgId': 'DP0903202407250371M.tif', 'colorSeq': 1}, {'imgId': 'DP0903202407250067M.tif', 'colorSeq': 2}]}, {'colorName': 'Red White', 'swatchImageId': 'DP0903202407251187S.tif', 'colorizedImageId': 'DP0903202407250575M.tif', 'colorSeqNum': 5, 'skuId': '79109300059', 'defaultSwatch': False, 'skuAltImages': [{'imgId': 'DP0903202407250881M.tif', 'colorSeq': 0}, {'imgId': 'DP0903202407250270M.tif', 'colorSeq': 1}, {'imgId': 'DP0903202407245965M.tif', 'colorSeq': 2}]}]",/p/safavieh-milan-patio-collection-patio-umbrella/ppr5008094050?pTmplType=regular&searchTerm=patio+and+outdoor+furniture&geoZip=55057,"[{'message': 'Online Only', 'icon': 'mouse'}, {'message': 'Available for Shipping', 'icon': 'check'}]",False,791,True,459.0,459.0,GIFTWRAP,False,False,2021-03-10T22:04:16,DP0310202109015372M.tif,DP0310202109015413M.tif,,,https://www.jcpenney.com/p/safavieh-milan-patio-collection-patio-umbrella/ppr5008094050?pTmplType=regular&searchTerm=patio+and+outdoor+furniture&geoZip=55057,20251225,patio and outdoor furniture
Safavieh Athens Patio Collection Patio Umbrella,ppr5008094056,,,540.0,540.0,540.0,540.0,ORIGINAL,False,False,available online only,False,False,original,False,True,"['Features: Collapsible', 'Shape: Octagon', 'Measurements: 101.18 Depth/Inches', 'Diameter: 9 Ft', 'Weight (lb.): 16 Lb']",0.0,0.0,ORIGINAL,False,False,79109360018,USD,safavieh,"[{'colorName': 'Navy White', 'swatchImageId': 'DP0310202109015678S.tif', 'colorizedImageId': 'DP0310202109015674M.tif', 'colorSeqNum': 1, 'skuId': '79109360018', 'defaultSwatch': False, 'skuAltImages': [{'imgId': 'DP0310202109015686M.tif', 'colorSeq': 0}, {'imgId': 'DP0310202109015693M.tif', 'colorSeq': 1}, {'imgId': 'DP0310202109015689M.tif', 'colorSeq': 2}]}, {'colorName': 'Beige White', 'swatchImageId': 'DP0903202407255360S.tif', 'colorizedImageId': 'DP0903202407254749M.tif', 'colorSeqNum': 2, 'skuId': '79109360026', 'defaultSwatch': False, 'skuAltImages': [{'imgId': 'DP0903202407255054M.tif', 'colorSeq': 0}, {'imgId': 'DP0903202407254442M.tif', 'colorSeq': 1}, {'imgId': 'DP0903202407254138M.tif', 'colorSeq': 2}]}, {'colorName': 'Baby Blue White', 'swatchImageId': 'DP0903202407255259S.tif', 'colorizedImageId': 'DP0903202407254647M.tif', 'colorSeqNum': 3, 'skuId': '79109360034', 'defaultSwatch': False, 'skuAltImages': [{'imgId': 'DP0903202407254953M.tif', 'colorSeq': 0}, {'imgId': 'DP0903202407254341M.tif', 'colorSeq': 1}, {'imgId': 'DP0903202407254035M.tif', 'colorSeq': 2}]}, {'colorName': 'Red White', 'swatchImageId': 'DP0903202407255461S.tif', 'colorizedImageId': 'DP0903202407254851M.tif', 'colorSeqNum': 4, 'skuId': '79109360042', 'defaultSwatch': False, 'skuAltImages': [{'imgId': 'DP0903202407255156M.tif', 'colorSeq': 0}, {'imgId': 'DP0903202407254544M.tif', 'colorSeq': 1}, {'imgId': 'DP0903202407254239M.tif', 'colorSeq': 2}]}]",/p/safavieh-athens-patio-collection-patio-umbrella/ppr5008094056?pTmplType=regular&searchTerm=patio+and+outdoor+furniture&geoZip=55057,"[{'message': 'Online Only', 'icon': 'mouse'}, {'message': 'Available for Shipping', 'icon': 'check'}]",False,791,True,486.0,486.0,GIFTWRAP,False,False,2021-03-10T22:04:18,DP0310202109015674M.tif,DP0310202109015686M.tif,,,https://www.jcpenney.com/p/safavieh-athens-patio-collection-patio-umbrella/ppr5008094056?pTmplType=regular&searchTerm=patio+and+outdoor+furniture&geoZip=55057,20251225,patio and outdoor furniture
Safavieh Athens Patio Collection Patio Umbrella,ppr5008094049,,,550.0,550.0,550.0,550.0,ORIGINAL,False,False,available online only,False,False,original,False,True,"['Features: Weather Resistant, Collapsible, Uv Protection', 'Shape: Octagon', 'Measurements: 105.51 Height/Inches, 130 Depth/Inches, 130 Width/Inches', 'Diameter: 11 Ft', 'Weight (lb.): 16 Lb']",0.0,0.0,ORIGINAL,False,False,79109290018,USD,safavieh,"[{'colorName': 'Navy White', 'swatchImageId': 'DP0310202109015353S.tif', 'colorizedImageId': 'DP0310202109015350M.tif', 'colorSeqNum': 1, 'skuId': '79109290018', 'defaultSwatch': False, 'skuAltImages': [{'imgId': 'DP0310202109015368M.tif', 'colorSeq': 0}, {'imgId': 'DP0310202109015361M.tif', 'colorSeq': 1}, {'imgId': 'DP0310202109015364M.tif', 'colorSeq': 2}]}, {'colorName': 'Beige', 'swatchImageId': 'DP0903202407245660S.tif', 'colorizedImageId': 'DP0903202407245051M.tif', 'colorSeqNum': 2, 'skuId': '79109290026', 'defaultSwatch': False, 'skuAltImages': [{'imgId': 'DP0903202407245355M.tif', 'colorSeq': 0}, {'imgId': 'DP0903202407244746M.tif', 'colorSeq': 1}, {'imgId': 'DP0903202407244440M.tif', 'colorSeq': 2}]}, {'colorName': 'Red White', 'swatchImageId': 'DP0903202407245762S.tif', 'colorizedImageId': 'DP0903202407245152M.tif', 'colorSeqNum': 4, 'skuId': '79109290042', 'defaultSwatch': False, 'skuAltImages': [{'imgId': 'DP0903202407245457M.tif', 'colorSeq': 0}, {'imgId': 'DP0903202407244847M.tif', 'colorSeq': 1}, {'imgId': 'DP0903202407244542M.tif', 'colorSeq': 2}]}]",/p/safavieh-athens-patio-collection-patio-umbrella/ppr5008094049?pTmplType=regular&searchTerm=patio+and+outdoor+furniture&geoZip=55057,"[{'message': 'Online Only', 'icon': 'mouse'}, {'message': 'Available for Shipping', 'icon': 'check'}]",False,791,True,495.0,495.0,GIFTWRAP,False,False,2021-03-10T22:04:16,DP0310202109015350M.tif,DP0310202109015368M.tif,,,https://www.jcpenney.com/p/safavieh-athens-patio-collection-patio-umbrella/ppr5008094049?pTmplType=regular&searchTerm=patio+and+outdoor+furniture&geoZip=55057,20251225,patio and outdoor furniture
Safavieh Elsa Collection Patio Umbrella,ppr5008094069,,,390.0,390.0,390.0,390.0,ORIGINAL,False,False,available online only,False,False,original,False,True,"['Features: Uv Protection, Collapsible, Weather Resistant', 'Shape: Square', 'Measurements: 103.54 Height/Inches, 90 Width/Inches, 90 Depth/Inches', 'Weight (lb.): 13 Lb', 'Assembly: Assembly Required']",0.0,0.0,ORIGINAL,False,False,79109490026,USD,safavieh,"[{'colorName': 'Black White', 'swatchImageId': 'DP0310202109020381S.tif', 'colorizedImageId': 'DP0310202109020373M.tif', 'colorSeqNum': 1, 'skuId': '79109490018', 'defaultSwatch': False, 'skuAltImages': [{'imgId': 'DP0310202109020397M.tif', 'colorSeq': 0}, {'imgId': 'DP0310202109020416M.tif', 'colorSeq': 1}, {'imgId': 'DP0310202109020407M.tif', 'colorSeq': 2}]}, {'colorName': 'Navy White', 'swatchImageId': 'DP0310202109020385S.tif', 'colorizedImageId': 'DP0310202109020377M.tif', 'colorSeqNum': 2, 'skuId': '79109490026', 'defaultSwatch': False, 'skuAltImages': [{'imgId': 'DP0310202109020402M.tif', 'colorSeq': 0}, {'imgId': 'DP0310202109020420M.tif', 'colorSeq': 1}, {'imgId': 'DP0310202109020412M.tif', 'colorSeq': 2}]}]",/p/safavieh-elsa-collection-patio-umbrella/ppr5008094069?pTmplType=regular&searchTerm=patio+and+outdoor+furniture&geoZip=55057,"[{'message': 'Online Only', 'icon': 'mouse'}, {'message': 'Available for Shipping', 'icon': 'check'}]",False,791,True,351.0,351.0,GIFTWRAP,False,False,2021-03-10T22:04:22,DP0310202109020373M.tif,DP0310202109020397M.tif,,,https://www.jcpenney.com/p/safavieh-elsa-collection-patio-umbrella/ppr5008094069?pTmplType=regular&searchTerm=patio+and+outdoor+furniture&geoZip=55057,20251225,patio and outdoor furniture
Safavieh Hurst Patio Collection Patio Umbrella,ppr5008094032,,,310.0,310.0,310.0,310.0,ORIGINAL,False,False,available online only,False,False,original,False,True,"['Features: Weather Resistant, Collapsible, Uv Protection', 'Shape: Octagon', 'Measurements: 103.15 Width/Inches, 103.15 Depth/Inches, 92.12 Height/Inches', 'Diameter: 9 Ft', 'Weight (lb.): 13 Lb']",0.0,0.0,ORIGINAL,False,False,79109120018,USD,safavieh,"[{'colorName': 'Beige', 'swatchImageId': 'DP0310202107032323S.tif', 'colorizedImageId': 'DP0310202107032315M.tif', 'colorSeqNum': 1, 'skuId': '79109120018', 'defaultSwatch': False, 'skuAltImages': [{'imgId': 'DP0310202107032356M.tif', 'colorSeq': 0}, {'imgId': 'DP0310202107032348M.tif', 'colorSeq': 1}, {'imgId': 'DP0310202107032340M.tif', 'colorSeq': 2}]}, {'colorName': 'Natural', 'swatchImageId': 'DP0310202107032327S.tif', 'colorizedImageId': 'DP0310202107032318M.tif', 'colorSeqNum': 2, 'skuId': '79109120026', 'defaultSwatch': False, 'skuAltImages': [{'imgId': 'DP0310202107032352M.tif', 'colorSeq': 0}, {'imgId': 'DP0310202107032344M.tif', 'colorSeq': 1}, {'imgId': 'DP0310202107032335M.tif', 'colorSeq': 2}]}]",/p/safavieh-hurst-patio-collection-patio-umbrella/ppr5008094032?pTmplType=regular&searchTerm=patio+and+outdoor+furniture&geoZip=55057,"[{'message': 'Online Only', 'icon': 'mouse'}, {'message': 'Available for Shipping', 'icon': 'check'}]",False,791,True,279.0,279.0,GIFTWRAP,False,False,2021-03-10T22:04:04,DP0310202107032315M.tif,DP0310202107032356M.tif,,,https://www.jcpenney.com/p/safavieh-hurst-patio-collection-patio-umbrella/ppr5008094032?pTmplType=regular&searchTerm=patio+and+outdoor+furniture&geoZip=55057,20251225,patio and outdoor furniture
Chair Hammock,ppr5008235272,,,190.0,190.0,190.0,190.0,ORIGINAL,False,False,available online only,False,False,original,False,True,"['Included: 1 Hammock(s)', 'Features: Quick Ship, Portable', 'Manufacturer Warranty: 1 Year', 'Seating Capacity: 2', 'Measurements: 1 Height/Inches, 55 Depth/Inches, 132 Width/Inches']",0.0,0.0,ORIGINAL,False,False,79115920018,USD,more brands,"[{'colorName': 'Red', 'swatchImageId': 'DP0413202209023909S.tif', 'colorizedImageId': 'DP0413202209023906M.tif', 'colorSeqNum': 1, 'skuId': '79115920018', 'defaultSwatch': False, 'skuAltImages': [{'imgId': 'DP0413202209023924M.tif', 'colorSeq': 0}, {'imgId': 'DP0413202209023922M.tif', 'colorSeq': 1}, {'imgId': 'DP0413202209023919M.tif', 'colorSeq': 2}]}]",/p/chair-hammock/ppr5008235272?pTmplType=regular&searchTerm=patio+and+outdoor+furniture&geoZip=55057,"[{'message': 'Online Only', 'icon': 'mouse'}, {'message': 'Available for Shipping', 'icon': 'check'}]",False,791,True,171.0,171.0,GIFTWRAP,False,False,2022-06-24T15:03:58,DP0413202209023906M.tif,DP0413202209023924M.tif,,,https://www.jcpenney.com/p/chair-hammock/ppr5008235272?pTmplType=regular&searchTerm=patio+and+outdoor+furniture&geoZip=55057,20251225,patio and outdoor furniture
Chair Hammock,ppr5008235263,5.0,1.0,410.0,410.0,410.0,410.0,ORIGINAL,False,False,available online only,False,False,original,False,True,"['Included: 1 Hammock Stand(s), 1 Hammock(s)', 'Features: Adjustable Height, Quick Ship', 'Manufacturer Warranty: 1 Year', 'Seating Capacity: 1', 'Measurements: 93 Height/Inches, 47 Width/Inches, 53 Depth/Inches']",0.0,0.0,ORIGINAL,False,False,79115840018,USD,more brands,"[{'colorName': 'Red Black', 'swatchImageId': 'DP1011202515032951S.tif', 'colorizedImageId': 'DP1011202515032847M.tif', 'colorSeqNum': 1, 'skuId': '79115840018', 'defaultSwatch': False, 'skuAltImages': [{'imgId': 'DP1011202515033161M.tif', 'colorSeq': 0}, {'imgId': 'DP1011202515033056M.tif', 'colorSeq': 1}, {'imgId': 'DP1011202515032742M.tif', 'colorSeq': 2}]}]",/p/chair-hammock/ppr5008235263?pTmplType=regular&searchTerm=patio+and+outdoor+furniture&geoZip=55057,"[{'message': 'Online Only', 'icon': 'mouse'}, {'message': 'Available for Shipping', 'icon': 'check'}]",False,791,True,369.0,369.0,GIFTWRAP,False,False,2022-05-24T15:05:00,DP1011202515032847M.tif,DP1011202515033161M.tif,,,https://www.jcpenney.com/p/chair-hammock/ppr5008235263?pTmplType=regular&searchTerm=patio+and+outdoor+furniture&geoZip=55057,20251225,patio and outdoor furniture
Steel U-Shape Hanging Chair Hammock Stand,ppr5008235247,5.0,1.0,450.0,450.0,450.0,450.0,ORIGINAL,False,False,available online only,False,False,original,False,True,"['Included: 1 Hammock(s)', 'Features: Quick Ship, Weather Resistant', 'Manufacturer Warranty: 1 Year', 'Seating Capacity: 2', 'Tools Required: Allen Wrench (included), Screws (included)']",0.0,0.0,ORIGINAL,False,False,79115680018,USD,more brands,"[{'colorName': 'Black', 'swatchImageId': 'DP0413202209023376S.tif', 'colorizedImageId': 'DP0413202209023374M.tif', 'colorSeqNum': 1, 'skuId': '79115680018', 'defaultSwatch': False, 'skuAltImages': [{'imgId': 'DP0413202209023387M.tif', 'colorSeq': 0}, {'imgId': 'DP0413202209023385M.tif', 'colorSeq': 1}, {'imgId': 'DP0413202209023382M.tif', 'colorSeq': 2}]}]",/p/steel-u-shape-hanging-chair-hammock-stand/ppr5008235247?pTmplType=regular&searchTerm=patio+and+outdoor+furniture&geoZip=55057,"[{'message': 'Online Only', 'icon': 'mouse'}, {'message': 'Available for Shipping', 'icon': 'check'}]",False,791,True,405.0,405.0,GIFTWRAP,False,False,2022-06-20T19:05:49,DP0413202209023374M.tif,DP0413202209023387M.tif,,,https://www.jcpenney.com/p/steel-u-shape-hanging-chair-hammock-stand/ppr5008235247?pTmplType=regular&searchTerm=patio+and+outdoor+furniture&geoZip=55057,20251225,patio and outdoor furniture
Safavieh Bethel Patio Collection Bar Stool,ppr5008088365,,,680.0,680.0,680.0,680.0,ORIGINAL,False,False,available online only,False,False,original,False,True,"['Included: 1 Stool(s)', 'Features: Weather Resistant, Quick Ship', 'Joinery: Screwed, Welded Joint', 'Seating Capacity: 1', 'Measurements: 43.5 Height/Inches, 21.3 Width/Inches, 21.3 Depth/Inches']",0.0,0.0,ORIGINAL,False,False,79101440026,USD,safavieh,"[{'colorName': 'White', 'swatchImageId': 'DP0224202107044959S.tif', 'colorizedImageId': 'DP0224202107044952M.tif', 'colorSeqNum': 1, 'skuId': '79101440026', 'defaultSwatch': False, 'skuAltImages': [{'imgId': 'DP0224202107044999M.tif', 'colorSeq': 0}, {'imgId': 'DP0224202107044982M.tif', 'colorSeq': 1}, {'imgId': 'DP0224202107044974M.tif', 'colorSeq': 2}]}, {'colorName': 'Grey', 'swatchImageId': 'DP0224202107044955S.tif', 'colorizedImageId': 'DP0224202107044948M.tif', 'colorSeqNum': 2, 'skuId': '79101440034', 'defaultSwatch': False, 'skuAltImages': [{'imgId': 'DP0224202107044995M.tif', 'colorSeq': 0}, {'imgId': 'DP0224202107044978M.tif', 'colorSeq': 1}, {'imgId': 'DP0224202107044971M.tif', 'colorSeq': 2}]}, {'colorName': 'Black', 'swatchImageId': 'DP0903202407125210S.tif', 'colorizedImageId': 'DP0903202407124803M.tif', 'colorSeqNum': 3, 'skuId': '79101440042', 'defaultSwatch': False, 'skuAltImages': [{'imgId': 'DP0903202407125007M.tif', 'colorSeq': 0}, {'imgId': 'DP0903202407124395M.tif', 'colorSeq': 1}, {'imgId': 'DP0903202407125617M.tif', 'colorSeq': 2}]}, {'colorName': 'Brown', 'swatchImageId': 'DP0903202407125312S.tif', 'colorizedImageId': 'DP0903202407124905M.tif', 'colorSeqNum': 4, 'skuId': '79101440059', 'defaultSwatch': False, 'skuAltImages': [{'imgId': 'DP0903202407125109M.tif', 'colorSeq': 0}, {'imgId': 'DP0903202407124497M.tif', 'colorSeq': 1}, {'imgId': 'DP0903202407125719M.tif', 'colorSeq': 2}]}]",/p/safavieh-bethel-patio-collection-bar-stool/ppr5008088365?pTmplType=regular&searchTerm=patio+and+outdoor+furniture&geoZip=55057,"[{'message': 'Online Only', 'icon': 'mouse'}, {'message': 'Available for Shipping', 'icon': 'check'}]",False,791,True,612.0,612.0,GIFTWRAP,False,False,2021-02-24T22:04:49,DP0224202107044952M.tif,DP0224202107044999M.tif,,,https://www.jcpenney.com/p/safavieh-bethel-patio-collection-bar-stool/ppr5008088365?pTmplType=regular&searchTerm=patio+and+outdoor+furniture&geoZip=55057,20251225,patio and outdoor furniture
Safavieh Tilden Bar Stool,ppr5008341761,,,620.0,620.0,620.0,620.0,ORIGINAL,False,False,available online only,False,False,original,False,True,"['Included: 1 Stool(s)', 'Features: Armless', 'Joinery: Cam And Bolt Lock', 'Seating Capacity: 1', 'Measurements: 22.8 Width/Inches, 17 Depth/Inches, 46 Height/Inches']",0.0,0.0,ORIGINAL,False,False,79122830018,USD,safavieh,"[{'colorName': 'Black White', 'swatchImageId': 'DP0317202307262934S.tif', 'colorizedImageId': 'DP0317202307262623M.tif', 'colorSeqNum': 1, 'skuId': '79122830018', 'defaultSwatch': False, 'skuAltImages': [{'imgId': 'DP0317202307262727M.tif', 'colorSeq': 0}, {'imgId': 'DP0317202307262831M.tif', 'colorSeq': 1}, {'imgId': 'DP0317202307263037M.tif', 'colorSeq': 2}]}]",/p/safavieh-tilden-bar-stool/ppr5008341761?pTmplType=regular&searchTerm=patio+and+outdoor+furniture&geoZip=55057,"[{'message': 'Online Only', 'icon': 'mouse'}, {'message': 'Available for Shipping', 'icon': 'check'}]",False,791,True,558.0,558.0,GIFTWRAP,False,False,2023-03-17T22:03:25,DP0317202307262623M.tif,DP0317202307262727M.tif,,,https://www.jcpenney.com/p/safavieh-tilden-bar-stool/ppr5008341761?pTmplType=regular&searchTerm=patio+and+outdoor+furniture&geoZip=55057,20251225,patio and outdoor furniture
Salem 4-pc. Lounge Chair,ppr5008376403,,,2800.0,2800.0,2800.0,2800.0,ORIGINAL,False,False,available online only,False,False,original,False,True,"['# Pieces In Set: 4', 'Included: 4 Chair(s)', 'Features: 4 Legs', 'Manufacturer Warranty: 90 Days Limited', 'Seating Capacity: 4']",0.0,0.0,ORIGINAL,False,False,79127730018,USD,more brands,"[{'colorName': 'Gray', 'swatchImageId': 'DP0706202307311808S.tif', 'colorizedImageId': 'DP0706202307311705M.tif', 'colorSeqNum': 1, 'skuId': '79127730018', 'defaultSwatch': False, 'skuAltImages': [{'imgId': 'DP0706202307312013M.tif', 'colorSeq': 0}, {'imgId': 'DP0706202307312116M.tif', 'colorSeq': 1}, {'imgId': 'DP0706202307312219M.tif', 'colorSeq': 2}]}]",/p/salem-4-pc-lounge-chair/ppr5008376403?pTmplType=regular&searchTerm=patio+and+outdoor+furniture&geoZip=55057,"[{'message': 'Online Only', 'icon': 'mouse'}, {'message': 'Available for Shipping', 'icon': 'check'}]",False,791,True,2100.0,2100.0,RECLINER,False,False,2023-07-10T07:08:27,DP0706202307311705M.tif,DP0706202307312013M.tif,,,https://www.jcpenney.com/p/salem-4-pc-lounge-chair/ppr5008376403?pTmplType=regular&searchTerm=patio+and+outdoor+furniture&geoZip=55057,20251225,patio and outdoor furniture
Salem Adjustable 2-pc. Lounge Chair,ppr5008376400,,,1320.0,1320.0,1320.0,1320.0,ORIGINAL,False,False,available online only,False,False,original,False,True,"['# Pieces In Set: 2', 'Included: 2 Chair(s)', 'Features: Water Resistant, Easy Clean, 4 Legs, Adjustable', 'Manufacturer Warranty: 90 Days Limited', 'Seating Capacity: 2']",0.0,0.0,ORIGINAL,False,False,79127700018,USD,more brands,"[{'colorName': 'Mix Mocha', 'swatchImageId': 'DP0706202307304920S.tif', 'colorizedImageId': 'DP0706202307304817M.tif', 'colorSeqNum': 1, 'skuId': '79127700018', 'defaultSwatch': False, 'skuAltImages': [{'imgId': 'DP0706202307305127M.tif', 'colorSeq': 0}, {'imgId': 'DP0706202307305230M.tif', 'colorSeq': 1}, {'imgId': 'DP0706202307305333M.tif', 'colorSeq': 2}]}]",/p/salem-adjustable-2-pc-lounge-chair/ppr5008376400?pTmplType=regular&searchTerm=patio+and+outdoor+furniture&geoZip=55057,"[{'message': 'Online Only', 'icon': 'mouse'}, {'message': 'Available for Shipping', 'icon': 'check'}]",False,791,True,990.0,990.0,RECLINER,False,False,2023-07-10T07:08:27,DP0706202307304817M.tif,DP0706202307305127M.tif,,,https://www.jcpenney.com/p/salem-adjustable-2-pc-lounge-chair/ppr5008376400?pTmplType=regular&searchTerm=patio+and+outdoor+furniture&geoZip=55057,20251225,patio and outdoor furniture
Thira Adjustable Lounge Chair,ppr5008376388,,,960.0,960.0,960.0,960.0,ORIGINAL,False,False,available online only,False,False,original,False,True,"['Included: 1 Chair(s)', 'Features: Adjustable, 4 Legs, Water Resistant, Easy Clean', 'Manufacturer Warranty: 90 Days Limited', 'Seating Capacity: 1', 'Chair Measurements: 79.25 Width/Inches, 26 Height/Inches, 27.5 Depth/Inches']",0.0,0.0,ORIGINAL,False,False,79127580018,USD,more brands,"[{'colorName': 'Mix Mocha', 'swatchImageId': 'DP0706202307285782S.tif', 'colorizedImageId': 'DP0706202307285679M.tif', 'colorSeqNum': 1, 'skuId': '79127580018', 'defaultSwatch': False, 'skuAltImages': [{'imgId': 'DP0706202307285990M.tif', 'colorSeq': 0}, {'imgId': 'DP0706202307290091M.tif', 'colorSeq': 1}, {'imgId': 'DP0706202307290194M.tif', 'colorSeq': 2}]}]",/p/thira-adjustable-lounge-chair/ppr5008376388?pTmplType=regular&searchTerm=patio+and+outdoor+furniture&geoZip=55057,"[{'message': 'Online Only', 'icon': 'mouse'}, {'message': 'Available for Shipping', 'icon': 'check'}]",False,791,True,720.0,720.0,RECLINER,False,False,2023-08-10T17:10:15,DP0706202307285679M.tif,DP0706202307285990M.tif,,,https://www.jcpenney.com/p/thira-adjustable-lounge-chair/ppr5008376388?pTmplType=regular&searchTerm=patio+and+outdoor+furniture&geoZip=55057,20251225,patio and outdoor furniture
Liam 4-pc. Lounge Chair,ppr5008376383,,,2965.0,2965.0,2965.0,2965.0,ORIGINAL,False,False,available online only,False,False,original,False,True,"['# Pieces In Set: 4', 'Included: 4 Chair(s)', 'Features: Easy Clean, Removable Cushions, 4 Legs', 'Manufacturer Warranty: 90 Days Limited', 'Seating Capacity: 4']",0.0,0.0,ORIGINAL,False,False,79127530018,USD,more brands,"[{'colorName': 'Gray', 'swatchImageId': 'DP0706202307280727S.tif', 'colorizedImageId': 'DP0706202307280623M.tif', 'colorSeqNum': 1, 'skuId': '79127530018', 'defaultSwatch': False, 'skuAltImages': [{'imgId': 'DP0706202307280932M.tif', 'colorSeq': 0}, {'imgId': 'DP0706202307281035M.tif', 'colorSeq': 1}, {'imgId': 'DP0706202307281138M.tif', 'colorSeq': 2}]}]",/p/liam-4-pc-lounge-chair/ppr5008376383?pTmplType=regular&searchTerm=patio+and+outdoor+furniture&geoZip=55057,"[{'message': 'Online Only', 'icon': 'mouse'}, {'message': 'Available for Shipping', 'icon': 'check'}]",False,791,True,2223.75,2223.75,RECLINER,False,False,2023-07-10T07:08:27,DP0706202307280623M.tif,DP0706202307280932M.tif,,,https://www.jcpenney.com/p/liam-4-pc-lounge-chair/ppr5008376383?pTmplType=regular&searchTerm=patio+and+outdoor+furniture&geoZip=55057,20251225,patio and outdoor furniture
Hanlee Folding Adriondack Chair,ppr5008376341,,,340.0,340.0,340.0,340.0,ORIGINAL,False,False,available online only,False,False,original,False,True,"['Included: 1 Chair(s)', 'Features: Folding', 'Manufacturer Warranty: 90 Days Limited', 'Seating Capacity: 1', 'Tools Required: Allen Wrench (included), Screws (included), Phillips Screwdriver (included)']",0.0,0.0,ORIGINAL,False,False,79127150018,USD,more brands,"[{'colorName': 'Gray', 'swatchImageId': 'DP0705202307191983S.tif', 'colorizedImageId': 'DP0705202307191570M.tif', 'colorSeqNum': 1, 'skuId': '79127150018', 'defaultSwatch': False, 'skuAltImages': [{'imgId': 'DP0705202307191673M.tif', 'colorSeq': 0}, {'imgId': 'DP0705202307191776M.tif', 'colorSeq': 1}, {'imgId': 'DP0705202307191467M.tif', 'colorSeq': 2}]}]",/p/hanlee-folding-adriondack-chair/ppr5008376341?pTmplType=regular&searchTerm=patio+and+outdoor+furniture&geoZip=55057,"[{'message': 'Online Only', 'icon': 'mouse'}, {'message': 'Available for Shipping', 'icon': 'check'}]",False,791,True,306.0,306.0,GIFTWRAP,False,False,2023-07-10T07:08:28,DP0705202307191570M.tif,DP0705202307191673M.tif,,,https://www.jcpenney.com/p/hanlee-folding-adriondack-chair/ppr5008376341?pTmplType=regular&searchTerm=patio+and+outdoor+furniture&geoZip=55057,20251225,patio and outdoor furniture
Hanlee Folding Adriondack Chair,ppr5008376338,,,340.0,340.0,340.0,340.0,ORIGINAL,False,False,available online only,False,False,original,False,True,"['Included: 1 Chair(s)', 'Features: Folding', 'Manufacturer Warranty: 90 Days Limited', 'Seating Capacity: 1', 'Tools Required: Screws (included), Phillips Screwdriver (included), Allen Wrench (included)']",0.0,0.0,ORIGINAL,False,False,79127140018,USD,more brands,"[{'colorName': 'Dark Gray', 'swatchImageId': 'DP0705202307190950S.tif', 'colorizedImageId': 'DP0705202307190538M.tif', 'colorSeqNum': 1, 'skuId': '79127140018', 'defaultSwatch': False, 'skuAltImages': [{'imgId': 'DP0705202307190641M.tif', 'colorSeq': 0}, {'imgId': 'DP0705202307190744M.tif', 'colorSeq': 1}, {'imgId': 'DP0705202307190435M.tif', 'colorSeq': 2}]}]",/p/hanlee-folding-adriondack-chair/ppr5008376338?pTmplType=regular&searchTerm=patio+and+outdoor+furniture&geoZip=55057,"[{'message': 'Online Only', 'icon': 'mouse'}, {'message': 'Available for Shipping', 'icon': 'check'}]",False,791,True,306.0,306.0,GIFTWRAP,False,False,2023-07-10T07:08:27,DP0705202307190538M.tif,DP0705202307190641M.tif,,,https://www.jcpenney.com/p/hanlee-folding-adriondack-chair/ppr5008376338?pTmplType=regular&searchTerm=patio+and+outdoor+furniture&geoZip=55057,20251225,patio and outdoor furniture
Hanlee Folding Adriondack Chair,ppr5008376336,,,360.0,360.0,360.0,360.0,ORIGINAL,False,False,available online only,False,False,original,False,True,"['Included: 1 Chair(s)', 'Features: Folding', 'Manufacturer Warranty: 90 Days Limited', 'Seating Capacity: 1', 'Tools Required: Allen Wrench (included), Phillips Screwdriver (included), Screws (included)']",0.0,0.0,ORIGINAL,False,False,79127120018,USD,more brands,"[{'colorName': 'White', 'swatchImageId': 'DP0705202307184887S.tif', 'colorizedImageId': 'DP0705202307184475M.tif', 'colorSeqNum': 1, 'skuId': '79127120018', 'defaultSwatch': False, 'skuAltImages': [{'imgId': 'DP0705202307184578M.tif', 'colorSeq': 0}, {'imgId': 'DP0705202307184681M.tif', 'colorSeq': 1}, {'imgId': 'DP0705202307184372M.tif', 'colorSeq': 2}]}]",/p/hanlee-folding-adriondack-chair/ppr5008376336?pTmplType=regular&searchTerm=patio+and+outdoor+furniture&geoZip=55057,"[{'message': 'Online Only', 'icon': 'mouse'}, {'message': 'Available for Shipping', 'icon': 'check'}]",False,791,True,324.0,324.0,GIFTWRAP,False,False,2023-07-10T07:08:28,DP0705202307184475M.tif,DP0705202307184578M.tif,,,https://www.jcpenney.com/p/hanlee-folding-adriondack-chair/ppr5008376336?pTmplType=regular&searchTerm=patio+and+outdoor+furniture&geoZip=55057,20251225,patio and outdoor furniture
Benhill 4-pc.,ppr5008342396,,,1250.0,1250.0,1250.0,1250.0,ORIGINAL,False,False,available online only,False,False,original,False,True,"['# Pieces In Set: 4', 'Included: 4 Chair(s)', 'Features: Stackable, Quick Ship, 4 Legs', 'Seating Capacity: 4', 'Tools Required: Screws (included), Allen Wrench (included)']",0.0,0.0,ORIGINAL,False,False,79123030018,USD,more brands,"[{'colorName': 'Multibrown', 'swatchImageId': 'DP0317202307311551S.tif', 'colorizedImageId': 'DP0317202307311240M.tif', 'colorSeqNum': 1, 'skuId': '79123030018', 'defaultSwatch': False, 'skuAltImages': [{'imgId': 'DP0317202307311344M.tif', 'colorSeq': 0}, {'imgId': 'DP0317202307311656M.tif', 'colorSeq': 1}, {'imgId': 'DP0317202307311032M.tif', 'colorSeq': 2}]}]",/p/benhill-4-pc/ppr5008342396?pTmplType=regular&searchTerm=patio+and+outdoor+furniture&geoZip=55057,"[{'message': 'Online Only', 'icon': 'mouse'}, {'message': 'Available for Shipping', 'icon': 'check'}]",False,791,True,937.5,937.5,RECLINER,False,False,2023-03-17T22:03:34,DP0317202307311240M.tif,DP0317202307311344M.tif,,,https://www.jcpenney.com/p/benhill-4-pc/ppr5008342396?pTmplType=regular&searchTerm=patio+and+outdoor+furniture&geoZip=55057,20251225,patio and outdoor furniture
Perla Adjustable Lounge Chair,ppr5008336638,,,730.0,730.0,730.0,730.0,ORIGINAL,False,False,available online only,False,False,original,False,True,"['Included: 1 Chair(s)', 'Features: Adjustable, 4 Legs, Quick Ship', 'Seating Capacity: 1', 'Tools Required: Allen Wrench (included), Screws (included)', 'Chair Measurements: 22 Height/Inches, 79 Width/Inches, 30 Depth/Inches']",0.0,0.0,ORIGINAL,False,False,79122350018,USD,more brands,"[{'colorName': 'Brown', 'swatchImageId': 'DP0314202309272454S.tif', 'colorizedImageId': 'DP0314202309272016M.tif', 'colorSeqNum': 1, 'skuId': '79122350018', 'defaultSwatch': False, 'skuAltImages': [{'imgId': 'DP0314202309272120M.tif', 'colorSeq': 0}, {'imgId': 'DP0314202309272224M.tif', 'colorSeq': 1}, {'imgId': 'DP0314202309271808M.tif', 'colorSeq': 2}]}]",/p/perla-adjustable-lounge-chair/ppr5008336638?pTmplType=regular&searchTerm=patio+and+outdoor+furniture&geoZip=55057,"[{'message': 'Online Only', 'icon': 'mouse'}, {'message': 'Available for Shipping', 'icon': 'check'}]",False,791,True,657.0,657.0,GIFTWRAP,False,False,2023-03-14T22:10:05,DP0314202309272016M.tif,DP0314202309272120M.tif,,,https://www.jcpenney.com/p/perla-adjustable-lounge-chair/ppr5008336638?pTmplType=regular&searchTerm=patio+and+outdoor+furniture&geoZip=55057,20251225,patio and outdoor furniture
Perla Adjustable Lounge Chair,ppr5008336637,,,930.0,930.0,930.0,930.0,ORIGINAL,False,False,available online only,False,False,original,False,True,"['Included: 1 Seat Cushion(s), 1 Chair(s)', 'Features: Quick Ship, Adjustable, 4 Legs', 'Seating Capacity: 1', 'Tools Required: Allen Wrench (included), Screws (included)', 'Chair Measurements: 30 Depth/Inches, 79 Width/Inches, 22 Height/Inches']",0.0,0.0,ORIGINAL,False,False,79122340018,USD,more brands,"[{'colorName': 'Cream', 'swatchImageId': 'DP0314202309271392S.tif', 'colorizedImageId': 'DP0314202309270976M.tif', 'colorSeqNum': 1, 'skuId': '79122340018', 'defaultSwatch': False, 'skuAltImages': [{'imgId': 'DP0314202309271081M.tif', 'colorSeq': 0}, {'imgId': 'DP0314202309271185M.tif', 'colorSeq': 1}, {'imgId': 'DP0314202309270767M.tif', 'colorSeq': 2}]}]",/p/perla-adjustable-lounge-chair/ppr5008336637?pTmplType=regular&searchTerm=patio+and+outdoor+furniture&geoZip=55057,"[{'message': 'Online Only', 'icon': 'mouse'}, {'message': 'Available for Shipping', 'icon': 'check'}]",False,791,True,697.5,697.5,RECLINER,False,False,2023-03-14T22:10:05,DP0314202309270976M.tif,DP0314202309271081M.tif,,,https://www.jcpenney.com/p/perla-adjustable-lounge-chair/ppr5008336637?pTmplType=regular&searchTerm=patio+and+outdoor+furniture&geoZip=55057,20251225,patio and outdoor furniture
Sherwood 2-pc. Club Chair,ppr5008330499,,,1070.0,1070.0,1070.0,1070.0,ORIGINAL,False,False,available online only,False,False,original,False,True,"['# Pieces In Set: 2', 'Included: 2 Chair(s)', 'Features: Water Resistant, Quick Ship', 'Manufacturer Warranty: 90 Days Limited', 'Seating Capacity: 2']",0.0,0.0,ORIGINAL,False,False,79121650018,USD,more brands,"[{'colorName': 'Gray  Dark Gray', 'swatchImageId': 'DP0215202309142853S.tif', 'colorizedImageId': 'DP0215202309142751M.tif', 'colorSeqNum': 1, 'skuId': '79121650018', 'defaultSwatch': False, 'skuAltImages': [{'imgId': 'DP0215202309143163M.tif', 'colorSeq': 0}, {'imgId': 'DP0215202309143266M.tif', 'colorSeq': 1}, {'imgId': 'DP0215202309143369M.tif', 'colorSeq': 2}]}]",/p/sherwood-2-pc-club-chair/ppr5008330499?pTmplType=regular&searchTerm=patio+and+outdoor+furniture&geoZip=55057,"[{'message': 'Online Only', 'icon': 'mouse'}, {'message': 'Available for Shipping', 'icon': 'check'}]",False,791,True,802.5,802.5,RECLINER,False,False,2023-02-15T22:06:01,DP0215202309142751M.tif,DP0215202309143163M.tif,,,https://www.jcpenney.com/p/sherwood-2-pc-club-chair/ppr5008330499?pTmplType=regular&searchTerm=patio+and+outdoor+furniture&geoZip=55057,20251225,patio and outdoor furniture
Salem Adjustable Lounge Chair,ppr5008328381,,,820.0,820.0,820.0,820.0,ORIGINAL,False,False,available online only,False,False,original,False,True,"['Included: 1 Chair(s)', 'Features: 4 Legs, Adjustable, Quick Ship', 'Manufacturer Warranty: 90 Days', 'Seating Capacity: 1', 'Tools Required: Screws (included), Allen Wrench (included)']",0.0,0.0,ORIGINAL,False,False,79121260018,USD,more brands,"[{'colorName': 'Gray', 'swatchImageId': 'DP0204202307025693S.tif', 'colorizedImageId': 'DP0204202307025384M.tif', 'colorSeqNum': 1, 'skuId': '79121260018', 'defaultSwatch': False, 'skuAltImages': [{'imgId': 'DP0204202307025487M.tif', 'colorSeq': 0}, {'imgId': 'DP0204202307025179M.tif', 'colorSeq': 1}, {'imgId': 'DP0204202307025590M.tif', 'colorSeq': 2}]}]",/p/salem-adjustable-lounge-chair/ppr5008328381?pTmplType=regular&searchTerm=patio+and+outdoor+furniture&geoZip=55057,"[{'message': 'Online Only', 'icon': 'mouse'}, {'message': 'Available for Shipping', 'icon': 'check'}]",False,791,True,615.0,615.0,RECLINER,False,False,2023-02-06T07:06:07,DP0204202307025384M.tif,DP0204202307025487M.tif,,,https://www.jcpenney.com/p/salem-adjustable-lounge-chair/ppr5008328381?pTmplType=regular&searchTerm=patio+and+outdoor+furniture&geoZip=55057,20251225,patio and outdoor furniture
Sunnydaze® Cordelia Hanging Egg Chair,ppr5008102459,,,900.0,900.0,900.0,900.0,ORIGINAL,False,False,available online only,False,False,original,False,True,"['Included: 1 Seat Cushion(s), 1 Seat Back Cushion(s), 1 Chair(s)', 'Features: Water Resistant, Quick Ship, Weather Resistant', 'Joinery: Welded Joint', 'Manufacturer Warranty: 1 Year', 'Seating Capacity: 1']",0.0,0.0,ORIGINAL,False,False,79111980018,USD,more brands,"[{'colorName': 'Grey', 'swatchImageId': 'DP0406202107021708S.tif', 'colorizedImageId': 'DP0406202107021702M.tif', 'colorSeqNum': 1, 'skuId': '79111980018', 'defaultSwatch': False, 'skuAltImages': [{'imgId': 'DP0406202107021752M.tif', 'colorSeq': 0}, {'imgId': 'DP0406202107021745M.tif', 'colorSeq': 1}, {'imgId': 'DP0406202107021739M.tif', 'colorSeq': 2}]}]",/p/sunnydaze-cordelia-hanging-egg-chair/ppr5008102459?pTmplType=regular&searchTerm=patio+and+outdoor+furniture&geoZip=55057,"[{'message': 'Online Only', 'icon': 'mouse'}, {'message': 'Available for Shipping', 'icon': 'check'}]",False,791,True,,,,False,False,2021-04-13T21:02:35,DP0406202107021702M.tif,DP0406202107021752M.tif,,,https://www.jcpenney.com/p/sunnydaze-cordelia-hanging-egg-chair/ppr5008102459?pTmplType=regular&searchTerm=patio+and+outdoor+furniture&geoZip=55057,20251225,patio and outdoor furniture
Safavieh Ebsen Indoor/Outdoor Collection 2-pc. Lounge Chair,ppr5008086481,,,720.0,720.0,720.0,720.0,ORIGINAL,False,False,available online only,False,False,original,False,True,"['# Pieces In Set: 2', 'Included: 2 Chair(s)', 'Features: Water Resistant, Quick Ship', 'Joinery: Screwed', 'Seating Capacity: 1']",0.0,0.0,ORIGINAL,False,False,79108220018,USD,safavieh,"[{'colorName': 'Black', 'swatchImageId': 'DP0215202107031338S.tif', 'colorizedImageId': 'DP0215202107031329M.tif', 'colorSeqNum': 1, 'skuId': '79108220018', 'defaultSwatch': False, 'skuAltImages': [{'imgId': 'DP0215202107031350M.tif', 'colorSeq': 0}, {'imgId': 'DP0215202107031346M.tif', 'colorSeq': 1}, {'imgId': 'DP0215202107031342M.tif', 'colorSeq': 2}]}]",/p/safavieh-ebsen-indoor-outdoor-collection-2-pc-lounge-chair/ppr5008086481?pTmplType=regular&searchTerm=patio+and+outdoor+furniture&geoZip=55057,"[{'message': 'Online Only', 'icon': 'mouse'}, {'message': 'Available for Shipping', 'icon': 'check'}]",False,791,True,648.0,648.0,GIFTWRAP,False,False,2021-02-15T22:04:34,DP0215202107031329M.tif,DP0215202107031350M.tif,,,https://www.jcpenney.com/p/safavieh-ebsen-indoor-outdoor-collection-2-pc-lounge-chair/ppr5008086481?pTmplType=regular&searchTerm=patio+and+outdoor+furniture&geoZip=55057,20251225,patio and outdoor furniture
Safavieh Everleigh Outdoor Collection 2-pc. Lounge Chair,ppr5008086471,,,780.0,780.0,780.0,780.0,ORIGINAL,False,False,available online only,False,False,original,False,True,"['# Pieces In Set: 2', 'Included: 2 Chair(s)', 'Features: Quick Ship, Weather Resistant', 'Joinery: Welded Joint', 'Seating Capacity: 1']",0.0,0.0,ORIGINAL,False,False,79108180034,USD,safavieh,"[{'colorName': 'Matte Navy Blue', 'swatchImageId': 'DP0215202107030996S.tif', 'colorizedImageId': 'DP0215202107030951M.tif', 'colorSeqNum': 1, 'skuId': '79108180034', 'defaultSwatch': False, 'skuAltImages': [{'imgId': 'DP0215202107031039M.tif', 'colorSeq': 0}, {'imgId': 'DP0215202107031060M.tif', 'colorSeq': 1}, {'imgId': 'DP0215202107031018M.tif', 'colorSeq': 2}]}]",/p/safavieh-everleigh-outdoor-collection-2-pc-lounge-chair/ppr5008086471?pTmplType=regular&searchTerm=patio+and+outdoor+furniture&geoZip=55057,"[{'message': 'Online Only', 'icon': 'mouse'}, {'message': 'Available for Shipping', 'icon': 'check'}]",False,791,True,585.0,585.0,RECLINER,False,False,2021-02-15T22:04:32,DP0215202107030951M.tif,DP0215202107031039M.tif,"[{'name': 'Few Left', 'priority': 1, 'urlParam': 'fewleft'}]",,https://www.jcpenney.com/p/safavieh-everleigh-outdoor-collection-2-pc-lounge-chair/ppr5008086471?pTmplType=regular&searchTerm=patio+and+outdoor+furniture&geoZip=55057,20251225,patio and outdoor furniture
Safavieh Beldan Outdoor Collection 2-pc. Adriondack Chair,ppr5008086464,,,990.0,990.0,990.0,990.0,ORIGINAL,False,False,available online only,False,False,original,False,True,"['# Pieces In Set: 2', 'Included: 2 Chair(s)', 'Features: Quick Ship, Weather Resistant, Stackable', 'Joinery: Screwed', 'Seating Capacity: 1']",0.0,0.0,ORIGINAL,False,False,79108150018,USD,safavieh,"[{'colorName': 'Distressed Taupe', 'swatchImageId': 'DP0215202107030662S.tif', 'colorizedImageId': 'DP0215202107030654M.tif', 'colorSeqNum': 1, 'skuId': '79108150018', 'defaultSwatch': False, 'skuAltImages': [{'imgId': 'DP0215202107030670M.tif', 'colorSeq': 0}, {'imgId': 'DP0215202107030675M.tif', 'colorSeq': 1}, {'imgId': 'DP0215202107030666M.tif', 'colorSeq': 2}]}]",/p/safavieh-beldan-outdoor-collection-2-pc-adriondack-chair/ppr5008086464?pTmplType=regular&searchTerm=patio+and+outdoor+furniture&geoZip=55057,"[{'message': 'Online Only', 'icon': 'mouse'}, {'message': 'Available for Shipping', 'icon': 'check'}]",False,791,True,742.5,742.5,RECLINER,False,False,2021-02-15T22:04:30,DP0215202107030654M.tif,DP0215202107030670M.tif,,,https://www.jcpenney.com/p/safavieh-beldan-outdoor-collection-2-pc-adriondack-chair/ppr5008086464?pTmplType=regular&searchTerm=patio+and+outdoor+furniture&geoZip=55057,20251225,patio and outdoor furniture
Dagny 2-pc. Patio Chairs,ppr5008086246,,,730.0,730.0,730.0,730.0,ORIGINAL,False,False,available online only,False,False,original,False,True,"['# Pieces In Set: 2', 'Included: 2 Chair(s)', 'Features: Stackable, Quick Ship, Weather Resistant', 'Joinery: Welded Joint', 'Seating Capacity: 1']",0.0,0.0,ORIGINAL,False,False,79108020018,USD,safavieh,"[{'colorName': 'Chocolate Brown', 'swatchImageId': 'DP0215202107030184S.tif', 'colorizedImageId': 'DP0215202107030174M.tif', 'colorSeqNum': 1, 'skuId': '79108020018', 'defaultSwatch': False, 'skuAltImages': [{'imgId': 'DP0215202107030189M.tif', 'colorSeq': 0}, {'imgId': 'DP0215202107030194M.tif', 'colorSeq': 1}, {'imgId': 'DP0215202107030198M.tif', 'colorSeq': 2}]}]",/p/dagny-2-pc-patio-chairs/ppr5008086246?pTmplType=regular&searchTerm=patio+and+outdoor+furniture&geoZip=55057,"[{'message': 'Online Only', 'icon': 'mouse'}, {'message': 'Available for Shipping', 'icon': 'check'}]",False,791,True,657.0,657.0,GIFTWRAP,False,False,2021-05-04T13:05:18,DP0215202107030174M.tif,DP0215202107030189M.tif,,,https://www.jcpenney.com/p/dagny-2-pc-patio-chairs/ppr5008086246?pTmplType=regular&searchTerm=patio+and+outdoor+furniture&geoZip=55057,20251225,patio and outdoor furniture
Hayward Patio Umbrella Base,ppr5008431419,,,380.0,380.0,380.0,380.0,ORIGINAL,False,False,available online only,False,False,original,False,True,"['Features: Quick Ship', 'Shape: Square', 'Measurements: 19.6 Depth/Inches, 16.3 Height/Inches, 19.6 Width/Inches', 'Diameter: 11 Ft', 'Weight (lb.): 82 Lb']",0.0,0.0,ORIGINAL,False,False,79129950018,USD,more brands,"[{'colorName': 'Black', 'swatchImageId': 'DP0212202407454879S.tif', 'colorizedImageId': 'DP0226202407033323M.tif', 'colorSeqNum': 1, 'skuId': '79129950018', 'defaultSwatch': False, 'skuAltImages': [{'imgId': 'DP0226202407033426M.tif', 'colorSeq': 0}, {'imgId': 'DP0226202407033117M.tif', 'colorSeq': 2}, {'imgId': 'DP0212202407454776M.tif', 'colorSeq': 4}]}]",/p/hayward-patio-umbrella-base/ppr5008431419?pTmplType=regular&searchTerm=patio+and+outdoor+furniture&geoZip=55057,"[{'message': 'Online Only', 'icon': 'mouse'}, {'message': 'Available for Shipping', 'icon': 'check'}]",False,791,True,342.0,342.0,GIFTWRAP,False,False,2024-02-12T22:05:49,DP0226202407033323M.tif,DP0226202407033426M.tif,,,https://www.jcpenney.com/p/hayward-patio-umbrella-base/ppr5008431419?pTmplType=regular&searchTerm=patio+and+outdoor+furniture&geoZip=55057,20251225,patio and outdoor furniture
Sunnydaze Collection Patio Umbrella Base,ppr5008095860,,,160.0,160.0,160.0,160.0,ORIGINAL,False,False,available online only,False,False,original,False,True,"['Features: Quick Ship', 'Manufacturer Warranty: 1 Year', 'Shape: Round', 'Measurements: 18 Width/Inches, 18 Length/Inches, 13 Height/Inches', 'Weight (lb.): 24 Lb']",0.0,0.0,ORIGINAL,False,False,79111130018,USD,more brands,"[{'colorName': 'Black', 'swatchImageId': 'DP0318202107031672S.tif', 'colorizedImageId': 'DP1022202517025633M.tif', 'colorSeqNum': 1, 'skuId': '79111130018', 'defaultSwatch': False, 'skuAltImages': [{'imgId': 'DP1022202517030155M.tif', 'colorSeq': 0}, {'imgId': 'DP1022202517025841M.tif', 'colorSeq': 1}, {'imgId': 'DP1022202517030364M.tif', 'colorSeq': 2}]}]",/p/sunnydaze-collection-patio-umbrella-base/ppr5008095860?pTmplType=regular&searchTerm=patio+and+outdoor+furniture&geoZip=55057,"[{'message': 'Online Only', 'icon': 'mouse'}, {'message': 'Available for Shipping', 'icon': 'check'}]",False,791,True,,,,False,False,2021-03-18T22:02:45,DP1022202517025633M.tif,DP1022202517030155M.tif,,,https://www.jcpenney.com/p/sunnydaze-collection-patio-umbrella-base/ppr5008095860?pTmplType=regular&searchTerm=patio+and+outdoor+furniture&geoZip=55057,20251225,patio and outdoor furniture
Heavy Offset Patio Umbrella Base,ppr5008088021,,,400.0,400.0,400.0,400.0,ORIGINAL,False,False,available online only,False,False,original,False,True,"['Features: Heavy-Duty', 'Measurements: 42 Depth/Inches, 42 Width/Inches, 5 Height/Inches', 'Assembly: Assembled', 'Base Material: 100% Plastic', 'Care: Wipe Clean']",0.0,0.0,ORIGINAL,False,False,79101260026,USD,more brands,"[{'colorName': 'Dark Gray', 'swatchImageId': 'DP0220202109010871S.tif', 'colorizedImageId': 'DP0220202111013967M.tif', 'colorSeqNum': 1, 'skuId': '79101260026', 'defaultSwatch': False, 'skuAltImages': [{'imgId': 'DP0220202111013990M.tif', 'colorSeq': 0}, {'imgId': 'DP0220202111013986M.tif', 'colorSeq': 1}, {'imgId': 'DP0220202111013983M.tif', 'colorSeq': 2}]}]",/p/heavy-offset-patio-umbrella-base/ppr5008088021?pTmplType=regular&searchTerm=patio+and+outdoor+furniture&geoZip=55057,"[{'message': 'Online Only', 'icon': 'mouse'}, {'message': 'Available for Shipping', 'icon': 'check'}]",False,791,True,360.0,360.0,GIFTWRAP,False,False,2021-02-20T22:41:48,DP0220202111013967M.tif,DP0220202111013990M.tif,,,https://www.jcpenney.com/p/heavy-offset-patio-umbrella-base/ppr5008088021?pTmplType=regular&searchTerm=patio+and+outdoor+furniture&geoZip=55057,20251225,patio and outdoor furniture
Sunnydaze Patio Furniture Hammock,ppr5008102520,,,200.0,200.0,200.0,200.0,ORIGINAL,False,False,available online only,False,False,original,False,True,"['Included: 1 Pillow(s), 1 Hammock(s)', 'Features: Quick Ship, Uv Protection', 'Manufacturer Warranty: 1 Year', 'Seating Capacity: 2', 'Measurements: 55 Width/Inches, 1 Height/Inches, 55 Depth/Inches']",0.0,0.0,ORIGINAL,False,False,79112530018,USD,more brands,"[{'colorName': 'Dark Blue', 'swatchImageId': 'DP0406202107022619S.tif', 'colorizedImageId': 'DP0406202107022612M.tif', 'colorSeqNum': 1, 'skuId': '79112530018', 'defaultSwatch': False, 'skuAltImages': [{'imgId': 'DP0406202107022638M.tif', 'colorSeq': 0}, {'imgId': 'DP0406202107022631M.tif', 'colorSeq': 1}, {'imgId': 'DP0406202107022625M.tif', 'colorSeq': 2}]}]",/p/sunnydaze-patio-furniture-hammock/ppr5008102520?pTmplType=regular&searchTerm=patio+and+outdoor+furniture&geoZip=55057,"[{'message': 'Online Only', 'icon': 'mouse'}, {'message': 'Available for Shipping', 'icon': 'check'}]",False,791,True,,,,False,False,2021-04-14T17:06:26,DP0406202107022612M.tif,DP0406202107022638M.tif,,,https://www.jcpenney.com/p/sunnydaze-patio-furniture-hammock/ppr5008102520?pTmplType=regular&searchTerm=patio+and+outdoor+furniture&geoZip=55057,20251225,patio and outdoor furniture
Ruby Iron Side Table,ppr5008431405,,,245.0,245.0,245.0,245.0,ORIGINAL,False,False,available online only,False,False,original,False,True,"['Included: 1 Table(s)', 'Features: Quick Ship', 'Manufacturer Warranty: 90 Days Limited', 'Shape: Round', 'Dining Height: Standard Height']",0.0,0.0,ORIGINAL,False,False,79129830018,USD,more brands,"[{'colorName': 'Black', 'swatchImageId': 'DP0212202407440479S.tif', 'colorizedImageId': 'DP0212202407440273M.tif', 'colorSeqNum': 1, 'skuId': '79129830018', 'defaultSwatch': False, 'skuAltImages': [{'imgId': 'DP0212202407440376M.tif', 'colorSeq': 0}, {'imgId': 'DP0212202407440787M.tif', 'colorSeq': 1}, {'imgId': 'DP0212202407440685M.tif', 'colorSeq': 2}]}]",/p/ruby-iron-side-table/ppr5008431405?pTmplType=regular&searchTerm=patio+and+outdoor+furniture&geoZip=55057,"[{'message': 'Online Only', 'icon': 'mouse'}, {'message': 'Available for Shipping', 'icon': 'check'}]",False,791,True,220.5,220.5,GIFTWRAP,False,False,2024-02-12T22:05:46,DP0212202407440273M.tif,DP0212202407440376M.tif,,,https://www.jcpenney.com/p/ruby-iron-side-table/ppr5008431405?pTmplType=regular&searchTerm=patio+and+outdoor+furniture&geoZip=55057,20251225,patio and outdoor furniture
Phoenix Side Table,ppr5008297265,,,1275.0,1275.0,1275.0,1275.0,ORIGINAL,False,False,available online only,False,False,original,False,True,"['Features: Umbrella Hole', 'Manufacturer Warranty: 90 Days', 'Shape: Round', 'Maximum Weight Limit: 300 Lbs', 'Table Measurements: 47.75 Length/Inches, 47.75 Width/Inches, 30 Height/Inches']",0.0,0.0,ORIGINAL,False,False,79120830018,USD,more brands,"[{'colorName': 'Hammered Bronze', 'swatchImageId': 'DP1010202207513886S.tif', 'colorizedImageId': 'DP1010202207513679M.tif', 'colorSeqNum': 1, 'skuId': '79120830018', 'defaultSwatch': False, 'skuAltImages': [{'imgId': 'DP1010202207513783M.tif', 'colorSeq': 0}, {'imgId': 'DP1010202207514093M.tif', 'colorSeq': 1}, {'imgId': 'DP1010202207513989M.tif', 'colorSeq': 2}]}]",/p/phoenix-side-table/ppr5008297265?pTmplType=regular&searchTerm=patio+and+outdoor+furniture&geoZip=55057,"[{'message': 'Online Only', 'icon': 'mouse'}, {'message': 'Available for Shipping', 'icon': 'check'}]",False,791,True,956.25,956.25,RECLINER,False,False,2022-10-10T22:09:34,DP1010202207513679M.tif,DP1010202207513783M.tif,,,https://www.jcpenney.com/p/phoenix-side-table/ppr5008297265?pTmplType=regular&searchTerm=patio+and+outdoor+furniture&geoZip=55057,20251225,patio and outdoor furniture
Weather Resistant Iron Side Table,ppr5008244783,,,300.0,300.0,300.0,300.0,ORIGINAL,False,False,available online only,False,False,original,False,True,"['Features: Quick Ship, Weather Resistant', 'Manufacturer Warranty: 1 Year', 'Seating Capacity: 2', 'Shape: Round', 'Dining Height: Bar Height']",0.0,0.0,ORIGINAL,False,False,79117980018,USD,more brands,"[{'colorName': 'Black', 'swatchImageId': 'DP0505202207023592S.tif', 'colorizedImageId': 'DP0505202207023591M.tif', 'colorSeqNum': 1, 'skuId': '79117980018', 'defaultSwatch': False, 'skuAltImages': [{'imgId': 'DP0505202207023592M.tif', 'colorSeq': 0}, {'imgId': 'DP0505202207023602M.tif', 'colorSeq': 1}, {'imgId': 'DP0505202207023600M.tif', 'colorSeq': 2}]}]",/p/weather-resistant-iron-side-table/ppr5008244783?pTmplType=regular&searchTerm=patio+and+outdoor+furniture&geoZip=55057,"[{'message': 'Online Only', 'icon': 'mouse'}, {'message': 'Available for Shipping', 'icon': 'check'}]",False,791,True,270.0,270.0,GIFTWRAP,False,False,2022-08-08T21:06:35,DP0505202207023591M.tif,DP0505202207023592M.tif,,,https://www.jcpenney.com/p/weather-resistant-iron-side-table/ppr5008244783?pTmplType=regular&searchTerm=patio+and+outdoor+furniture&geoZip=55057,20251225,patio and outdoor furniture
Sunnydaze Patio Furniture Hammock,ppr5008102518,4.625,64.0,200.0,200.0,200.0,200.0,ORIGINAL,False,False,available online only,False,False,original,False,True,"['Included: 1 Hammock(s), 1 Spreader Bar(s)', 'Features: Quick Ship, Uv Protection', 'Manufacturer Warranty: 1 Year', 'Seating Capacity: 2', 'Measurements: 1 Height/Inches, 55 Depth/Inches, 55 Width/Inches']",0.0,0.0,ORIGINAL,False,False,79112510018,USD,more brands,"[{'colorName': 'Black', 'swatchImageId': 'DP0406202107022515S.tif', 'colorizedImageId': 'DP0406202107022482M.tif', 'colorSeqNum': 1, 'skuId': '79112510018', 'defaultSwatch': False, 'skuAltImages': [{'imgId': 'DP0406202107022508M.tif', 'colorSeq': 0}, {'imgId': 'DP0406202107022502M.tif', 'colorSeq': 1}, {'imgId': 'DP0406202107022496M.tif', 'colorSeq': 2}]}]",/p/sunnydaze-patio-furniture-hammock/ppr5008102518?pTmplType=regular&searchTerm=patio+and+outdoor+furniture&geoZip=55057,"[{'message': 'Online Only', 'icon': 'mouse'}, {'message': 'Available for Shipping', 'icon': 'check'}]",False,791,True,,,,False,False,2021-04-13T19:02:09,DP0406202107022482M.tif,DP0406202107022508M.tif,,,https://www.jcpenney.com/p/sunnydaze-patio-furniture-hammock/ppr5008102518?pTmplType=regular&searchTerm=patio+and+outdoor+furniture&geoZip=55057,20251225,patio and outdoor furniture
Margarita 2-pc. Bar Stool,ppr5008330505,,,410.0,410.0,410.0,410.0,ORIGINAL,False,False,available online only,False,False,original,False,True,"['# Pieces In Set: 2', 'Included: 2 Stool(s)', 'Features: Folding, Quick Ship', 'Manufacturer Warranty: 90 Days Limited', 'Seating Capacity: 2']",0.0,0.0,ORIGINAL,False,False,79121710018,USD,more brands,"[{'colorName': 'Brown', 'swatchImageId': 'DP0215202309153449S.tif', 'colorizedImageId': 'DP0215202309153346M.tif', 'colorSeqNum': 1, 'skuId': '79121710018', 'defaultSwatch': False, 'skuAltImages': [{'imgId': 'DP0215202309153655M.tif', 'colorSeq': 0}, {'imgId': 'DP0215202309153758M.tif', 'colorSeq': 1}, {'imgId': 'DP0215202309153861M.tif', 'colorSeq': 2}]}]",/p/margarita-2-pc-bar-stool/ppr5008330505?pTmplType=regular&searchTerm=patio+and+outdoor+furniture&geoZip=55057,"[{'message': 'Online Only', 'icon': 'mouse'}, {'message': 'Available for Shipping', 'icon': 'check'}]",False,791,True,369.0,369.0,GIFTWRAP,False,False,2023-02-15T22:06:02,DP0215202309153346M.tif,DP0215202309153655M.tif,,,https://www.jcpenney.com/p/margarita-2-pc-bar-stool/ppr5008330505?pTmplType=regular&searchTerm=patio+and+outdoor+furniture&geoZip=55057,20251225,patio and outdoor furniture
Safavieh Kelsey Outdoor Collection Bar Stool,ppr5008214535,,,480.0,480.0,480.0,480.0,ORIGINAL,False,False,available online only,False,False,original,False,True,"['Included: 1 Stool(s)', 'Features: Quick Ship, Backless, Armless, Weather Resistant', 'Joinery: Screwed, Welded Joint', 'Seating Capacity: 1', 'Measurements: 20.5 Width/Inches, 30 Height/Inches, 20.5 Depth/Inches']",0.0,0.0,ORIGINAL,False,False,79114520018,USD,safavieh,"[{'colorName': 'Navy White', 'swatchImageId': 'DP0204202207020612S.tif', 'colorizedImageId': 'DP0204202207020596M.tif', 'colorSeqNum': 1, 'skuId': '79114520018', 'defaultSwatch': False, 'skuAltImages': [{'imgId': 'DP0204202207020604M.tif', 'colorSeq': 0}, {'imgId': 'DP0204202207020620M.tif', 'colorSeq': 1}, {'imgId': 'DP0204202207020588M.tif', 'colorSeq': 2}]}]",/p/safavieh-kelsey-outdoor-collection-bar-stool/ppr5008214535?pTmplType=regular&searchTerm=patio+and+outdoor+furniture&geoZip=55057,"[{'message': 'Online Only', 'icon': 'mouse'}, {'message': 'Available for Shipping', 'icon': 'check'}]",False,791,True,432.0,432.0,GIFTWRAP,False,False,2022-02-04T22:02:40,DP0204202207020596M.tif,DP0204202207020604M.tif,,,https://www.jcpenney.com/p/safavieh-kelsey-outdoor-collection-bar-stool/ppr5008214535?pTmplType=regular&searchTerm=patio+and+outdoor+furniture&geoZip=55057,20251225,patio and outdoor furniture
Casual 1 Pair Dining Chair,ppr5008240330,,,390.0,390.0,390.0,390.0,ORIGINAL,False,False,available online only,False,False,original,False,True,"['# Pieces In Set: 1 Pair', 'Features: Quick Ship, 2 Pack', 'Manufacturer Warranty: 1 Year', 'Seating Capacity: 1', 'Measurements: 20.25 Width/Inches, 36 Height/Inches, 22.75 Depth/Inches']",0.0,0.0,ORIGINAL,False,False,79116980018,USD,more brands,"[{'colorName': 'Brown', 'swatchImageId': 'DP0420202213010838S.tif', 'colorizedImageId': 'DP0420202213010835M.tif', 'colorSeqNum': 1, 'skuId': '79116980018', 'defaultSwatch': False, 'skuAltImages': [{'imgId': 'DP0420202213010837M.tif', 'colorSeq': 0}, {'imgId': 'DP0425202207031802M.tif', 'colorSeq': 1}, {'imgId': 'DP0420202213010841M.tif', 'colorSeq': 2}]}]",/p/casual-1-pair-dining-chair/ppr5008240330?pTmplType=regular&searchTerm=patio+and+outdoor+furniture&geoZip=55057,"[{'message': 'Online Only', 'icon': 'mouse'}, {'message': 'Available for Shipping', 'icon': 'check'}]",False,791,True,351.0,351.0,GIFTWRAP,False,False,2022-05-24T15:05:01,DP0420202213010835M.tif,DP0420202213010837M.tif,"[{'name': 'Few Left', 'priority': 1, 'urlParam': 'fewleft'}]",,https://www.jcpenney.com/p/casual-1-pair-dining-chair/ppr5008240330?pTmplType=regular&searchTerm=patio+and+outdoor+furniture&geoZip=55057,20251225,patio and outdoor furniture
Gallardio 2-pc. Dining Chair,ppr5008234224,,,1600.0,1600.0,1600.0,1600.0,ORIGINAL,False,False,available online only,False,False,original,False,True,"['# Pieces In Set: 2', 'Included: 2 Chair(s)', 'Features: Waterproof, Armless, Outdoor, Quick Ship, Weather Resistant, 4 Legs', 'Manufacturer Warranty: 1 Year', 'Seating Capacity: 2']",0.0,0.0,ORIGINAL,False,False,79115670042,USD,more brands,"[{'colorName': 'Gray', 'swatchImageId': 'DP0418202209021427S.tif', 'colorizedImageId': 'DP0418202209021406M.tif', 'colorSeqNum': 1, 'skuId': '79115670042', 'defaultSwatch': False, 'skuAltImages': [{'imgId': 'DP0418202209021414M.tif', 'colorSeq': 0}, {'imgId': 'DP0418202209021420M.tif', 'colorSeq': 1}, {'imgId': 'DP0418202209021453M.tif', 'colorSeq': 2}]}]",/p/gallardio-2-pc-dining-chair/ppr5008234224?pTmplType=regular&searchTerm=patio+and+outdoor+furniture&geoZip=55057,"[{'message': 'Online Only', 'icon': 'mouse'}, {'message': 'Available for Shipping', 'icon': 'check'}]",False,791,True,1200.0,1200.0,RECLINER,False,False,2022-04-18T22:04:59,DP0418202209021406M.tif,DP0418202209021414M.tif,,,https://www.jcpenney.com/p/gallardio-2-pc-dining-chair/ppr5008234224?pTmplType=regular&searchTerm=patio+and+outdoor+furniture&geoZip=55057,20251225,patio and outdoor furniture
Chair Hammock,ppr5008235254,,,530.0,530.0,530.0,530.0,ORIGINAL,False,False,available online only,False,False,original,False,True,"['Included: 1 Hammock Stand(s), 1 Hammock(s)', 'Features: Portable, Quick Ship', 'Manufacturer Warranty: 1 Year', 'Seating Capacity: 1', 'Tools Required: Allen Wrench (included), Screws (included)']",0.0,0.0,ORIGINAL,False,False,79115750018,USD,more brands,"[{'colorName': 'Black Dark Blue', 'swatchImageId': 'DP1011202515032218S.tif', 'colorizedImageId': 'DP1011202515032114M.tif', 'colorSeqNum': 1, 'skuId': '79115750018', 'defaultSwatch': False, 'skuAltImages': [{'imgId': 'DP1011202515032428M.tif', 'colorSeq': 0}, {'imgId': 'DP1011202515032009M.tif', 'colorSeq': 1}, {'imgId': 'DP1011202515032533M.tif', 'colorSeq': 7}]}]",/p/chair-hammock/ppr5008235254?pTmplType=regular&searchTerm=patio+and+outdoor+furniture&geoZip=55057,"[{'message': 'Online Only', 'icon': 'mouse'}, {'message': 'Available for Shipping', 'icon': 'check'}]",False,791,True,477.0,477.0,GIFTWRAP,False,False,2022-06-08T21:05:02,DP1011202515032114M.tif,DP1011202515032428M.tif,,,https://www.jcpenney.com/p/chair-hammock/ppr5008235254?pTmplType=regular&searchTerm=patio+and+outdoor+furniture&geoZip=55057,20251225,patio and outdoor furniture
Belsey Upholstered,ppr5008451424,,,1300.0,1300.0,1300.0,1300.0,ORIGINAL,False,False,available online only,False,False,original,False,True,"['Included: 1 Chair(s), 1 Seat Cushion(s), 2 Seat Back Cushion(s)', 'Features: Quick Ship, Upholstered', 'Joinery: Screwed', 'Manufacturer Warranty: 6 Month', 'Seating Capacity: 1']",0.0,0.0,ORIGINAL,True,False,79131470018,USD,more brands,"[{'colorName': 'Brown', 'swatchImageId': 'DP0513202415122134S.tif', 'colorizedImageId': 'DP0513202415121931M.tif', 'colorSeqNum': 1, 'skuId': '79131470018', 'defaultSwatch': False, 'skuAltImages': [{'imgId': 'DP0513202415122033M.tif', 'colorSeq': 0}, {'imgId': 'DP0513202415121727M.tif', 'colorSeq': 1}, {'imgId': 'DP0513202415121830M.tif', 'colorSeq': 2}]}]",/p/belsey-upholstered/ppr5008451424?pTmplType=regular&searchTerm=patio+and+outdoor+furniture&geoZip=55057,"[{'message': 'Online Only', 'icon': 'mouse'}, {'message': 'Available for Shipping', 'icon': 'check'}]",False,791,True,975.0,975.0,RECLINER,False,False,2024-05-13T22:04:54,DP0513202415121931M.tif,DP0513202415122033M.tif,,,https://www.jcpenney.com/p/belsey-upholstered/ppr5008451424?pTmplType=regular&searchTerm=patio+and+outdoor+furniture&geoZip=55057,20251225,patio and outdoor furniture
Safavieh Ravena Rocking Chair,ppr5008445657,,,680.0,680.0,680.0,680.0,ORIGINAL,False,False,available online only,False,False,original,False,True,"['Included: 1 Seat Cushion(s), 1 Chair(s)', 'Features: Quick Ship, Cushioned', 'Joinery: Screwed', 'Seating Capacity: 1', 'Tools Required: Screws (included), Allen Wrench (included)']",0.0,0.0,ORIGINAL,False,False,79130690018,USD,safavieh,"[{'colorName': 'Natural Beige', 'swatchImageId': 'DP0423202409111463S.tif', 'colorizedImageId': 'DP0423202409111055M.tif', 'colorSeqNum': 1, 'skuId': '79130690018', 'defaultSwatch': False, 'skuAltImages': [{'imgId': 'DP0423202409111156M.tif', 'colorSeq': 0}, {'imgId': 'DP0423202409111258M.tif', 'colorSeq': 1}, {'imgId': 'DP0423202409111566M.tif', 'colorSeq': 2}]}]",/p/safavieh-ravena-rocking-chair/ppr5008445657?pTmplType=regular&searchTerm=patio+and+outdoor+furniture&geoZip=55057,"[{'message': 'Online Only', 'icon': 'mouse'}, {'message': 'Available for Shipping', 'icon': 'check'}]",False,791,True,612.0,612.0,GIFTWRAP,False,False,2024-04-23T22:03:48,DP0423202409111055M.tif,DP0423202409111156M.tif,,,https://www.jcpenney.com/p/safavieh-ravena-rocking-chair/ppr5008445657?pTmplType=regular&searchTerm=patio+and+outdoor+furniture&geoZip=55057,20251225,patio and outdoor furniture
Sedona 2-pc. Upholstered Club Chair,ppr5008376225,,,1125.0,1125.0,1125.0,1125.0,ORIGINAL,False,False,available online only,False,False,original,False,True,"['# Pieces In Set: 2', 'Included: 2 Chair(s)', 'Features: Upholstered', 'Manufacturer Warranty: 90 Days Limited', 'Seating Capacity: 2']",0.0,0.0,ORIGINAL,False,False,79126650018,USD,more brands,"[{'colorName': 'Dark Gray', 'swatchImageId': 'DP0705202307104198S.tif', 'colorizedImageId': 'DP0705202307103785M.tif', 'colorSeqNum': 1, 'skuId': '79126650018', 'defaultSwatch': False, 'skuAltImages': [{'imgId': 'DP0705202307103889M.tif', 'colorSeq': 0}, {'imgId': 'DP0705202307103992M.tif', 'colorSeq': 1}, {'imgId': 'DP0705202307103579M.tif', 'colorSeq': 2}]}]",/p/sedona-2-pc-upholstered-club-chair/ppr5008376225?pTmplType=regular&searchTerm=patio+and+outdoor+furniture&geoZip=55057,"[{'message': 'Online Only', 'icon': 'mouse'}, {'message': 'Available for Shipping', 'icon': 'check'}]",False,791,True,843.75,843.75,RECLINER,False,False,2023-07-10T07:08:26,DP0705202307103785M.tif,DP0705202307103889M.tif,,,https://www.jcpenney.com/p/sedona-2-pc-upholstered-club-chair/ppr5008376225?pTmplType=regular&searchTerm=patio+and+outdoor+furniture&geoZip=55057,20251225,patio and outdoor furniture
Salem Adjustable 2-pc. Lounge Chair,ppr5008336635,,,1630.0,1630.0,1630.0,1630.0,ORIGINAL,False,False,available online only,False,False,original,False,True,"['# Pieces In Set: 2', 'Included: 2 Chair(s)', 'Features: Quick Ship, Adjustable, 4 Legs', 'Seating Capacity: 2', 'Tools Required: Screws (included), Allen Wrench (included)']",0.0,0.0,ORIGINAL,False,False,79122320026,USD,more brands,"[{'colorName': 'Gray', 'swatchImageId': 'DP0314202309265210S.tif', 'colorizedImageId': 'DP0314202309264794M.tif', 'colorSeqNum': 1, 'skuId': '79122320026', 'defaultSwatch': False, 'skuAltImages': [{'imgId': 'DP0314202309265416M.tif', 'colorSeq': 0}, {'imgId': 'DP0314202309264897M.tif', 'colorSeq': 1}, {'imgId': 'DP0314202309265002M.tif', 'colorSeq': 2}]}]",/p/salem-adjustable-2-pc-lounge-chair/ppr5008336635?pTmplType=regular&searchTerm=patio+and+outdoor+furniture&geoZip=55057,"[{'message': 'Online Only', 'icon': 'mouse'}, {'message': 'Available for Shipping', 'icon': 'check'}]",False,791,True,1222.5,1222.5,RECLINER,False,False,2023-03-14T22:10:04,DP0314202309264794M.tif,DP0314202309265416M.tif,,,https://www.jcpenney.com/p/salem-adjustable-2-pc-lounge-chair/ppr5008336635?pTmplType=regular&searchTerm=patio+and+outdoor+furniture&geoZip=55057,20251225,patio and outdoor furniture
2-pc. Adriondack Chair,ppr5008235277,,,720.0,720.0,720.0,720.0,ORIGINAL,False,False,available online only,False,False,original,False,True,"['# Pieces In Set: 2', 'Features: Adjustable, Quick Ship', 'Joinery: Screwed', 'Manufacturer Warranty: 1 Year', 'Seating Capacity: 2']",0.0,0.0,ORIGINAL,False,False,79115970018,USD,more brands,"[{'colorName': 'Gray', 'swatchImageId': 'DP0505202207022753S.tif', 'colorizedImageId': 'DP1022202517055889M.tif', 'colorSeqNum': 1, 'skuId': '79115970018', 'defaultSwatch': False, 'skuAltImages': [{'imgId': 'DP1022202517060307M.tif', 'colorSeq': 0}, {'imgId': 'DP0505202207022752M.tif', 'colorSeq': 1}, {'imgId': 'DP1022202517060203M.tif', 'colorSeq': 2}]}]",/p/2-pc-adriondack-chair/ppr5008235277?pTmplType=regular&searchTerm=patio+and+outdoor+furniture&geoZip=55057,"[{'message': 'Online Only', 'icon': 'mouse'}, {'message': 'Available for Shipping', 'icon': 'check'}]",False,791,True,648.0,648.0,GIFTWRAP,False,False,2022-05-24T15:05:00,DP1022202517055889M.tif,DP1022202517060307M.tif,,,https://www.jcpenney.com/p/2-pc-adriondack-chair/ppr5008235277?pTmplType=regular&searchTerm=patio+and+outdoor+furniture&geoZip=55057,20251225,patio and outdoor furniture
Safavieh Lisbeth Outdoor Collection 2-pc. Lounge Chair,ppr5008086483,,,890.0,890.0,890.0,890.0,ORIGINAL,False,False,available online only,False,False,original,False,True,"['# Pieces In Set: 2', 'Included: 2 Chair(s)', 'Features: Quick Ship, Water Resistant', 'Joinery: Nailed', 'Seating Capacity: 1']",0.0,0.0,ORIGINAL,False,False,79108230018,USD,safavieh,"[{'colorName': 'Grey White', 'swatchImageId': 'DP0215202107031363S.tif', 'colorizedImageId': 'DP0215202107031355M.tif', 'colorSeqNum': 1, 'skuId': '79108230018', 'defaultSwatch': False, 'skuAltImages': [{'imgId': 'DP0215202107031377M.tif', 'colorSeq': 0}, {'imgId': 'DP0215202107031372M.tif', 'colorSeq': 1}, {'imgId': 'DP0215202107031368M.tif', 'colorSeq': 2}]}]",/p/safavieh-lisbeth-outdoor-collection-2-pc-lounge-chair/ppr5008086483?pTmplType=regular&searchTerm=patio+and+outdoor+furniture&geoZip=55057,"[{'message': 'Online Only', 'icon': 'mouse'}, {'message': 'Available for Shipping', 'icon': 'check'}]",False,791,True,667.5,667.5,RECLINER,False,False,2021-02-18T09:02:39,DP0215202107031355M.tif,DP0215202107031377M.tif,,,https://www.jcpenney.com/p/safavieh-lisbeth-outdoor-collection-2-pc-lounge-chair/ppr5008086483?pTmplType=regular&searchTerm=patio+and+outdoor+furniture&geoZip=55057,20251225,patio and outdoor furniture
Sunnydaze Bench,ppr5008249461,,,800.0,800.0,800.0,800.0,ORIGINAL,False,False,available online only,False,False,original,False,True,"['Included: 1 Bench(es)', 'Features: Quick Ship', 'Manufacturer Warranty: 1 Year', 'Seating Capacity: 2', 'Tools Required: Allen Wrench (included)']",0.0,0.0,ORIGINAL,False,False,79117470018,USD,more brands,"[{'colorName': 'Brown', 'swatchImageId': 'DP1018202507143811S.tif', 'colorizedImageId': 'DP1018202507143706M.tif', 'colorSeqNum': 1, 'skuId': '79117470018', 'defaultSwatch': False, 'skuAltImages': [{'imgId': 'DP1018202507144229M.tif', 'colorSeq': 0}, {'imgId': 'DP1018202507144020M.tif', 'colorSeq': 1}, {'imgId': 'DP1018202507143601M.tif', 'colorSeq': 2}]}]",/p/sunnydaze-bench/ppr5008249461?pTmplType=regular&searchTerm=patio+and+outdoor+furniture&geoZip=55057,"[{'message': 'Online Only', 'icon': 'mouse'}, {'message': 'Available for Shipping', 'icon': 'check'}]",False,791,True,600.0,600.0,RECLINER,False,False,2022-09-12T19:06:43,DP1018202507143706M.tif,DP1018202507144229M.tif,,,https://www.jcpenney.com/p/sunnydaze-bench/ppr5008249461?pTmplType=regular&searchTerm=patio+and+outdoor+furniture&geoZip=55057,20251225,patio and outdoor furniture
Safavieh Kelsey Patio Collection Bar Stool,ppr5008088371,,,480.0,480.0,480.0,480.0,ORIGINAL,False,False,available online only,False,False,original,False,True,"['Included: 1 Stool(s)', 'Features: Weather Resistant, Quick Ship', 'Joinery: Screwed, Welded Joint', 'Seating Capacity: 1', 'Measurements: 14.6 Width/Inches, 30 Height/Inches, 14.6 Depth/Inches']",0.0,0.0,ORIGINAL,False,False,79101500026,USD,safavieh,"[{'colorName': 'Grey White', 'swatchImageId': 'DP0224202107045262S.tif', 'colorizedImageId': 'DP0224202107045259M.tif', 'colorSeqNum': 1, 'skuId': '79101500026', 'defaultSwatch': False, 'skuAltImages': [{'imgId': 'DP0224202107045277M.tif', 'colorSeq': 0}, {'imgId': 'DP0224202107045273M.tif', 'colorSeq': 1}, {'imgId': 'DP0224202107045269M.tif', 'colorSeq': 2}]}]",/p/safavieh-kelsey-patio-collection-bar-stool/ppr5008088371?pTmplType=regular&searchTerm=patio+and+outdoor+furniture&geoZip=55057,"[{'message': 'Online Only', 'icon': 'mouse'}, {'message': 'Available for Shipping', 'icon': 'check'}]",False,791,True,432.0,432.0,GIFTWRAP,False,False,2022-09-16T11:09:11,DP0224202107045259M.tif,DP0224202107045277M.tif,,,https://www.jcpenney.com/p/safavieh-kelsey-patio-collection-bar-stool/ppr5008088371?pTmplType=regular&searchTerm=patio+and+outdoor+furniture&geoZip=55057,20251225,patio and outdoor furniture
Chair Hammock,ppr5008235271,4.1053,19.0,450.0,450.0,450.0,450.0,ORIGINAL,False,False,available online only,False,False,original,False,True,"['Included: 1 Hammock Stand(s), 1 Hammock(s)', 'Features: Uv Protection, Quick Ship', 'Manufacturer Warranty: 1 Year', 'Seating Capacity: 2', 'Measurements: 48 Height/Inches, 144 Width/Inches, 55 Depth/Inches']",0.0,0.0,ORIGINAL,False,False,79115910018,USD,more brands,"[{'colorName': 'Red Gold Black', 'swatchImageId': 'DP1024202507120699S.tif', 'colorizedImageId': 'DP1024202507120596M.tif', 'colorSeqNum': 1, 'skuId': '79115910018', 'defaultSwatch': False, 'skuAltImages': [{'imgId': 'DP1024202507120908M.tif', 'colorSeq': 0}, {'imgId': 'DP1024202507120803M.tif', 'colorSeq': 1}, {'imgId': 'DP1024202507121012M.tif', 'colorSeq': 2}]}]",/p/chair-hammock/ppr5008235271?pTmplType=regular&searchTerm=patio+and+outdoor+furniture&geoZip=55057,"[{'message': 'Online Only', 'icon': 'mouse'}, {'message': 'Available for Shipping', 'icon': 'check'}]",False,791,True,405.0,405.0,GIFTWRAP,False,False,2022-05-24T15:05:00,DP1024202507120596M.tif,DP1024202507120908M.tif,,,https://www.jcpenney.com/p/chair-hammock/ppr5008235271?pTmplType=regular&searchTerm=patio+and+outdoor+furniture&geoZip=55057,20251225,patio and outdoor furniture
